AOI,Country,Region,City,Site Name,Description,Method,EO Sensor,Input Data,Indicator code,Time,Measurement Value,Reference Description,Reference time,Reference value,Rule,Indicator Value,Sub-AOI,Y axis,Indicator Name,Color code,Data Provider,AOI_ID,Update Frequency
"50.03417529740082,8.553651954534535",DE,,Frankfurt,Flughafen Frankfurt am Main,Airports: Throughput (archived),Count of airplanes on Sentinel-2 image,Sentinel-2,Sentinel 2 L2A,E13b2,2019-06-24T10:30:29,107.2992701,Average value for 2019,2019,100,"X in [91.03347729104996, 108.96652270895004] --> Normal, X < 91.03347729104996 --> Low, X > 108.96652270895004 --> High",Normal,"POLYGON ((8.491611499999999 50.0381318, 8.4914699 50.0382088, 8.491382700000001 50.0382202, 8.4900027 50.037066, 8.488170999999999 50.0354671, 8.4875016 50.0348721, 8.4884045 50.0344022, 8.4877501 50.033871, 8.492978799999999 50.0313608, 8.494729 50.0331922, 8.4959527 50.0338772, 8.496079099999999 50.0340778, 8.5025935 50.0356394, 8.508748900000001 50.0371085, 8.5089752 50.0371313, 8.5091453 50.0371169, 8.509326700000001 50.0370784, 8.511405999999999 50.0364279, 8.5114181 50.0364193, 8.5115175 50.0362395, 8.511661999999999 50.036108, 8.511860499999999 50.0360505, 8.512161000000001 50.0359546, 8.5126458 50.0358025, 8.5126787 50.0357944, 8.5127164 50.0357931, 8.5127641 50.035794, 8.5128051 50.0357935, 8.5128422 50.0357858, 8.512885199999999 50.0357715, 8.514150300000001 50.0353713, 8.514188799999999 50.0353647, 8.514234399999999 50.0353616, 8.514276799999999 50.0353634, 8.514305800000001 50.0353673, 8.514338199999999 50.0353753, 8.514809400000001 50.0355653, 8.5149428 50.0355227, 8.514968700000001 50.0355144, 8.5149867 50.0354957, 8.5150179 50.0354632, 8.5150457 50.0354342, 8.515079699999999 50.0353987, 8.5151919 50.0354432, 8.515342199999999 50.0353952, 8.515385500000001 50.0353501, 8.515450400000001 50.0352825, 8.5154525 50.0352803, 8.515559700000001 50.0353258, 8.515674600000001 50.035278, 8.5156987 50.0352814, 8.515807799999999 50.0351678, 8.5154654 50.0350286, 8.5171063 50.0345677, 8.517538800000001 50.034523, 8.5178057 50.0345264, 8.519172299999999 50.0346488, 8.5193949 50.034678, 8.520194200000001 50.0347831, 8.520203499999999 50.0348495, 8.520318899999999 50.0348563, 8.5203483 50.0349134, 8.5203588 50.0349925, 8.520545200000001 50.0349977, 8.520494299999999 50.0345093, 8.5204191 50.0338227, 8.5204352 50.0338012, 8.520305199999999 50.0325762, 8.5202393 50.0320774, 8.5199806 50.029505, 8.519949499999999 50.0291317, 8.519926999999999 50.0288873, 8.519932300000001 50.028833, 8.5199284 50.0287948, 8.519780799999999 50.0276062, 8.519692300000001 50.0267773, 8.519703099999999 50.0267436, 8.5196638 50.0267307, 8.5197828 50.0265808, 8.519819699999999 50.0265929, 8.5197419 50.0260269, 8.519584999999999 50.0258667, 8.5195281 50.0256531, 8.5193577 50.0248061, 8.5193052 50.0245451, 8.519316699999999 50.0245342, 8.519314700000001 50.0245182, 8.5193128 50.0245022, 8.5192946 50.0244929, 8.5192537 50.024215, 8.5192272 50.0239787, 8.5192227 50.0237935, 8.519247 50.0236282, 8.5192689 50.023515, 8.5193034 50.0233896, 8.5193624 50.023246, 8.519462900000001 50.0230802, 8.519587700000001 50.0229269, 8.519714199999999 50.0227927, 8.519842499999999 50.022689, 8.519995400000001 50.0225831, 8.520144200000001 50.0224909, 8.520326600000001 50.0223961, 8.5204513 50.022338, 8.5207088 50.022241, 8.520900599999999 50.0221867, 8.5211956 50.0221126, 8.5213941 50.0220695, 8.521732099999999 50.0220118, 8.522017699999999 50.0219713, 8.522357 50.0219342, 8.522617199999999 50.0219127, 8.5229458 50.0218929, 8.523237099999999 50.0218799, 8.523223399999999 50.0217559, 8.5232388 50.0210915, 8.5223963 50.0210538, 8.5220667 50.0210181, 8.5220062 50.0208294, 8.5232054 50.0208654, 8.523365099999999 50.0118255, 8.5219851 50.0118123, 8.5219947 50.0103817, 8.523355499999999 50.0104194, 8.523421300000001 49.9975356, 8.5222537 49.9975329, 8.522256199999999 49.9973253, 8.5223362 49.9971716, 8.5232277 49.9965444, 8.5233431 49.9962164, 8.5235889 49.9959626, 8.522989300000001 49.9944494, 8.5239092 49.9944039, 8.5238806 49.9941595, 8.525566100000001 49.9940545, 8.525919 49.9936448, 8.524976199999999 49.9931741, 8.5278943 49.9928084, 8.5283262 49.9928592, 8.5293533 49.993594, 8.529089900000001 49.9941087, 8.528684399999999 49.9940918, 8.5286264 49.9945218, 8.5289793 49.9946268, 8.528637 49.9953006, 8.529005700000001 49.9952905, 8.5287682 49.9959166, 8.5287212 49.995981, 8.5302591 49.9969823, 8.530216100000001 50.0013428, 8.530135100000001 50.0101605, 8.5300862 50.01517, 8.5300685 50.016437, 8.530020499999999 50.021279, 8.5314578 50.0213467, 8.531901899999999 50.0214461, 8.532185800000001 50.0215326, 8.532212599999999 50.0216446, 8.5325057 50.0229719, 8.532678300000001 50.0231096, 8.5319754 50.023094, 8.531564299999999 50.0229946, 8.5302816 50.0227236, 8.5294569 50.0225315, 8.5294072 50.0226133, 8.5293353 50.0227424, 8.530693299999999 50.0230251, 8.5320429 50.0233309, 8.534035299999999 50.0238208, 8.5351458 50.0240883, 8.5358164 50.0242538, 8.536103499999999 50.0243228, 8.536728 50.0244728, 8.5370864 50.024559, 8.539639599999999 50.0251702, 8.539692799999999 50.0251827, 8.540568800000001 50.023637, 8.541135499999999 50.0231674, 8.5473496 50.0230151, 8.549951699999999 50.0229407, 8.5501281 50.0229542, 8.551811000000001 50.022878, 8.5526433 50.0229187, 8.5546291 50.0232774, 8.555450799999999 50.0232875, 8.5566786 50.0231647, 8.5570126 50.0230794, 8.557148 50.0230449, 8.5574712 50.0229544, 8.5575785 50.0229467, 8.5576495 50.0229381, 8.5584033 50.0227399, 8.558467 50.0227516, 8.558636699999999 50.0227829, 8.5587994 50.0228128, 8.558977199999999 50.022518, 8.5589938 50.0225135, 8.561452299999999 50.0218356, 8.561620599999999 50.0218067, 8.561791400000001 50.0218144, 8.565171899999999 50.0225946, 8.570838699999999 50.0239604, 8.5709453 50.0239668, 8.571024700000001 50.0239359, 8.572127500000001 50.0221253, 8.5726897 50.0219475, 8.5781519 50.0232686, 8.5810897 50.0239956, 8.5820294 50.0232389, 8.582708999999999 50.0227763, 8.582481 50.0225244, 8.58375 50.0220664, 8.584417500000001 50.0222899, 8.5851565 50.0222177, 8.585336099999999 50.0224079, 8.5856595 50.0222462, 8.586296900000001 50.0211608, 8.5864086 50.0210866, 8.5866302 50.0210077, 8.5868146 50.0209933, 8.5870734 50.0210172, 8.5873267 50.0210962, 8.587581800000001 50.0212123, 8.588714100000001 50.0222748, 8.5897346 50.0232212, 8.590907899999999 50.0243124, 8.5910476 50.0243183, 8.591066100000001 50.0243322, 8.5912314 50.0245894, 8.5912875 50.0260607, 8.5916693 50.0278206, 8.592465900000001 50.0301482, 8.5935562 50.0328262, 8.5936352 50.0327586, 8.593680000000001 50.0325556, 8.5939993 50.0332862, 8.593980999999999 50.033391, 8.5938728 50.0336017, 8.5936225 50.0337929, 8.592485999999999 50.0341405, 8.592404 50.034181, 8.5923961 50.0342327, 8.5926928 50.0344955, 8.5930576 50.0349163, 8.5933131 50.0351535, 8.5933574 50.0357432, 8.593764200000001 50.0363744, 8.5954867 50.0371112, 8.595790900000001 50.0374334, 8.5962592 50.0383357, 8.596326899999999 50.0384407, 8.596697000000001 50.039259, 8.596667500000001 50.0393227, 8.5969465 50.0397482, 8.5970668 50.0398498, 8.5973109 50.0402564, 8.5976841 50.0409608, 8.5979572 50.041462, 8.598157499999999 50.0418668, 8.5985665 50.0426559, 8.5988214 50.0431864, 8.599400299999999 50.0443578, 8.5996326 50.044802, 8.5998942 50.045324, 8.600054800000001 50.0455498, 8.600100400000001 50.0457496, 8.600272 50.0461354, 8.600352900000001 50.046404, 8.600696900000001 50.0471147, 8.6008598 50.047484, 8.6010288 50.047825, 8.6012702 50.0484657, 8.601589000000001 50.0492684, 8.601672499999999 50.0495801, 8.6016779 50.0499366, 8.6016967 50.0502638, 8.6016511 50.0506479, 8.6014821 50.0510957, 8.601307800000001 50.051354, 8.6010583 50.0515865, 8.6006158 50.051912, 8.6002107 50.0521187, 8.599816499999999 50.0522823, 8.5993578 50.0523942, 8.597976299999999 50.0525776, 8.597136900000001 50.0526546, 8.5967457 50.052671, 8.5966545 50.0527011, 8.596582099999999 50.0527278, 8.5965173 50.0527724, 8.5964762 50.0528096, 8.5964318 50.052855, 8.5962801 50.0528564, 8.596264100000001 50.0526539, 8.5963379 50.0526229, 8.596543 50.0525927, 8.597201500000001 50.0525566, 8.597540800000001 50.0525247, 8.5980089 50.0524868, 8.598039699999999 50.052467, 8.598668699999999 50.0523895, 8.599101900000001 50.0523249, 8.599430399999999 50.0522552, 8.599703999999999 50.0521777, 8.5999629 50.0520838, 8.6002364 50.051959, 8.600549600000001 50.0517856, 8.600778099999999 50.0516131, 8.600688099999999 50.0515677, 8.6006366 50.051578, 8.6006415 50.0514905, 8.600483199999999 50.0514449, 8.6003638 50.0514225, 8.6001324 50.0514216, 8.600118 50.0517332, 8.5999701 50.0517304, 8.599965600000001 50.0518283, 8.599853 50.0518261, 8.5998494 50.0519027, 8.5991537 50.0518895, 8.5991502 50.0519646, 8.599299500000001 50.0519674, 8.5992958 50.0520488, 8.599268500000001 50.0520483, 8.5992669 50.0520826, 8.599176399999999 50.0520809, 8.5991787 50.0520307, 8.5990439 50.0520281, 8.5990451 50.0520024, 8.5983939 50.0519899, 8.598381699999999 50.0522896, 8.598217699999999 50.0522901, 8.5981872 50.0523266, 8.598071900000001 50.0523731, 8.597768200000001 50.0524069, 8.5972726 50.0524403, 8.5965334 50.0524733, 8.5953816 50.0525247, 8.5939037 50.0525919, 8.5937938 50.0525884, 8.5937053 50.052566, 8.5936649 50.0525341, 8.5936454 50.0524952, 8.593624999999999 50.0521013, 8.5935772 50.0521005, 8.593498500000001 50.0520993, 8.5934978 50.0521188, 8.593448800000001 50.0521181, 8.5934495 50.0520985, 8.5933885 50.0520976, 8.5933168 50.0520965, 8.593317799999999 50.0520685, 8.5932928 50.0520681, 8.5932716 50.0520678, 8.593270800000001 50.0521325, 8.593291300000001 50.0523363, 8.593308 50.0523359, 8.5933478 50.0527309, 8.592725 50.0527568, 8.5927203 50.0527102, 8.5927186 50.052693, 8.5927148 50.0526556, 8.592711700000001 50.0526247, 8.5910259 50.0527272, 8.5883877 50.0529095, 8.587842500000001 50.0527866, 8.5878107 50.0528416, 8.5856142 50.0529096, 8.584232399999999 50.052911, 8.583891599999999 50.0529349, 8.583601099999999 50.0529385, 8.5824009 50.0528915, 8.582058200000001 50.0530793, 8.580820599999999 50.0530647, 8.580735499999999 50.0530113, 8.5801575 50.0530294, 8.580091700000001 50.053032, 8.579799400000001 50.0530397, 8.5795391 50.0530582, 8.5794143 50.0530711, 8.579344600000001 50.0530729, 8.579295 50.0530634, 8.5792521 50.0530427, 8.579214500000001 50.0530109, 8.5791877 50.0529713, 8.579181 50.0529325, 8.5791971 50.0528731, 8.579226800000001 50.0527258, 8.579265599999999 50.0527298, 8.5792907 50.0526283, 8.5792938 50.0526155, 8.579255 50.0526115, 8.5792749 50.0525123, 8.5793245 50.0523659, 8.579354 50.0523048, 8.5793835 50.0522824, 8.5794412 50.0522669, 8.5794757 50.05227, 8.579522300000001 50.0522742, 8.580255899999999 50.0523399, 8.580292500000001 50.0521752, 8.5803037 50.0521246, 8.5804958 50.0513054, 8.580299800000001 50.0512864, 8.580088 50.0512659, 8.579969699999999 50.0512545, 8.579926499999999 50.0512503, 8.5797802 50.0512362, 8.5796846 50.0512297, 8.5796528 50.0512598, 8.579569899999999 50.0512285, 8.5794959 50.0512006, 8.5794362 50.0511978, 8.5793473 50.0511908, 8.5792179 50.0511805, 8.5792269 50.051198, 8.579269099999999 50.0512802, 8.5792474 50.0512848, 8.579198399999999 50.0512952, 8.5791504 50.051309, 8.5791562 50.0513404, 8.579156899999999 50.0513623, 8.5791597 50.0514443, 8.579150800000001 50.0515763, 8.579095799999999 50.0516776, 8.579051700000001 50.0517715, 8.57902 50.0517936, 8.578951099999999 50.051968, 8.5790986 50.0520521, 8.5791179 50.052076, 8.5790503 50.0521548, 8.579008200000001 50.0521717, 8.5789461 50.0521832, 8.5785818 50.0522055, 8.5783197 50.0522183, 8.5779426 50.0522113, 8.577715400000001 50.0521995, 8.5772745 50.0521232, 8.576316800000001 50.0518985, 8.575631100000001 50.0517554, 8.575596900000001 50.0517528, 8.5755976 50.0517403, 8.5754997 50.0517347, 8.575431399999999 50.0517421, 8.5753602 50.0517498, 8.5752971 50.0517687, 8.575209299999999 50.0517511, 8.5752474 50.0516855, 8.5751221 50.0516555, 8.5751264 50.0516481, 8.574804800000001 50.0515706, 8.574759500000001 50.0515599, 8.5747129 50.0516462, 8.5746988 50.0516666, 8.573105099999999 50.0512925, 8.5730453 50.0512782, 8.57302 50.0512721, 8.572991699999999 50.0512653, 8.5702544 50.0506083, 8.5702391 50.0506046, 8.5701959 50.0505943, 8.570173199999999 50.0505889, 8.5701532 50.0505841, 8.5686125 50.0502152, 8.568588999999999 50.0502096, 8.568611799999999 50.0501704, 8.5684547 50.0501308, 8.5672783 50.0498604, 8.567590900000001 50.0492978, 8.567641999999999 50.049183, 8.567095800000001 50.0490497, 8.567076999999999 50.0490452, 8.566716599999999 50.0489591, 8.566691 50.0490025, 8.5665031 50.0493202, 8.566360899999999 50.0493701, 8.5662938 50.049439, 8.5659344 50.0495768, 8.565628800000001 50.0495581, 8.565500999999999 50.0495641, 8.5651916 50.0496581, 8.5651031 50.049538, 8.5649724 50.0495925, 8.5649219 50.0496095, 8.564940699999999 50.0496534, 8.564819699999999 50.0498607, 8.5646912 50.0498317, 8.5646784 50.0498586, 8.5646407 50.0499126, 8.5646038 50.0499529, 8.5645685 50.0499831, 8.564537100000001 50.0500101, 8.5645262 50.0500191, 8.5644803 50.0500502, 8.5644209 50.0501112, 8.5643466 50.0501809, 8.564031399999999 50.0503307, 8.5639623 50.0503251, 8.5639146 50.050302, 8.5632415 50.049935, 8.563159600000001 50.049889, 8.5628454 50.0497125, 8.5626298 50.0495913, 8.5625213 50.0495208, 8.5624006 50.0494046, 8.5623939 50.0493357, 8.5624556 50.0491841, 8.5624907 50.0490855, 8.562613799999999 50.048881, 8.5626546 50.0488159, 8.5627449 50.0486403, 8.562817600000001 50.0485167, 8.562671699999999 50.0484848, 8.5625892 50.0484668, 8.5624985 50.0484469, 8.5623778 50.0486648, 8.562185100000001 50.048619, 8.5620168 50.0489204, 8.562038899999999 50.0489254, 8.5620061 50.048984, 8.5619885 50.04898, 8.5619648 50.0490224, 8.5611023 50.0488237, 8.561126700000001 50.04878, 8.561106799999999 50.0487754, 8.5611421 50.0487123, 8.5609158 50.0486598, 8.561223500000001 50.0484914, 8.5611695 50.0482677, 8.561155299999999 50.0481968, 8.5610859 50.0481807, 8.5611108 50.0481369, 8.5605621 50.0480155, 8.5605463 50.0480466, 8.5604701 50.0480272, 8.560389600000001 50.0480565, 8.559979 50.0479665, 8.5599411 50.0479262, 8.558828999999999 50.0476598, 8.5587941 50.0477189, 8.5586012 50.0476735, 8.5580465 50.0479611, 8.558081100000001 50.0482532, 8.5577269 50.0481714, 8.5575764 50.0481856, 8.557471100000001 50.0481956, 8.552451 50.0470903, 8.551742600000001 50.0468577, 8.5472178 50.0457622, 8.547668099999999 50.0449609, 8.547276200000001 50.0448682, 8.547187299999999 50.0448467, 8.547200500000001 50.0448181, 8.5471635 50.0447389, 8.5467987 50.0446317, 8.5465906 50.0445781, 8.546323299999999 50.044673, 8.546120699999999 50.044735, 8.5458874 50.0448014, 8.5457184 50.0448427, 8.545564199999999 50.0448728, 8.5453583 50.0449081, 8.5451424 50.0449413, 8.5449594 50.0449646, 8.544764900000001 50.0449814, 8.544584499999999 50.0449921, 8.544433 50.0449964, 8.544205 50.0450025, 8.5441802 50.0450343, 8.544156299999999 50.0450267, 8.5439267 50.0449598, 8.543504799999999 50.0448231, 8.5434942 50.0448341, 8.543399900000001 50.0448295, 8.5432623 50.0449819, 8.5432366 50.0450105, 8.5430514 50.0449399, 8.543030099999999 50.0449385, 8.542644900000001 50.044914, 8.540919499999999 50.0448006, 8.5399289 50.0447368, 8.5395086 50.0445669, 8.53938 50.0445705, 8.539236600000001 50.0447029, 8.539162899999999 50.0447748, 8.538448300000001 50.0444884, 8.5383003 50.044485, 8.5382832 50.044502, 8.538111799999999 50.0446749, 8.537542500000001 50.0444381, 8.537351299999999 50.0444166, 8.5372348 50.0445423, 8.5372197 50.0445585, 8.5375441 50.0447038, 8.537616699999999 50.0447408, 8.537880100000001 50.04493, 8.540343 50.0460167, 8.539690500000001 50.0471589, 8.539806499999999 50.0471866, 8.5432953 50.0480184, 8.543321499999999 50.0480298, 8.543334400000001 50.0480406, 8.543319500000001 50.0481827, 8.5432235 50.0481932, 8.5397114 50.0473583, 8.539592799999999 50.04733, 8.5391595 50.0480885, 8.5390999 50.0481835, 8.5385688 50.0482159, 8.537969199999999 50.0482568, 8.537447200000001 50.0483089, 8.5363468 50.0484274, 8.536207299999999 50.0484343, 8.534351300000001 50.0483241, 8.534113899999999 50.0483103, 8.5339744 50.0482827, 8.5333025 50.0481205, 8.5332624 50.048119, 8.532770599999999 50.0480011, 8.5324081 50.0479142, 8.5309218 50.0475569, 8.5308885 50.0475456, 8.5302568 50.0473975, 8.530232 50.0473841, 8.529844000000001 50.0472923, 8.528036800000001 50.0468515, 8.525620099999999 50.0462736, 8.523213500000001 50.0456953, 8.5217013 50.045337, 8.519686999999999 50.0448534, 8.5176835 50.0443726, 8.516481600000001 50.0440991, 8.5150889 50.0437689, 8.5140233 50.0435203, 8.511915399999999 50.0430168, 8.509824399999999 50.0424944, 8.507354100000001 50.0419015, 8.5050816 50.0413575, 8.5044492 50.0412143, 8.504318 50.0407817, 8.503232799999999 50.0409193, 8.502277299999999 50.0406872, 8.500303499999999 50.0402109, 8.4982273 50.0397133, 8.4961132 50.0392102, 8.494967900000001 50.0389332, 8.493790499999999 50.0386571, 8.4926972 50.0383894, 8.491611499999999 50.0381318), (8.5347057 50.0434861, 8.5347217 50.0434702, 8.5347452 50.043447, 8.534776300000001 50.0434162, 8.534804100000001 50.0433887, 8.534837599999999 50.0433556, 8.5348781 50.0433155, 8.5357444 50.0436621, 8.535948299999999 50.0436748, 8.5360227 50.0435998, 8.5360909 50.0435311, 8.5365529 50.0437154, 8.5367104 50.0437274, 8.5367351 50.0437022, 8.536924300000001 50.0435087, 8.5373702 50.0436873, 8.537421399999999 50.0436365, 8.537456000000001 50.0436356, 8.5402798 50.04382, 8.540721400000001 50.0439931, 8.540725800000001 50.0439885, 8.540825099999999 50.0439914, 8.5409916 50.0438202, 8.5409462 50.0438013, 8.5364491 50.0420602, 8.5360026 50.0418761, 8.5359564 50.041857, 8.532752 50.0405829, 8.5323873 50.040428, 8.5313192 50.0400124, 8.5308698 50.0398441, 8.530404000000001 50.0397016, 8.529907700000001 50.0395748, 8.528229899999999 50.0391747, 8.5277788 50.039041, 8.5270966 50.0388778, 8.5264031 50.038689, 8.525758400000001 50.0385653, 8.5251737 50.0384254, 8.5245 50.0382061, 8.523809999999999 50.037932, 8.523119899999999 50.0376568, 8.522549700000001 50.03742, 8.5221339 50.0372567, 8.521707599999999 50.0370687, 8.5216704 50.0370952, 8.5214075 50.0369333, 8.521229399999999 50.0367896, 8.5210311 50.0366011, 8.5209274 50.0364871, 8.520825 50.0363295, 8.5207558 50.0362131, 8.520683500000001 50.0360656, 8.5206398 50.0358403, 8.520623499999999 50.0356693, 8.5204171 50.0356466, 8.5204442 50.0358979, 8.5199064 50.0358219, 8.517951099999999 50.0357069, 8.5176202 50.0357167, 8.5173828 50.035793, 8.5171697 50.0357206, 8.5161459 50.0360361, 8.516081099999999 50.0360634, 8.516213 50.036116, 8.516243299999999 50.0361748, 8.516251799999999 50.0362014, 8.516263500000001 50.0362369, 8.516244199999999 50.0362851, 8.516175499999999 50.036334, 8.516000200000001 50.0364044, 8.5140362 50.0370141, 8.513947 50.0370331, 8.5138599 50.0370297, 8.5133831 50.0369723, 8.513241600000001 50.0370103, 8.5131101 50.037053, 8.512907200000001 50.037125, 8.5126977 50.037219, 8.5125264 50.0373052, 8.5123844 50.0374292, 8.512325799999999 50.0376295, 8.5123921 50.0377771, 8.512474900000001 50.0378842, 8.5126641 50.0380056, 8.512937000000001 50.0381239, 8.513111 50.0381786, 8.5137488 50.0383338, 8.516122899999999 50.038881, 8.517966700000001 50.039328, 8.518202 50.038911, 8.5182666 50.0387947, 8.5183447 50.0387282, 8.518395 50.0387322, 8.5186435 50.0387637, 8.5188313 50.0387964, 8.519007 50.038834, 8.519928800000001 50.0390643, 8.519848700000001 50.0391877, 8.5197521 50.0393373, 8.520027600000001 50.0394031, 8.5202826 50.0393308, 8.520405500000001 50.0393129, 8.520501400000001 50.0392817, 8.520590500000001 50.0392396, 8.5206517 50.0391845, 8.520742500000001 50.0390609, 8.520934199999999 50.0390405, 8.521164799999999 50.0390057, 8.521205 50.0390591, 8.5212667 50.0391048, 8.5213418 50.0391323, 8.5213901 50.0391392, 8.5214578 50.0391392, 8.5214947 50.0391362, 8.5215303 50.0391396, 8.521563799999999 50.0391685, 8.521602 50.0391887, 8.5225034 50.039421, 8.5227547 50.0394857, 8.522851599999999 50.0395107, 8.522354699999999 50.0403806, 8.5260759 50.0412701, 8.5260932 50.0412744, 8.526148299999999 50.0412878, 8.529785499999999 50.04216, 8.5314634 50.0422551, 8.533769899999999 50.0431559, 8.534107799999999 50.0432353, 8.5347057 50.0434861))",Number of parked airplanes, Time series of airport throughput at Flughafen Frankfurt am Main,BLUE,Aerospacelab SPRL,DE6,Archived
"50.03417529740082,8.553651954534535",DE,,Frankfurt,Flughafen Frankfurt am Main,Airports: Throughput (archived),Count of airplanes on Sentinel-2 image,Sentinel-2,Sentinel 2 L2A,E13b2,2019-06-29T10:30:31,97.44525547,Average value for 2019,2019,100,"X in [91.03347729104996, 108.96652270895004] --> Normal, X < 91.03347729104996 --> Low, X > 108.96652270895004 --> High",Normal,"POLYGON ((8.491611499999999 50.0381318, 8.4914699 50.0382088, 8.491382700000001 50.0382202, 8.4900027 50.037066, 8.488170999999999 50.0354671, 8.4875016 50.0348721, 8.4884045 50.0344022, 8.4877501 50.033871, 8.492978799999999 50.0313608, 8.494729 50.0331922, 8.4959527 50.0338772, 8.496079099999999 50.0340778, 8.5025935 50.0356394, 8.508748900000001 50.0371085, 8.5089752 50.0371313, 8.5091453 50.0371169, 8.509326700000001 50.0370784, 8.511405999999999 50.0364279, 8.5114181 50.0364193, 8.5115175 50.0362395, 8.511661999999999 50.036108, 8.511860499999999 50.0360505, 8.512161000000001 50.0359546, 8.5126458 50.0358025, 8.5126787 50.0357944, 8.5127164 50.0357931, 8.5127641 50.035794, 8.5128051 50.0357935, 8.5128422 50.0357858, 8.512885199999999 50.0357715, 8.514150300000001 50.0353713, 8.514188799999999 50.0353647, 8.514234399999999 50.0353616, 8.514276799999999 50.0353634, 8.514305800000001 50.0353673, 8.514338199999999 50.0353753, 8.514809400000001 50.0355653, 8.5149428 50.0355227, 8.514968700000001 50.0355144, 8.5149867 50.0354957, 8.5150179 50.0354632, 8.5150457 50.0354342, 8.515079699999999 50.0353987, 8.5151919 50.0354432, 8.515342199999999 50.0353952, 8.515385500000001 50.0353501, 8.515450400000001 50.0352825, 8.5154525 50.0352803, 8.515559700000001 50.0353258, 8.515674600000001 50.035278, 8.5156987 50.0352814, 8.515807799999999 50.0351678, 8.5154654 50.0350286, 8.5171063 50.0345677, 8.517538800000001 50.034523, 8.5178057 50.0345264, 8.519172299999999 50.0346488, 8.5193949 50.034678, 8.520194200000001 50.0347831, 8.520203499999999 50.0348495, 8.520318899999999 50.0348563, 8.5203483 50.0349134, 8.5203588 50.0349925, 8.520545200000001 50.0349977, 8.520494299999999 50.0345093, 8.5204191 50.0338227, 8.5204352 50.0338012, 8.520305199999999 50.0325762, 8.5202393 50.0320774, 8.5199806 50.029505, 8.519949499999999 50.0291317, 8.519926999999999 50.0288873, 8.519932300000001 50.028833, 8.5199284 50.0287948, 8.519780799999999 50.0276062, 8.519692300000001 50.0267773, 8.519703099999999 50.0267436, 8.5196638 50.0267307, 8.5197828 50.0265808, 8.519819699999999 50.0265929, 8.5197419 50.0260269, 8.519584999999999 50.0258667, 8.5195281 50.0256531, 8.5193577 50.0248061, 8.5193052 50.0245451, 8.519316699999999 50.0245342, 8.519314700000001 50.0245182, 8.5193128 50.0245022, 8.5192946 50.0244929, 8.5192537 50.024215, 8.5192272 50.0239787, 8.5192227 50.0237935, 8.519247 50.0236282, 8.5192689 50.023515, 8.5193034 50.0233896, 8.5193624 50.023246, 8.519462900000001 50.0230802, 8.519587700000001 50.0229269, 8.519714199999999 50.0227927, 8.519842499999999 50.022689, 8.519995400000001 50.0225831, 8.520144200000001 50.0224909, 8.520326600000001 50.0223961, 8.5204513 50.022338, 8.5207088 50.022241, 8.520900599999999 50.0221867, 8.5211956 50.0221126, 8.5213941 50.0220695, 8.521732099999999 50.0220118, 8.522017699999999 50.0219713, 8.522357 50.0219342, 8.522617199999999 50.0219127, 8.5229458 50.0218929, 8.523237099999999 50.0218799, 8.523223399999999 50.0217559, 8.5232388 50.0210915, 8.5223963 50.0210538, 8.5220667 50.0210181, 8.5220062 50.0208294, 8.5232054 50.0208654, 8.523365099999999 50.0118255, 8.5219851 50.0118123, 8.5219947 50.0103817, 8.523355499999999 50.0104194, 8.523421300000001 49.9975356, 8.5222537 49.9975329, 8.522256199999999 49.9973253, 8.5223362 49.9971716, 8.5232277 49.9965444, 8.5233431 49.9962164, 8.5235889 49.9959626, 8.522989300000001 49.9944494, 8.5239092 49.9944039, 8.5238806 49.9941595, 8.525566100000001 49.9940545, 8.525919 49.9936448, 8.524976199999999 49.9931741, 8.5278943 49.9928084, 8.5283262 49.9928592, 8.5293533 49.993594, 8.529089900000001 49.9941087, 8.528684399999999 49.9940918, 8.5286264 49.9945218, 8.5289793 49.9946268, 8.528637 49.9953006, 8.529005700000001 49.9952905, 8.5287682 49.9959166, 8.5287212 49.995981, 8.5302591 49.9969823, 8.530216100000001 50.0013428, 8.530135100000001 50.0101605, 8.5300862 50.01517, 8.5300685 50.016437, 8.530020499999999 50.021279, 8.5314578 50.0213467, 8.531901899999999 50.0214461, 8.532185800000001 50.0215326, 8.532212599999999 50.0216446, 8.5325057 50.0229719, 8.532678300000001 50.0231096, 8.5319754 50.023094, 8.531564299999999 50.0229946, 8.5302816 50.0227236, 8.5294569 50.0225315, 8.5294072 50.0226133, 8.5293353 50.0227424, 8.530693299999999 50.0230251, 8.5320429 50.0233309, 8.534035299999999 50.0238208, 8.5351458 50.0240883, 8.5358164 50.0242538, 8.536103499999999 50.0243228, 8.536728 50.0244728, 8.5370864 50.024559, 8.539639599999999 50.0251702, 8.539692799999999 50.0251827, 8.540568800000001 50.023637, 8.541135499999999 50.0231674, 8.5473496 50.0230151, 8.549951699999999 50.0229407, 8.5501281 50.0229542, 8.551811000000001 50.022878, 8.5526433 50.0229187, 8.5546291 50.0232774, 8.555450799999999 50.0232875, 8.5566786 50.0231647, 8.5570126 50.0230794, 8.557148 50.0230449, 8.5574712 50.0229544, 8.5575785 50.0229467, 8.5576495 50.0229381, 8.5584033 50.0227399, 8.558467 50.0227516, 8.558636699999999 50.0227829, 8.5587994 50.0228128, 8.558977199999999 50.022518, 8.5589938 50.0225135, 8.561452299999999 50.0218356, 8.561620599999999 50.0218067, 8.561791400000001 50.0218144, 8.565171899999999 50.0225946, 8.570838699999999 50.0239604, 8.5709453 50.0239668, 8.571024700000001 50.0239359, 8.572127500000001 50.0221253, 8.5726897 50.0219475, 8.5781519 50.0232686, 8.5810897 50.0239956, 8.5820294 50.0232389, 8.582708999999999 50.0227763, 8.582481 50.0225244, 8.58375 50.0220664, 8.584417500000001 50.0222899, 8.5851565 50.0222177, 8.585336099999999 50.0224079, 8.5856595 50.0222462, 8.586296900000001 50.0211608, 8.5864086 50.0210866, 8.5866302 50.0210077, 8.5868146 50.0209933, 8.5870734 50.0210172, 8.5873267 50.0210962, 8.587581800000001 50.0212123, 8.588714100000001 50.0222748, 8.5897346 50.0232212, 8.590907899999999 50.0243124, 8.5910476 50.0243183, 8.591066100000001 50.0243322, 8.5912314 50.0245894, 8.5912875 50.0260607, 8.5916693 50.0278206, 8.592465900000001 50.0301482, 8.5935562 50.0328262, 8.5936352 50.0327586, 8.593680000000001 50.0325556, 8.5939993 50.0332862, 8.593980999999999 50.033391, 8.5938728 50.0336017, 8.5936225 50.0337929, 8.592485999999999 50.0341405, 8.592404 50.034181, 8.5923961 50.0342327, 8.5926928 50.0344955, 8.5930576 50.0349163, 8.5933131 50.0351535, 8.5933574 50.0357432, 8.593764200000001 50.0363744, 8.5954867 50.0371112, 8.595790900000001 50.0374334, 8.5962592 50.0383357, 8.596326899999999 50.0384407, 8.596697000000001 50.039259, 8.596667500000001 50.0393227, 8.5969465 50.0397482, 8.5970668 50.0398498, 8.5973109 50.0402564, 8.5976841 50.0409608, 8.5979572 50.041462, 8.598157499999999 50.0418668, 8.5985665 50.0426559, 8.5988214 50.0431864, 8.599400299999999 50.0443578, 8.5996326 50.044802, 8.5998942 50.045324, 8.600054800000001 50.0455498, 8.600100400000001 50.0457496, 8.600272 50.0461354, 8.600352900000001 50.046404, 8.600696900000001 50.0471147, 8.6008598 50.047484, 8.6010288 50.047825, 8.6012702 50.0484657, 8.601589000000001 50.0492684, 8.601672499999999 50.0495801, 8.6016779 50.0499366, 8.6016967 50.0502638, 8.6016511 50.0506479, 8.6014821 50.0510957, 8.601307800000001 50.051354, 8.6010583 50.0515865, 8.6006158 50.051912, 8.6002107 50.0521187, 8.599816499999999 50.0522823, 8.5993578 50.0523942, 8.597976299999999 50.0525776, 8.597136900000001 50.0526546, 8.5967457 50.052671, 8.5966545 50.0527011, 8.596582099999999 50.0527278, 8.5965173 50.0527724, 8.5964762 50.0528096, 8.5964318 50.052855, 8.5962801 50.0528564, 8.596264100000001 50.0526539, 8.5963379 50.0526229, 8.596543 50.0525927, 8.597201500000001 50.0525566, 8.597540800000001 50.0525247, 8.5980089 50.0524868, 8.598039699999999 50.052467, 8.598668699999999 50.0523895, 8.599101900000001 50.0523249, 8.599430399999999 50.0522552, 8.599703999999999 50.0521777, 8.5999629 50.0520838, 8.6002364 50.051959, 8.600549600000001 50.0517856, 8.600778099999999 50.0516131, 8.600688099999999 50.0515677, 8.6006366 50.051578, 8.6006415 50.0514905, 8.600483199999999 50.0514449, 8.6003638 50.0514225, 8.6001324 50.0514216, 8.600118 50.0517332, 8.5999701 50.0517304, 8.599965600000001 50.0518283, 8.599853 50.0518261, 8.5998494 50.0519027, 8.5991537 50.0518895, 8.5991502 50.0519646, 8.599299500000001 50.0519674, 8.5992958 50.0520488, 8.599268500000001 50.0520483, 8.5992669 50.0520826, 8.599176399999999 50.0520809, 8.5991787 50.0520307, 8.5990439 50.0520281, 8.5990451 50.0520024, 8.5983939 50.0519899, 8.598381699999999 50.0522896, 8.598217699999999 50.0522901, 8.5981872 50.0523266, 8.598071900000001 50.0523731, 8.597768200000001 50.0524069, 8.5972726 50.0524403, 8.5965334 50.0524733, 8.5953816 50.0525247, 8.5939037 50.0525919, 8.5937938 50.0525884, 8.5937053 50.052566, 8.5936649 50.0525341, 8.5936454 50.0524952, 8.593624999999999 50.0521013, 8.5935772 50.0521005, 8.593498500000001 50.0520993, 8.5934978 50.0521188, 8.593448800000001 50.0521181, 8.5934495 50.0520985, 8.5933885 50.0520976, 8.5933168 50.0520965, 8.593317799999999 50.0520685, 8.5932928 50.0520681, 8.5932716 50.0520678, 8.593270800000001 50.0521325, 8.593291300000001 50.0523363, 8.593308 50.0523359, 8.5933478 50.0527309, 8.592725 50.0527568, 8.5927203 50.0527102, 8.5927186 50.052693, 8.5927148 50.0526556, 8.592711700000001 50.0526247, 8.5910259 50.0527272, 8.5883877 50.0529095, 8.587842500000001 50.0527866, 8.5878107 50.0528416, 8.5856142 50.0529096, 8.584232399999999 50.052911, 8.583891599999999 50.0529349, 8.583601099999999 50.0529385, 8.5824009 50.0528915, 8.582058200000001 50.0530793, 8.580820599999999 50.0530647, 8.580735499999999 50.0530113, 8.5801575 50.0530294, 8.580091700000001 50.053032, 8.579799400000001 50.0530397, 8.5795391 50.0530582, 8.5794143 50.0530711, 8.579344600000001 50.0530729, 8.579295 50.0530634, 8.5792521 50.0530427, 8.579214500000001 50.0530109, 8.5791877 50.0529713, 8.579181 50.0529325, 8.5791971 50.0528731, 8.579226800000001 50.0527258, 8.579265599999999 50.0527298, 8.5792907 50.0526283, 8.5792938 50.0526155, 8.579255 50.0526115, 8.5792749 50.0525123, 8.5793245 50.0523659, 8.579354 50.0523048, 8.5793835 50.0522824, 8.5794412 50.0522669, 8.5794757 50.05227, 8.579522300000001 50.0522742, 8.580255899999999 50.0523399, 8.580292500000001 50.0521752, 8.5803037 50.0521246, 8.5804958 50.0513054, 8.580299800000001 50.0512864, 8.580088 50.0512659, 8.579969699999999 50.0512545, 8.579926499999999 50.0512503, 8.5797802 50.0512362, 8.5796846 50.0512297, 8.5796528 50.0512598, 8.579569899999999 50.0512285, 8.5794959 50.0512006, 8.5794362 50.0511978, 8.5793473 50.0511908, 8.5792179 50.0511805, 8.5792269 50.051198, 8.579269099999999 50.0512802, 8.5792474 50.0512848, 8.579198399999999 50.0512952, 8.5791504 50.051309, 8.5791562 50.0513404, 8.579156899999999 50.0513623, 8.5791597 50.0514443, 8.579150800000001 50.0515763, 8.579095799999999 50.0516776, 8.579051700000001 50.0517715, 8.57902 50.0517936, 8.578951099999999 50.051968, 8.5790986 50.0520521, 8.5791179 50.052076, 8.5790503 50.0521548, 8.579008200000001 50.0521717, 8.5789461 50.0521832, 8.5785818 50.0522055, 8.5783197 50.0522183, 8.5779426 50.0522113, 8.577715400000001 50.0521995, 8.5772745 50.0521232, 8.576316800000001 50.0518985, 8.575631100000001 50.0517554, 8.575596900000001 50.0517528, 8.5755976 50.0517403, 8.5754997 50.0517347, 8.575431399999999 50.0517421, 8.5753602 50.0517498, 8.5752971 50.0517687, 8.575209299999999 50.0517511, 8.5752474 50.0516855, 8.5751221 50.0516555, 8.5751264 50.0516481, 8.574804800000001 50.0515706, 8.574759500000001 50.0515599, 8.5747129 50.0516462, 8.5746988 50.0516666, 8.573105099999999 50.0512925, 8.5730453 50.0512782, 8.57302 50.0512721, 8.572991699999999 50.0512653, 8.5702544 50.0506083, 8.5702391 50.0506046, 8.5701959 50.0505943, 8.570173199999999 50.0505889, 8.5701532 50.0505841, 8.5686125 50.0502152, 8.568588999999999 50.0502096, 8.568611799999999 50.0501704, 8.5684547 50.0501308, 8.5672783 50.0498604, 8.567590900000001 50.0492978, 8.567641999999999 50.049183, 8.567095800000001 50.0490497, 8.567076999999999 50.0490452, 8.566716599999999 50.0489591, 8.566691 50.0490025, 8.5665031 50.0493202, 8.566360899999999 50.0493701, 8.5662938 50.049439, 8.5659344 50.0495768, 8.565628800000001 50.0495581, 8.565500999999999 50.0495641, 8.5651916 50.0496581, 8.5651031 50.049538, 8.5649724 50.0495925, 8.5649219 50.0496095, 8.564940699999999 50.0496534, 8.564819699999999 50.0498607, 8.5646912 50.0498317, 8.5646784 50.0498586, 8.5646407 50.0499126, 8.5646038 50.0499529, 8.5645685 50.0499831, 8.564537100000001 50.0500101, 8.5645262 50.0500191, 8.5644803 50.0500502, 8.5644209 50.0501112, 8.5643466 50.0501809, 8.564031399999999 50.0503307, 8.5639623 50.0503251, 8.5639146 50.050302, 8.5632415 50.049935, 8.563159600000001 50.049889, 8.5628454 50.0497125, 8.5626298 50.0495913, 8.5625213 50.0495208, 8.5624006 50.0494046, 8.5623939 50.0493357, 8.5624556 50.0491841, 8.5624907 50.0490855, 8.562613799999999 50.048881, 8.5626546 50.0488159, 8.5627449 50.0486403, 8.562817600000001 50.0485167, 8.562671699999999 50.0484848, 8.5625892 50.0484668, 8.5624985 50.0484469, 8.5623778 50.0486648, 8.562185100000001 50.048619, 8.5620168 50.0489204, 8.562038899999999 50.0489254, 8.5620061 50.048984, 8.5619885 50.04898, 8.5619648 50.0490224, 8.5611023 50.0488237, 8.561126700000001 50.04878, 8.561106799999999 50.0487754, 8.5611421 50.0487123, 8.5609158 50.0486598, 8.561223500000001 50.0484914, 8.5611695 50.0482677, 8.561155299999999 50.0481968, 8.5610859 50.0481807, 8.5611108 50.0481369, 8.5605621 50.0480155, 8.5605463 50.0480466, 8.5604701 50.0480272, 8.560389600000001 50.0480565, 8.559979 50.0479665, 8.5599411 50.0479262, 8.558828999999999 50.0476598, 8.5587941 50.0477189, 8.5586012 50.0476735, 8.5580465 50.0479611, 8.558081100000001 50.0482532, 8.5577269 50.0481714, 8.5575764 50.0481856, 8.557471100000001 50.0481956, 8.552451 50.0470903, 8.551742600000001 50.0468577, 8.5472178 50.0457622, 8.547668099999999 50.0449609, 8.547276200000001 50.0448682, 8.547187299999999 50.0448467, 8.547200500000001 50.0448181, 8.5471635 50.0447389, 8.5467987 50.0446317, 8.5465906 50.0445781, 8.546323299999999 50.044673, 8.546120699999999 50.044735, 8.5458874 50.0448014, 8.5457184 50.0448427, 8.545564199999999 50.0448728, 8.5453583 50.0449081, 8.5451424 50.0449413, 8.5449594 50.0449646, 8.544764900000001 50.0449814, 8.544584499999999 50.0449921, 8.544433 50.0449964, 8.544205 50.0450025, 8.5441802 50.0450343, 8.544156299999999 50.0450267, 8.5439267 50.0449598, 8.543504799999999 50.0448231, 8.5434942 50.0448341, 8.543399900000001 50.0448295, 8.5432623 50.0449819, 8.5432366 50.0450105, 8.5430514 50.0449399, 8.543030099999999 50.0449385, 8.542644900000001 50.044914, 8.540919499999999 50.0448006, 8.5399289 50.0447368, 8.5395086 50.0445669, 8.53938 50.0445705, 8.539236600000001 50.0447029, 8.539162899999999 50.0447748, 8.538448300000001 50.0444884, 8.5383003 50.044485, 8.5382832 50.044502, 8.538111799999999 50.0446749, 8.537542500000001 50.0444381, 8.537351299999999 50.0444166, 8.5372348 50.0445423, 8.5372197 50.0445585, 8.5375441 50.0447038, 8.537616699999999 50.0447408, 8.537880100000001 50.04493, 8.540343 50.0460167, 8.539690500000001 50.0471589, 8.539806499999999 50.0471866, 8.5432953 50.0480184, 8.543321499999999 50.0480298, 8.543334400000001 50.0480406, 8.543319500000001 50.0481827, 8.5432235 50.0481932, 8.5397114 50.0473583, 8.539592799999999 50.04733, 8.5391595 50.0480885, 8.5390999 50.0481835, 8.5385688 50.0482159, 8.537969199999999 50.0482568, 8.537447200000001 50.0483089, 8.5363468 50.0484274, 8.536207299999999 50.0484343, 8.534351300000001 50.0483241, 8.534113899999999 50.0483103, 8.5339744 50.0482827, 8.5333025 50.0481205, 8.5332624 50.048119, 8.532770599999999 50.0480011, 8.5324081 50.0479142, 8.5309218 50.0475569, 8.5308885 50.0475456, 8.5302568 50.0473975, 8.530232 50.0473841, 8.529844000000001 50.0472923, 8.528036800000001 50.0468515, 8.525620099999999 50.0462736, 8.523213500000001 50.0456953, 8.5217013 50.045337, 8.519686999999999 50.0448534, 8.5176835 50.0443726, 8.516481600000001 50.0440991, 8.5150889 50.0437689, 8.5140233 50.0435203, 8.511915399999999 50.0430168, 8.509824399999999 50.0424944, 8.507354100000001 50.0419015, 8.5050816 50.0413575, 8.5044492 50.0412143, 8.504318 50.0407817, 8.503232799999999 50.0409193, 8.502277299999999 50.0406872, 8.500303499999999 50.0402109, 8.4982273 50.0397133, 8.4961132 50.0392102, 8.494967900000001 50.0389332, 8.493790499999999 50.0386571, 8.4926972 50.0383894, 8.491611499999999 50.0381318), (8.5347057 50.0434861, 8.5347217 50.0434702, 8.5347452 50.043447, 8.534776300000001 50.0434162, 8.534804100000001 50.0433887, 8.534837599999999 50.0433556, 8.5348781 50.0433155, 8.5357444 50.0436621, 8.535948299999999 50.0436748, 8.5360227 50.0435998, 8.5360909 50.0435311, 8.5365529 50.0437154, 8.5367104 50.0437274, 8.5367351 50.0437022, 8.536924300000001 50.0435087, 8.5373702 50.0436873, 8.537421399999999 50.0436365, 8.537456000000001 50.0436356, 8.5402798 50.04382, 8.540721400000001 50.0439931, 8.540725800000001 50.0439885, 8.540825099999999 50.0439914, 8.5409916 50.0438202, 8.5409462 50.0438013, 8.5364491 50.0420602, 8.5360026 50.0418761, 8.5359564 50.041857, 8.532752 50.0405829, 8.5323873 50.040428, 8.5313192 50.0400124, 8.5308698 50.0398441, 8.530404000000001 50.0397016, 8.529907700000001 50.0395748, 8.528229899999999 50.0391747, 8.5277788 50.039041, 8.5270966 50.0388778, 8.5264031 50.038689, 8.525758400000001 50.0385653, 8.5251737 50.0384254, 8.5245 50.0382061, 8.523809999999999 50.037932, 8.523119899999999 50.0376568, 8.522549700000001 50.03742, 8.5221339 50.0372567, 8.521707599999999 50.0370687, 8.5216704 50.0370952, 8.5214075 50.0369333, 8.521229399999999 50.0367896, 8.5210311 50.0366011, 8.5209274 50.0364871, 8.520825 50.0363295, 8.5207558 50.0362131, 8.520683500000001 50.0360656, 8.5206398 50.0358403, 8.520623499999999 50.0356693, 8.5204171 50.0356466, 8.5204442 50.0358979, 8.5199064 50.0358219, 8.517951099999999 50.0357069, 8.5176202 50.0357167, 8.5173828 50.035793, 8.5171697 50.0357206, 8.5161459 50.0360361, 8.516081099999999 50.0360634, 8.516213 50.036116, 8.516243299999999 50.0361748, 8.516251799999999 50.0362014, 8.516263500000001 50.0362369, 8.516244199999999 50.0362851, 8.516175499999999 50.036334, 8.516000200000001 50.0364044, 8.5140362 50.0370141, 8.513947 50.0370331, 8.5138599 50.0370297, 8.5133831 50.0369723, 8.513241600000001 50.0370103, 8.5131101 50.037053, 8.512907200000001 50.037125, 8.5126977 50.037219, 8.5125264 50.0373052, 8.5123844 50.0374292, 8.512325799999999 50.0376295, 8.5123921 50.0377771, 8.512474900000001 50.0378842, 8.5126641 50.0380056, 8.512937000000001 50.0381239, 8.513111 50.0381786, 8.5137488 50.0383338, 8.516122899999999 50.038881, 8.517966700000001 50.039328, 8.518202 50.038911, 8.5182666 50.0387947, 8.5183447 50.0387282, 8.518395 50.0387322, 8.5186435 50.0387637, 8.5188313 50.0387964, 8.519007 50.038834, 8.519928800000001 50.0390643, 8.519848700000001 50.0391877, 8.5197521 50.0393373, 8.520027600000001 50.0394031, 8.5202826 50.0393308, 8.520405500000001 50.0393129, 8.520501400000001 50.0392817, 8.520590500000001 50.0392396, 8.5206517 50.0391845, 8.520742500000001 50.0390609, 8.520934199999999 50.0390405, 8.521164799999999 50.0390057, 8.521205 50.0390591, 8.5212667 50.0391048, 8.5213418 50.0391323, 8.5213901 50.0391392, 8.5214578 50.0391392, 8.5214947 50.0391362, 8.5215303 50.0391396, 8.521563799999999 50.0391685, 8.521602 50.0391887, 8.5225034 50.039421, 8.5227547 50.0394857, 8.522851599999999 50.0395107, 8.522354699999999 50.0403806, 8.5260759 50.0412701, 8.5260932 50.0412744, 8.526148299999999 50.0412878, 8.529785499999999 50.04216, 8.5314634 50.0422551, 8.533769899999999 50.0431559, 8.534107799999999 50.0432353, 8.5347057 50.0434861))",Number of parked airplanes, Time series of airport throughput at Flughafen Frankfurt am Main,BLUE,Aerospacelab SPRL,DE6,Archived
"50.03417529740082,8.553651954534535",DE,,Frankfurt,Flughafen Frankfurt am Main,Airports: Throughput (archived),Count of airplanes on Sentinel-2 image,Sentinel-2,Sentinel 2 L2A,E13b2,2019-07-04T10:30:29,90.87591241,Average value for 2019,2019,100,"X in [91.03347729104996, 108.96652270895004] --> Normal, X < 91.03347729104996 --> Low, X > 108.96652270895004 --> High",Low,"POLYGON ((8.491611499999999 50.0381318, 8.4914699 50.0382088, 8.491382700000001 50.0382202, 8.4900027 50.037066, 8.488170999999999 50.0354671, 8.4875016 50.0348721, 8.4884045 50.0344022, 8.4877501 50.033871, 8.492978799999999 50.0313608, 8.494729 50.0331922, 8.4959527 50.0338772, 8.496079099999999 50.0340778, 8.5025935 50.0356394, 8.508748900000001 50.0371085, 8.5089752 50.0371313, 8.5091453 50.0371169, 8.509326700000001 50.0370784, 8.511405999999999 50.0364279, 8.5114181 50.0364193, 8.5115175 50.0362395, 8.511661999999999 50.036108, 8.511860499999999 50.0360505, 8.512161000000001 50.0359546, 8.5126458 50.0358025, 8.5126787 50.0357944, 8.5127164 50.0357931, 8.5127641 50.035794, 8.5128051 50.0357935, 8.5128422 50.0357858, 8.512885199999999 50.0357715, 8.514150300000001 50.0353713, 8.514188799999999 50.0353647, 8.514234399999999 50.0353616, 8.514276799999999 50.0353634, 8.514305800000001 50.0353673, 8.514338199999999 50.0353753, 8.514809400000001 50.0355653, 8.5149428 50.0355227, 8.514968700000001 50.0355144, 8.5149867 50.0354957, 8.5150179 50.0354632, 8.5150457 50.0354342, 8.515079699999999 50.0353987, 8.5151919 50.0354432, 8.515342199999999 50.0353952, 8.515385500000001 50.0353501, 8.515450400000001 50.0352825, 8.5154525 50.0352803, 8.515559700000001 50.0353258, 8.515674600000001 50.035278, 8.5156987 50.0352814, 8.515807799999999 50.0351678, 8.5154654 50.0350286, 8.5171063 50.0345677, 8.517538800000001 50.034523, 8.5178057 50.0345264, 8.519172299999999 50.0346488, 8.5193949 50.034678, 8.520194200000001 50.0347831, 8.520203499999999 50.0348495, 8.520318899999999 50.0348563, 8.5203483 50.0349134, 8.5203588 50.0349925, 8.520545200000001 50.0349977, 8.520494299999999 50.0345093, 8.5204191 50.0338227, 8.5204352 50.0338012, 8.520305199999999 50.0325762, 8.5202393 50.0320774, 8.5199806 50.029505, 8.519949499999999 50.0291317, 8.519926999999999 50.0288873, 8.519932300000001 50.028833, 8.5199284 50.0287948, 8.519780799999999 50.0276062, 8.519692300000001 50.0267773, 8.519703099999999 50.0267436, 8.5196638 50.0267307, 8.5197828 50.0265808, 8.519819699999999 50.0265929, 8.5197419 50.0260269, 8.519584999999999 50.0258667, 8.5195281 50.0256531, 8.5193577 50.0248061, 8.5193052 50.0245451, 8.519316699999999 50.0245342, 8.519314700000001 50.0245182, 8.5193128 50.0245022, 8.5192946 50.0244929, 8.5192537 50.024215, 8.5192272 50.0239787, 8.5192227 50.0237935, 8.519247 50.0236282, 8.5192689 50.023515, 8.5193034 50.0233896, 8.5193624 50.023246, 8.519462900000001 50.0230802, 8.519587700000001 50.0229269, 8.519714199999999 50.0227927, 8.519842499999999 50.022689, 8.519995400000001 50.0225831, 8.520144200000001 50.0224909, 8.520326600000001 50.0223961, 8.5204513 50.022338, 8.5207088 50.022241, 8.520900599999999 50.0221867, 8.5211956 50.0221126, 8.5213941 50.0220695, 8.521732099999999 50.0220118, 8.522017699999999 50.0219713, 8.522357 50.0219342, 8.522617199999999 50.0219127, 8.5229458 50.0218929, 8.523237099999999 50.0218799, 8.523223399999999 50.0217559, 8.5232388 50.0210915, 8.5223963 50.0210538, 8.5220667 50.0210181, 8.5220062 50.0208294, 8.5232054 50.0208654, 8.523365099999999 50.0118255, 8.5219851 50.0118123, 8.5219947 50.0103817, 8.523355499999999 50.0104194, 8.523421300000001 49.9975356, 8.5222537 49.9975329, 8.522256199999999 49.9973253, 8.5223362 49.9971716, 8.5232277 49.9965444, 8.5233431 49.9962164, 8.5235889 49.9959626, 8.522989300000001 49.9944494, 8.5239092 49.9944039, 8.5238806 49.9941595, 8.525566100000001 49.9940545, 8.525919 49.9936448, 8.524976199999999 49.9931741, 8.5278943 49.9928084, 8.5283262 49.9928592, 8.5293533 49.993594, 8.529089900000001 49.9941087, 8.528684399999999 49.9940918, 8.5286264 49.9945218, 8.5289793 49.9946268, 8.528637 49.9953006, 8.529005700000001 49.9952905, 8.5287682 49.9959166, 8.5287212 49.995981, 8.5302591 49.9969823, 8.530216100000001 50.0013428, 8.530135100000001 50.0101605, 8.5300862 50.01517, 8.5300685 50.016437, 8.530020499999999 50.021279, 8.5314578 50.0213467, 8.531901899999999 50.0214461, 8.532185800000001 50.0215326, 8.532212599999999 50.0216446, 8.5325057 50.0229719, 8.532678300000001 50.0231096, 8.5319754 50.023094, 8.531564299999999 50.0229946, 8.5302816 50.0227236, 8.5294569 50.0225315, 8.5294072 50.0226133, 8.5293353 50.0227424, 8.530693299999999 50.0230251, 8.5320429 50.0233309, 8.534035299999999 50.0238208, 8.5351458 50.0240883, 8.5358164 50.0242538, 8.536103499999999 50.0243228, 8.536728 50.0244728, 8.5370864 50.024559, 8.539639599999999 50.0251702, 8.539692799999999 50.0251827, 8.540568800000001 50.023637, 8.541135499999999 50.0231674, 8.5473496 50.0230151, 8.549951699999999 50.0229407, 8.5501281 50.0229542, 8.551811000000001 50.022878, 8.5526433 50.0229187, 8.5546291 50.0232774, 8.555450799999999 50.0232875, 8.5566786 50.0231647, 8.5570126 50.0230794, 8.557148 50.0230449, 8.5574712 50.0229544, 8.5575785 50.0229467, 8.5576495 50.0229381, 8.5584033 50.0227399, 8.558467 50.0227516, 8.558636699999999 50.0227829, 8.5587994 50.0228128, 8.558977199999999 50.022518, 8.5589938 50.0225135, 8.561452299999999 50.0218356, 8.561620599999999 50.0218067, 8.561791400000001 50.0218144, 8.565171899999999 50.0225946, 8.570838699999999 50.0239604, 8.5709453 50.0239668, 8.571024700000001 50.0239359, 8.572127500000001 50.0221253, 8.5726897 50.0219475, 8.5781519 50.0232686, 8.5810897 50.0239956, 8.5820294 50.0232389, 8.582708999999999 50.0227763, 8.582481 50.0225244, 8.58375 50.0220664, 8.584417500000001 50.0222899, 8.5851565 50.0222177, 8.585336099999999 50.0224079, 8.5856595 50.0222462, 8.586296900000001 50.0211608, 8.5864086 50.0210866, 8.5866302 50.0210077, 8.5868146 50.0209933, 8.5870734 50.0210172, 8.5873267 50.0210962, 8.587581800000001 50.0212123, 8.588714100000001 50.0222748, 8.5897346 50.0232212, 8.590907899999999 50.0243124, 8.5910476 50.0243183, 8.591066100000001 50.0243322, 8.5912314 50.0245894, 8.5912875 50.0260607, 8.5916693 50.0278206, 8.592465900000001 50.0301482, 8.5935562 50.0328262, 8.5936352 50.0327586, 8.593680000000001 50.0325556, 8.5939993 50.0332862, 8.593980999999999 50.033391, 8.5938728 50.0336017, 8.5936225 50.0337929, 8.592485999999999 50.0341405, 8.592404 50.034181, 8.5923961 50.0342327, 8.5926928 50.0344955, 8.5930576 50.0349163, 8.5933131 50.0351535, 8.5933574 50.0357432, 8.593764200000001 50.0363744, 8.5954867 50.0371112, 8.595790900000001 50.0374334, 8.5962592 50.0383357, 8.596326899999999 50.0384407, 8.596697000000001 50.039259, 8.596667500000001 50.0393227, 8.5969465 50.0397482, 8.5970668 50.0398498, 8.5973109 50.0402564, 8.5976841 50.0409608, 8.5979572 50.041462, 8.598157499999999 50.0418668, 8.5985665 50.0426559, 8.5988214 50.0431864, 8.599400299999999 50.0443578, 8.5996326 50.044802, 8.5998942 50.045324, 8.600054800000001 50.0455498, 8.600100400000001 50.0457496, 8.600272 50.0461354, 8.600352900000001 50.046404, 8.600696900000001 50.0471147, 8.6008598 50.047484, 8.6010288 50.047825, 8.6012702 50.0484657, 8.601589000000001 50.0492684, 8.601672499999999 50.0495801, 8.6016779 50.0499366, 8.6016967 50.0502638, 8.6016511 50.0506479, 8.6014821 50.0510957, 8.601307800000001 50.051354, 8.6010583 50.0515865, 8.6006158 50.051912, 8.6002107 50.0521187, 8.599816499999999 50.0522823, 8.5993578 50.0523942, 8.597976299999999 50.0525776, 8.597136900000001 50.0526546, 8.5967457 50.052671, 8.5966545 50.0527011, 8.596582099999999 50.0527278, 8.5965173 50.0527724, 8.5964762 50.0528096, 8.5964318 50.052855, 8.5962801 50.0528564, 8.596264100000001 50.0526539, 8.5963379 50.0526229, 8.596543 50.0525927, 8.597201500000001 50.0525566, 8.597540800000001 50.0525247, 8.5980089 50.0524868, 8.598039699999999 50.052467, 8.598668699999999 50.0523895, 8.599101900000001 50.0523249, 8.599430399999999 50.0522552, 8.599703999999999 50.0521777, 8.5999629 50.0520838, 8.6002364 50.051959, 8.600549600000001 50.0517856, 8.600778099999999 50.0516131, 8.600688099999999 50.0515677, 8.6006366 50.051578, 8.6006415 50.0514905, 8.600483199999999 50.0514449, 8.6003638 50.0514225, 8.6001324 50.0514216, 8.600118 50.0517332, 8.5999701 50.0517304, 8.599965600000001 50.0518283, 8.599853 50.0518261, 8.5998494 50.0519027, 8.5991537 50.0518895, 8.5991502 50.0519646, 8.599299500000001 50.0519674, 8.5992958 50.0520488, 8.599268500000001 50.0520483, 8.5992669 50.0520826, 8.599176399999999 50.0520809, 8.5991787 50.0520307, 8.5990439 50.0520281, 8.5990451 50.0520024, 8.5983939 50.0519899, 8.598381699999999 50.0522896, 8.598217699999999 50.0522901, 8.5981872 50.0523266, 8.598071900000001 50.0523731, 8.597768200000001 50.0524069, 8.5972726 50.0524403, 8.5965334 50.0524733, 8.5953816 50.0525247, 8.5939037 50.0525919, 8.5937938 50.0525884, 8.5937053 50.052566, 8.5936649 50.0525341, 8.5936454 50.0524952, 8.593624999999999 50.0521013, 8.5935772 50.0521005, 8.593498500000001 50.0520993, 8.5934978 50.0521188, 8.593448800000001 50.0521181, 8.5934495 50.0520985, 8.5933885 50.0520976, 8.5933168 50.0520965, 8.593317799999999 50.0520685, 8.5932928 50.0520681, 8.5932716 50.0520678, 8.593270800000001 50.0521325, 8.593291300000001 50.0523363, 8.593308 50.0523359, 8.5933478 50.0527309, 8.592725 50.0527568, 8.5927203 50.0527102, 8.5927186 50.052693, 8.5927148 50.0526556, 8.592711700000001 50.0526247, 8.5910259 50.0527272, 8.5883877 50.0529095, 8.587842500000001 50.0527866, 8.5878107 50.0528416, 8.5856142 50.0529096, 8.584232399999999 50.052911, 8.583891599999999 50.0529349, 8.583601099999999 50.0529385, 8.5824009 50.0528915, 8.582058200000001 50.0530793, 8.580820599999999 50.0530647, 8.580735499999999 50.0530113, 8.5801575 50.0530294, 8.580091700000001 50.053032, 8.579799400000001 50.0530397, 8.5795391 50.0530582, 8.5794143 50.0530711, 8.579344600000001 50.0530729, 8.579295 50.0530634, 8.5792521 50.0530427, 8.579214500000001 50.0530109, 8.5791877 50.0529713, 8.579181 50.0529325, 8.5791971 50.0528731, 8.579226800000001 50.0527258, 8.579265599999999 50.0527298, 8.5792907 50.0526283, 8.5792938 50.0526155, 8.579255 50.0526115, 8.5792749 50.0525123, 8.5793245 50.0523659, 8.579354 50.0523048, 8.5793835 50.0522824, 8.5794412 50.0522669, 8.5794757 50.05227, 8.579522300000001 50.0522742, 8.580255899999999 50.0523399, 8.580292500000001 50.0521752, 8.5803037 50.0521246, 8.5804958 50.0513054, 8.580299800000001 50.0512864, 8.580088 50.0512659, 8.579969699999999 50.0512545, 8.579926499999999 50.0512503, 8.5797802 50.0512362, 8.5796846 50.0512297, 8.5796528 50.0512598, 8.579569899999999 50.0512285, 8.5794959 50.0512006, 8.5794362 50.0511978, 8.5793473 50.0511908, 8.5792179 50.0511805, 8.5792269 50.051198, 8.579269099999999 50.0512802, 8.5792474 50.0512848, 8.579198399999999 50.0512952, 8.5791504 50.051309, 8.5791562 50.0513404, 8.579156899999999 50.0513623, 8.5791597 50.0514443, 8.579150800000001 50.0515763, 8.579095799999999 50.0516776, 8.579051700000001 50.0517715, 8.57902 50.0517936, 8.578951099999999 50.051968, 8.5790986 50.0520521, 8.5791179 50.052076, 8.5790503 50.0521548, 8.579008200000001 50.0521717, 8.5789461 50.0521832, 8.5785818 50.0522055, 8.5783197 50.0522183, 8.5779426 50.0522113, 8.577715400000001 50.0521995, 8.5772745 50.0521232, 8.576316800000001 50.0518985, 8.575631100000001 50.0517554, 8.575596900000001 50.0517528, 8.5755976 50.0517403, 8.5754997 50.0517347, 8.575431399999999 50.0517421, 8.5753602 50.0517498, 8.5752971 50.0517687, 8.575209299999999 50.0517511, 8.5752474 50.0516855, 8.5751221 50.0516555, 8.5751264 50.0516481, 8.574804800000001 50.0515706, 8.574759500000001 50.0515599, 8.5747129 50.0516462, 8.5746988 50.0516666, 8.573105099999999 50.0512925, 8.5730453 50.0512782, 8.57302 50.0512721, 8.572991699999999 50.0512653, 8.5702544 50.0506083, 8.5702391 50.0506046, 8.5701959 50.0505943, 8.570173199999999 50.0505889, 8.5701532 50.0505841, 8.5686125 50.0502152, 8.568588999999999 50.0502096, 8.568611799999999 50.0501704, 8.5684547 50.0501308, 8.5672783 50.0498604, 8.567590900000001 50.0492978, 8.567641999999999 50.049183, 8.567095800000001 50.0490497, 8.567076999999999 50.0490452, 8.566716599999999 50.0489591, 8.566691 50.0490025, 8.5665031 50.0493202, 8.566360899999999 50.0493701, 8.5662938 50.049439, 8.5659344 50.0495768, 8.565628800000001 50.0495581, 8.565500999999999 50.0495641, 8.5651916 50.0496581, 8.5651031 50.049538, 8.5649724 50.0495925, 8.5649219 50.0496095, 8.564940699999999 50.0496534, 8.564819699999999 50.0498607, 8.5646912 50.0498317, 8.5646784 50.0498586, 8.5646407 50.0499126, 8.5646038 50.0499529, 8.5645685 50.0499831, 8.564537100000001 50.0500101, 8.5645262 50.0500191, 8.5644803 50.0500502, 8.5644209 50.0501112, 8.5643466 50.0501809, 8.564031399999999 50.0503307, 8.5639623 50.0503251, 8.5639146 50.050302, 8.5632415 50.049935, 8.563159600000001 50.049889, 8.5628454 50.0497125, 8.5626298 50.0495913, 8.5625213 50.0495208, 8.5624006 50.0494046, 8.5623939 50.0493357, 8.5624556 50.0491841, 8.5624907 50.0490855, 8.562613799999999 50.048881, 8.5626546 50.0488159, 8.5627449 50.0486403, 8.562817600000001 50.0485167, 8.562671699999999 50.0484848, 8.5625892 50.0484668, 8.5624985 50.0484469, 8.5623778 50.0486648, 8.562185100000001 50.048619, 8.5620168 50.0489204, 8.562038899999999 50.0489254, 8.5620061 50.048984, 8.5619885 50.04898, 8.5619648 50.0490224, 8.5611023 50.0488237, 8.561126700000001 50.04878, 8.561106799999999 50.0487754, 8.5611421 50.0487123, 8.5609158 50.0486598, 8.561223500000001 50.0484914, 8.5611695 50.0482677, 8.561155299999999 50.0481968, 8.5610859 50.0481807, 8.5611108 50.0481369, 8.5605621 50.0480155, 8.5605463 50.0480466, 8.5604701 50.0480272, 8.560389600000001 50.0480565, 8.559979 50.0479665, 8.5599411 50.0479262, 8.558828999999999 50.0476598, 8.5587941 50.0477189, 8.5586012 50.0476735, 8.5580465 50.0479611, 8.558081100000001 50.0482532, 8.5577269 50.0481714, 8.5575764 50.0481856, 8.557471100000001 50.0481956, 8.552451 50.0470903, 8.551742600000001 50.0468577, 8.5472178 50.0457622, 8.547668099999999 50.0449609, 8.547276200000001 50.0448682, 8.547187299999999 50.0448467, 8.547200500000001 50.0448181, 8.5471635 50.0447389, 8.5467987 50.0446317, 8.5465906 50.0445781, 8.546323299999999 50.044673, 8.546120699999999 50.044735, 8.5458874 50.0448014, 8.5457184 50.0448427, 8.545564199999999 50.0448728, 8.5453583 50.0449081, 8.5451424 50.0449413, 8.5449594 50.0449646, 8.544764900000001 50.0449814, 8.544584499999999 50.0449921, 8.544433 50.0449964, 8.544205 50.0450025, 8.5441802 50.0450343, 8.544156299999999 50.0450267, 8.5439267 50.0449598, 8.543504799999999 50.0448231, 8.5434942 50.0448341, 8.543399900000001 50.0448295, 8.5432623 50.0449819, 8.5432366 50.0450105, 8.5430514 50.0449399, 8.543030099999999 50.0449385, 8.542644900000001 50.044914, 8.540919499999999 50.0448006, 8.5399289 50.0447368, 8.5395086 50.0445669, 8.53938 50.0445705, 8.539236600000001 50.0447029, 8.539162899999999 50.0447748, 8.538448300000001 50.0444884, 8.5383003 50.044485, 8.5382832 50.044502, 8.538111799999999 50.0446749, 8.537542500000001 50.0444381, 8.537351299999999 50.0444166, 8.5372348 50.0445423, 8.5372197 50.0445585, 8.5375441 50.0447038, 8.537616699999999 50.0447408, 8.537880100000001 50.04493, 8.540343 50.0460167, 8.539690500000001 50.0471589, 8.539806499999999 50.0471866, 8.5432953 50.0480184, 8.543321499999999 50.0480298, 8.543334400000001 50.0480406, 8.543319500000001 50.0481827, 8.5432235 50.0481932, 8.5397114 50.0473583, 8.539592799999999 50.04733, 8.5391595 50.0480885, 8.5390999 50.0481835, 8.5385688 50.0482159, 8.537969199999999 50.0482568, 8.537447200000001 50.0483089, 8.5363468 50.0484274, 8.536207299999999 50.0484343, 8.534351300000001 50.0483241, 8.534113899999999 50.0483103, 8.5339744 50.0482827, 8.5333025 50.0481205, 8.5332624 50.048119, 8.532770599999999 50.0480011, 8.5324081 50.0479142, 8.5309218 50.0475569, 8.5308885 50.0475456, 8.5302568 50.0473975, 8.530232 50.0473841, 8.529844000000001 50.0472923, 8.528036800000001 50.0468515, 8.525620099999999 50.0462736, 8.523213500000001 50.0456953, 8.5217013 50.045337, 8.519686999999999 50.0448534, 8.5176835 50.0443726, 8.516481600000001 50.0440991, 8.5150889 50.0437689, 8.5140233 50.0435203, 8.511915399999999 50.0430168, 8.509824399999999 50.0424944, 8.507354100000001 50.0419015, 8.5050816 50.0413575, 8.5044492 50.0412143, 8.504318 50.0407817, 8.503232799999999 50.0409193, 8.502277299999999 50.0406872, 8.500303499999999 50.0402109, 8.4982273 50.0397133, 8.4961132 50.0392102, 8.494967900000001 50.0389332, 8.493790499999999 50.0386571, 8.4926972 50.0383894, 8.491611499999999 50.0381318), (8.5347057 50.0434861, 8.5347217 50.0434702, 8.5347452 50.043447, 8.534776300000001 50.0434162, 8.534804100000001 50.0433887, 8.534837599999999 50.0433556, 8.5348781 50.0433155, 8.5357444 50.0436621, 8.535948299999999 50.0436748, 8.5360227 50.0435998, 8.5360909 50.0435311, 8.5365529 50.0437154, 8.5367104 50.0437274, 8.5367351 50.0437022, 8.536924300000001 50.0435087, 8.5373702 50.0436873, 8.537421399999999 50.0436365, 8.537456000000001 50.0436356, 8.5402798 50.04382, 8.540721400000001 50.0439931, 8.540725800000001 50.0439885, 8.540825099999999 50.0439914, 8.5409916 50.0438202, 8.5409462 50.0438013, 8.5364491 50.0420602, 8.5360026 50.0418761, 8.5359564 50.041857, 8.532752 50.0405829, 8.5323873 50.040428, 8.5313192 50.0400124, 8.5308698 50.0398441, 8.530404000000001 50.0397016, 8.529907700000001 50.0395748, 8.528229899999999 50.0391747, 8.5277788 50.039041, 8.5270966 50.0388778, 8.5264031 50.038689, 8.525758400000001 50.0385653, 8.5251737 50.0384254, 8.5245 50.0382061, 8.523809999999999 50.037932, 8.523119899999999 50.0376568, 8.522549700000001 50.03742, 8.5221339 50.0372567, 8.521707599999999 50.0370687, 8.5216704 50.0370952, 8.5214075 50.0369333, 8.521229399999999 50.0367896, 8.5210311 50.0366011, 8.5209274 50.0364871, 8.520825 50.0363295, 8.5207558 50.0362131, 8.520683500000001 50.0360656, 8.5206398 50.0358403, 8.520623499999999 50.0356693, 8.5204171 50.0356466, 8.5204442 50.0358979, 8.5199064 50.0358219, 8.517951099999999 50.0357069, 8.5176202 50.0357167, 8.5173828 50.035793, 8.5171697 50.0357206, 8.5161459 50.0360361, 8.516081099999999 50.0360634, 8.516213 50.036116, 8.516243299999999 50.0361748, 8.516251799999999 50.0362014, 8.516263500000001 50.0362369, 8.516244199999999 50.0362851, 8.516175499999999 50.036334, 8.516000200000001 50.0364044, 8.5140362 50.0370141, 8.513947 50.0370331, 8.5138599 50.0370297, 8.5133831 50.0369723, 8.513241600000001 50.0370103, 8.5131101 50.037053, 8.512907200000001 50.037125, 8.5126977 50.037219, 8.5125264 50.0373052, 8.5123844 50.0374292, 8.512325799999999 50.0376295, 8.5123921 50.0377771, 8.512474900000001 50.0378842, 8.5126641 50.0380056, 8.512937000000001 50.0381239, 8.513111 50.0381786, 8.5137488 50.0383338, 8.516122899999999 50.038881, 8.517966700000001 50.039328, 8.518202 50.038911, 8.5182666 50.0387947, 8.5183447 50.0387282, 8.518395 50.0387322, 8.5186435 50.0387637, 8.5188313 50.0387964, 8.519007 50.038834, 8.519928800000001 50.0390643, 8.519848700000001 50.0391877, 8.5197521 50.0393373, 8.520027600000001 50.0394031, 8.5202826 50.0393308, 8.520405500000001 50.0393129, 8.520501400000001 50.0392817, 8.520590500000001 50.0392396, 8.5206517 50.0391845, 8.520742500000001 50.0390609, 8.520934199999999 50.0390405, 8.521164799999999 50.0390057, 8.521205 50.0390591, 8.5212667 50.0391048, 8.5213418 50.0391323, 8.5213901 50.0391392, 8.5214578 50.0391392, 8.5214947 50.0391362, 8.5215303 50.0391396, 8.521563799999999 50.0391685, 8.521602 50.0391887, 8.5225034 50.039421, 8.5227547 50.0394857, 8.522851599999999 50.0395107, 8.522354699999999 50.0403806, 8.5260759 50.0412701, 8.5260932 50.0412744, 8.526148299999999 50.0412878, 8.529785499999999 50.04216, 8.5314634 50.0422551, 8.533769899999999 50.0431559, 8.534107799999999 50.0432353, 8.5347057 50.0434861))",Number of parked airplanes, Time series of airport throughput at Flughafen Frankfurt am Main,GREEN,Aerospacelab SPRL,DE6,Archived
"50.03417529740082,8.553651954534535",DE,,Frankfurt,Flughafen Frankfurt am Main,Airports: Throughput (archived),Count of airplanes on Sentinel-2 image,Sentinel-2,Sentinel 2 L2A,E13b2,2019-07-24T10:30:29,98.54014599,Average value for 2019,2019,100,"X in [91.03347729104996, 108.96652270895004] --> Normal, X < 91.03347729104996 --> Low, X > 108.96652270895004 --> High",Normal,"POLYGON ((8.491611499999999 50.0381318, 8.4914699 50.0382088, 8.491382700000001 50.0382202, 8.4900027 50.037066, 8.488170999999999 50.0354671, 8.4875016 50.0348721, 8.4884045 50.0344022, 8.4877501 50.033871, 8.492978799999999 50.0313608, 8.494729 50.0331922, 8.4959527 50.0338772, 8.496079099999999 50.0340778, 8.5025935 50.0356394, 8.508748900000001 50.0371085, 8.5089752 50.0371313, 8.5091453 50.0371169, 8.509326700000001 50.0370784, 8.511405999999999 50.0364279, 8.5114181 50.0364193, 8.5115175 50.0362395, 8.511661999999999 50.036108, 8.511860499999999 50.0360505, 8.512161000000001 50.0359546, 8.5126458 50.0358025, 8.5126787 50.0357944, 8.5127164 50.0357931, 8.5127641 50.035794, 8.5128051 50.0357935, 8.5128422 50.0357858, 8.512885199999999 50.0357715, 8.514150300000001 50.0353713, 8.514188799999999 50.0353647, 8.514234399999999 50.0353616, 8.514276799999999 50.0353634, 8.514305800000001 50.0353673, 8.514338199999999 50.0353753, 8.514809400000001 50.0355653, 8.5149428 50.0355227, 8.514968700000001 50.0355144, 8.5149867 50.0354957, 8.5150179 50.0354632, 8.5150457 50.0354342, 8.515079699999999 50.0353987, 8.5151919 50.0354432, 8.515342199999999 50.0353952, 8.515385500000001 50.0353501, 8.515450400000001 50.0352825, 8.5154525 50.0352803, 8.515559700000001 50.0353258, 8.515674600000001 50.035278, 8.5156987 50.0352814, 8.515807799999999 50.0351678, 8.5154654 50.0350286, 8.5171063 50.0345677, 8.517538800000001 50.034523, 8.5178057 50.0345264, 8.519172299999999 50.0346488, 8.5193949 50.034678, 8.520194200000001 50.0347831, 8.520203499999999 50.0348495, 8.520318899999999 50.0348563, 8.5203483 50.0349134, 8.5203588 50.0349925, 8.520545200000001 50.0349977, 8.520494299999999 50.0345093, 8.5204191 50.0338227, 8.5204352 50.0338012, 8.520305199999999 50.0325762, 8.5202393 50.0320774, 8.5199806 50.029505, 8.519949499999999 50.0291317, 8.519926999999999 50.0288873, 8.519932300000001 50.028833, 8.5199284 50.0287948, 8.519780799999999 50.0276062, 8.519692300000001 50.0267773, 8.519703099999999 50.0267436, 8.5196638 50.0267307, 8.5197828 50.0265808, 8.519819699999999 50.0265929, 8.5197419 50.0260269, 8.519584999999999 50.0258667, 8.5195281 50.0256531, 8.5193577 50.0248061, 8.5193052 50.0245451, 8.519316699999999 50.0245342, 8.519314700000001 50.0245182, 8.5193128 50.0245022, 8.5192946 50.0244929, 8.5192537 50.024215, 8.5192272 50.0239787, 8.5192227 50.0237935, 8.519247 50.0236282, 8.5192689 50.023515, 8.5193034 50.0233896, 8.5193624 50.023246, 8.519462900000001 50.0230802, 8.519587700000001 50.0229269, 8.519714199999999 50.0227927, 8.519842499999999 50.022689, 8.519995400000001 50.0225831, 8.520144200000001 50.0224909, 8.520326600000001 50.0223961, 8.5204513 50.022338, 8.5207088 50.022241, 8.520900599999999 50.0221867, 8.5211956 50.0221126, 8.5213941 50.0220695, 8.521732099999999 50.0220118, 8.522017699999999 50.0219713, 8.522357 50.0219342, 8.522617199999999 50.0219127, 8.5229458 50.0218929, 8.523237099999999 50.0218799, 8.523223399999999 50.0217559, 8.5232388 50.0210915, 8.5223963 50.0210538, 8.5220667 50.0210181, 8.5220062 50.0208294, 8.5232054 50.0208654, 8.523365099999999 50.0118255, 8.5219851 50.0118123, 8.5219947 50.0103817, 8.523355499999999 50.0104194, 8.523421300000001 49.9975356, 8.5222537 49.9975329, 8.522256199999999 49.9973253, 8.5223362 49.9971716, 8.5232277 49.9965444, 8.5233431 49.9962164, 8.5235889 49.9959626, 8.522989300000001 49.9944494, 8.5239092 49.9944039, 8.5238806 49.9941595, 8.525566100000001 49.9940545, 8.525919 49.9936448, 8.524976199999999 49.9931741, 8.5278943 49.9928084, 8.5283262 49.9928592, 8.5293533 49.993594, 8.529089900000001 49.9941087, 8.528684399999999 49.9940918, 8.5286264 49.9945218, 8.5289793 49.9946268, 8.528637 49.9953006, 8.529005700000001 49.9952905, 8.5287682 49.9959166, 8.5287212 49.995981, 8.5302591 49.9969823, 8.530216100000001 50.0013428, 8.530135100000001 50.0101605, 8.5300862 50.01517, 8.5300685 50.016437, 8.530020499999999 50.021279, 8.5314578 50.0213467, 8.531901899999999 50.0214461, 8.532185800000001 50.0215326, 8.532212599999999 50.0216446, 8.5325057 50.0229719, 8.532678300000001 50.0231096, 8.5319754 50.023094, 8.531564299999999 50.0229946, 8.5302816 50.0227236, 8.5294569 50.0225315, 8.5294072 50.0226133, 8.5293353 50.0227424, 8.530693299999999 50.0230251, 8.5320429 50.0233309, 8.534035299999999 50.0238208, 8.5351458 50.0240883, 8.5358164 50.0242538, 8.536103499999999 50.0243228, 8.536728 50.0244728, 8.5370864 50.024559, 8.539639599999999 50.0251702, 8.539692799999999 50.0251827, 8.540568800000001 50.023637, 8.541135499999999 50.0231674, 8.5473496 50.0230151, 8.549951699999999 50.0229407, 8.5501281 50.0229542, 8.551811000000001 50.022878, 8.5526433 50.0229187, 8.5546291 50.0232774, 8.555450799999999 50.0232875, 8.5566786 50.0231647, 8.5570126 50.0230794, 8.557148 50.0230449, 8.5574712 50.0229544, 8.5575785 50.0229467, 8.5576495 50.0229381, 8.5584033 50.0227399, 8.558467 50.0227516, 8.558636699999999 50.0227829, 8.5587994 50.0228128, 8.558977199999999 50.022518, 8.5589938 50.0225135, 8.561452299999999 50.0218356, 8.561620599999999 50.0218067, 8.561791400000001 50.0218144, 8.565171899999999 50.0225946, 8.570838699999999 50.0239604, 8.5709453 50.0239668, 8.571024700000001 50.0239359, 8.572127500000001 50.0221253, 8.5726897 50.0219475, 8.5781519 50.0232686, 8.5810897 50.0239956, 8.5820294 50.0232389, 8.582708999999999 50.0227763, 8.582481 50.0225244, 8.58375 50.0220664, 8.584417500000001 50.0222899, 8.5851565 50.0222177, 8.585336099999999 50.0224079, 8.5856595 50.0222462, 8.586296900000001 50.0211608, 8.5864086 50.0210866, 8.5866302 50.0210077, 8.5868146 50.0209933, 8.5870734 50.0210172, 8.5873267 50.0210962, 8.587581800000001 50.0212123, 8.588714100000001 50.0222748, 8.5897346 50.0232212, 8.590907899999999 50.0243124, 8.5910476 50.0243183, 8.591066100000001 50.0243322, 8.5912314 50.0245894, 8.5912875 50.0260607, 8.5916693 50.0278206, 8.592465900000001 50.0301482, 8.5935562 50.0328262, 8.5936352 50.0327586, 8.593680000000001 50.0325556, 8.5939993 50.0332862, 8.593980999999999 50.033391, 8.5938728 50.0336017, 8.5936225 50.0337929, 8.592485999999999 50.0341405, 8.592404 50.034181, 8.5923961 50.0342327, 8.5926928 50.0344955, 8.5930576 50.0349163, 8.5933131 50.0351535, 8.5933574 50.0357432, 8.593764200000001 50.0363744, 8.5954867 50.0371112, 8.595790900000001 50.0374334, 8.5962592 50.0383357, 8.596326899999999 50.0384407, 8.596697000000001 50.039259, 8.596667500000001 50.0393227, 8.5969465 50.0397482, 8.5970668 50.0398498, 8.5973109 50.0402564, 8.5976841 50.0409608, 8.5979572 50.041462, 8.598157499999999 50.0418668, 8.5985665 50.0426559, 8.5988214 50.0431864, 8.599400299999999 50.0443578, 8.5996326 50.044802, 8.5998942 50.045324, 8.600054800000001 50.0455498, 8.600100400000001 50.0457496, 8.600272 50.0461354, 8.600352900000001 50.046404, 8.600696900000001 50.0471147, 8.6008598 50.047484, 8.6010288 50.047825, 8.6012702 50.0484657, 8.601589000000001 50.0492684, 8.601672499999999 50.0495801, 8.6016779 50.0499366, 8.6016967 50.0502638, 8.6016511 50.0506479, 8.6014821 50.0510957, 8.601307800000001 50.051354, 8.6010583 50.0515865, 8.6006158 50.051912, 8.6002107 50.0521187, 8.599816499999999 50.0522823, 8.5993578 50.0523942, 8.597976299999999 50.0525776, 8.597136900000001 50.0526546, 8.5967457 50.052671, 8.5966545 50.0527011, 8.596582099999999 50.0527278, 8.5965173 50.0527724, 8.5964762 50.0528096, 8.5964318 50.052855, 8.5962801 50.0528564, 8.596264100000001 50.0526539, 8.5963379 50.0526229, 8.596543 50.0525927, 8.597201500000001 50.0525566, 8.597540800000001 50.0525247, 8.5980089 50.0524868, 8.598039699999999 50.052467, 8.598668699999999 50.0523895, 8.599101900000001 50.0523249, 8.599430399999999 50.0522552, 8.599703999999999 50.0521777, 8.5999629 50.0520838, 8.6002364 50.051959, 8.600549600000001 50.0517856, 8.600778099999999 50.0516131, 8.600688099999999 50.0515677, 8.6006366 50.051578, 8.6006415 50.0514905, 8.600483199999999 50.0514449, 8.6003638 50.0514225, 8.6001324 50.0514216, 8.600118 50.0517332, 8.5999701 50.0517304, 8.599965600000001 50.0518283, 8.599853 50.0518261, 8.5998494 50.0519027, 8.5991537 50.0518895, 8.5991502 50.0519646, 8.599299500000001 50.0519674, 8.5992958 50.0520488, 8.599268500000001 50.0520483, 8.5992669 50.0520826, 8.599176399999999 50.0520809, 8.5991787 50.0520307, 8.5990439 50.0520281, 8.5990451 50.0520024, 8.5983939 50.0519899, 8.598381699999999 50.0522896, 8.598217699999999 50.0522901, 8.5981872 50.0523266, 8.598071900000001 50.0523731, 8.597768200000001 50.0524069, 8.5972726 50.0524403, 8.5965334 50.0524733, 8.5953816 50.0525247, 8.5939037 50.0525919, 8.5937938 50.0525884, 8.5937053 50.052566, 8.5936649 50.0525341, 8.5936454 50.0524952, 8.593624999999999 50.0521013, 8.5935772 50.0521005, 8.593498500000001 50.0520993, 8.5934978 50.0521188, 8.593448800000001 50.0521181, 8.5934495 50.0520985, 8.5933885 50.0520976, 8.5933168 50.0520965, 8.593317799999999 50.0520685, 8.5932928 50.0520681, 8.5932716 50.0520678, 8.593270800000001 50.0521325, 8.593291300000001 50.0523363, 8.593308 50.0523359, 8.5933478 50.0527309, 8.592725 50.0527568, 8.5927203 50.0527102, 8.5927186 50.052693, 8.5927148 50.0526556, 8.592711700000001 50.0526247, 8.5910259 50.0527272, 8.5883877 50.0529095, 8.587842500000001 50.0527866, 8.5878107 50.0528416, 8.5856142 50.0529096, 8.584232399999999 50.052911, 8.583891599999999 50.0529349, 8.583601099999999 50.0529385, 8.5824009 50.0528915, 8.582058200000001 50.0530793, 8.580820599999999 50.0530647, 8.580735499999999 50.0530113, 8.5801575 50.0530294, 8.580091700000001 50.053032, 8.579799400000001 50.0530397, 8.5795391 50.0530582, 8.5794143 50.0530711, 8.579344600000001 50.0530729, 8.579295 50.0530634, 8.5792521 50.0530427, 8.579214500000001 50.0530109, 8.5791877 50.0529713, 8.579181 50.0529325, 8.5791971 50.0528731, 8.579226800000001 50.0527258, 8.579265599999999 50.0527298, 8.5792907 50.0526283, 8.5792938 50.0526155, 8.579255 50.0526115, 8.5792749 50.0525123, 8.5793245 50.0523659, 8.579354 50.0523048, 8.5793835 50.0522824, 8.5794412 50.0522669, 8.5794757 50.05227, 8.579522300000001 50.0522742, 8.580255899999999 50.0523399, 8.580292500000001 50.0521752, 8.5803037 50.0521246, 8.5804958 50.0513054, 8.580299800000001 50.0512864, 8.580088 50.0512659, 8.579969699999999 50.0512545, 8.579926499999999 50.0512503, 8.5797802 50.0512362, 8.5796846 50.0512297, 8.5796528 50.0512598, 8.579569899999999 50.0512285, 8.5794959 50.0512006, 8.5794362 50.0511978, 8.5793473 50.0511908, 8.5792179 50.0511805, 8.5792269 50.051198, 8.579269099999999 50.0512802, 8.5792474 50.0512848, 8.579198399999999 50.0512952, 8.5791504 50.051309, 8.5791562 50.0513404, 8.579156899999999 50.0513623, 8.5791597 50.0514443, 8.579150800000001 50.0515763, 8.579095799999999 50.0516776, 8.579051700000001 50.0517715, 8.57902 50.0517936, 8.578951099999999 50.051968, 8.5790986 50.0520521, 8.5791179 50.052076, 8.5790503 50.0521548, 8.579008200000001 50.0521717, 8.5789461 50.0521832, 8.5785818 50.0522055, 8.5783197 50.0522183, 8.5779426 50.0522113, 8.577715400000001 50.0521995, 8.5772745 50.0521232, 8.576316800000001 50.0518985, 8.575631100000001 50.0517554, 8.575596900000001 50.0517528, 8.5755976 50.0517403, 8.5754997 50.0517347, 8.575431399999999 50.0517421, 8.5753602 50.0517498, 8.5752971 50.0517687, 8.575209299999999 50.0517511, 8.5752474 50.0516855, 8.5751221 50.0516555, 8.5751264 50.0516481, 8.574804800000001 50.0515706, 8.574759500000001 50.0515599, 8.5747129 50.0516462, 8.5746988 50.0516666, 8.573105099999999 50.0512925, 8.5730453 50.0512782, 8.57302 50.0512721, 8.572991699999999 50.0512653, 8.5702544 50.0506083, 8.5702391 50.0506046, 8.5701959 50.0505943, 8.570173199999999 50.0505889, 8.5701532 50.0505841, 8.5686125 50.0502152, 8.568588999999999 50.0502096, 8.568611799999999 50.0501704, 8.5684547 50.0501308, 8.5672783 50.0498604, 8.567590900000001 50.0492978, 8.567641999999999 50.049183, 8.567095800000001 50.0490497, 8.567076999999999 50.0490452, 8.566716599999999 50.0489591, 8.566691 50.0490025, 8.5665031 50.0493202, 8.566360899999999 50.0493701, 8.5662938 50.049439, 8.5659344 50.0495768, 8.565628800000001 50.0495581, 8.565500999999999 50.0495641, 8.5651916 50.0496581, 8.5651031 50.049538, 8.5649724 50.0495925, 8.5649219 50.0496095, 8.564940699999999 50.0496534, 8.564819699999999 50.0498607, 8.5646912 50.0498317, 8.5646784 50.0498586, 8.5646407 50.0499126, 8.5646038 50.0499529, 8.5645685 50.0499831, 8.564537100000001 50.0500101, 8.5645262 50.0500191, 8.5644803 50.0500502, 8.5644209 50.0501112, 8.5643466 50.0501809, 8.564031399999999 50.0503307, 8.5639623 50.0503251, 8.5639146 50.050302, 8.5632415 50.049935, 8.563159600000001 50.049889, 8.5628454 50.0497125, 8.5626298 50.0495913, 8.5625213 50.0495208, 8.5624006 50.0494046, 8.5623939 50.0493357, 8.5624556 50.0491841, 8.5624907 50.0490855, 8.562613799999999 50.048881, 8.5626546 50.0488159, 8.5627449 50.0486403, 8.562817600000001 50.0485167, 8.562671699999999 50.0484848, 8.5625892 50.0484668, 8.5624985 50.0484469, 8.5623778 50.0486648, 8.562185100000001 50.048619, 8.5620168 50.0489204, 8.562038899999999 50.0489254, 8.5620061 50.048984, 8.5619885 50.04898, 8.5619648 50.0490224, 8.5611023 50.0488237, 8.561126700000001 50.04878, 8.561106799999999 50.0487754, 8.5611421 50.0487123, 8.5609158 50.0486598, 8.561223500000001 50.0484914, 8.5611695 50.0482677, 8.561155299999999 50.0481968, 8.5610859 50.0481807, 8.5611108 50.0481369, 8.5605621 50.0480155, 8.5605463 50.0480466, 8.5604701 50.0480272, 8.560389600000001 50.0480565, 8.559979 50.0479665, 8.5599411 50.0479262, 8.558828999999999 50.0476598, 8.5587941 50.0477189, 8.5586012 50.0476735, 8.5580465 50.0479611, 8.558081100000001 50.0482532, 8.5577269 50.0481714, 8.5575764 50.0481856, 8.557471100000001 50.0481956, 8.552451 50.0470903, 8.551742600000001 50.0468577, 8.5472178 50.0457622, 8.547668099999999 50.0449609, 8.547276200000001 50.0448682, 8.547187299999999 50.0448467, 8.547200500000001 50.0448181, 8.5471635 50.0447389, 8.5467987 50.0446317, 8.5465906 50.0445781, 8.546323299999999 50.044673, 8.546120699999999 50.044735, 8.5458874 50.0448014, 8.5457184 50.0448427, 8.545564199999999 50.0448728, 8.5453583 50.0449081, 8.5451424 50.0449413, 8.5449594 50.0449646, 8.544764900000001 50.0449814, 8.544584499999999 50.0449921, 8.544433 50.0449964, 8.544205 50.0450025, 8.5441802 50.0450343, 8.544156299999999 50.0450267, 8.5439267 50.0449598, 8.543504799999999 50.0448231, 8.5434942 50.0448341, 8.543399900000001 50.0448295, 8.5432623 50.0449819, 8.5432366 50.0450105, 8.5430514 50.0449399, 8.543030099999999 50.0449385, 8.542644900000001 50.044914, 8.540919499999999 50.0448006, 8.5399289 50.0447368, 8.5395086 50.0445669, 8.53938 50.0445705, 8.539236600000001 50.0447029, 8.539162899999999 50.0447748, 8.538448300000001 50.0444884, 8.5383003 50.044485, 8.5382832 50.044502, 8.538111799999999 50.0446749, 8.537542500000001 50.0444381, 8.537351299999999 50.0444166, 8.5372348 50.0445423, 8.5372197 50.0445585, 8.5375441 50.0447038, 8.537616699999999 50.0447408, 8.537880100000001 50.04493, 8.540343 50.0460167, 8.539690500000001 50.0471589, 8.539806499999999 50.0471866, 8.5432953 50.0480184, 8.543321499999999 50.0480298, 8.543334400000001 50.0480406, 8.543319500000001 50.0481827, 8.5432235 50.0481932, 8.5397114 50.0473583, 8.539592799999999 50.04733, 8.5391595 50.0480885, 8.5390999 50.0481835, 8.5385688 50.0482159, 8.537969199999999 50.0482568, 8.537447200000001 50.0483089, 8.5363468 50.0484274, 8.536207299999999 50.0484343, 8.534351300000001 50.0483241, 8.534113899999999 50.0483103, 8.5339744 50.0482827, 8.5333025 50.0481205, 8.5332624 50.048119, 8.532770599999999 50.0480011, 8.5324081 50.0479142, 8.5309218 50.0475569, 8.5308885 50.0475456, 8.5302568 50.0473975, 8.530232 50.0473841, 8.529844000000001 50.0472923, 8.528036800000001 50.0468515, 8.525620099999999 50.0462736, 8.523213500000001 50.0456953, 8.5217013 50.045337, 8.519686999999999 50.0448534, 8.5176835 50.0443726, 8.516481600000001 50.0440991, 8.5150889 50.0437689, 8.5140233 50.0435203, 8.511915399999999 50.0430168, 8.509824399999999 50.0424944, 8.507354100000001 50.0419015, 8.5050816 50.0413575, 8.5044492 50.0412143, 8.504318 50.0407817, 8.503232799999999 50.0409193, 8.502277299999999 50.0406872, 8.500303499999999 50.0402109, 8.4982273 50.0397133, 8.4961132 50.0392102, 8.494967900000001 50.0389332, 8.493790499999999 50.0386571, 8.4926972 50.0383894, 8.491611499999999 50.0381318), (8.5347057 50.0434861, 8.5347217 50.0434702, 8.5347452 50.043447, 8.534776300000001 50.0434162, 8.534804100000001 50.0433887, 8.534837599999999 50.0433556, 8.5348781 50.0433155, 8.5357444 50.0436621, 8.535948299999999 50.0436748, 8.5360227 50.0435998, 8.5360909 50.0435311, 8.5365529 50.0437154, 8.5367104 50.0437274, 8.5367351 50.0437022, 8.536924300000001 50.0435087, 8.5373702 50.0436873, 8.537421399999999 50.0436365, 8.537456000000001 50.0436356, 8.5402798 50.04382, 8.540721400000001 50.0439931, 8.540725800000001 50.0439885, 8.540825099999999 50.0439914, 8.5409916 50.0438202, 8.5409462 50.0438013, 8.5364491 50.0420602, 8.5360026 50.0418761, 8.5359564 50.041857, 8.532752 50.0405829, 8.5323873 50.040428, 8.5313192 50.0400124, 8.5308698 50.0398441, 8.530404000000001 50.0397016, 8.529907700000001 50.0395748, 8.528229899999999 50.0391747, 8.5277788 50.039041, 8.5270966 50.0388778, 8.5264031 50.038689, 8.525758400000001 50.0385653, 8.5251737 50.0384254, 8.5245 50.0382061, 8.523809999999999 50.037932, 8.523119899999999 50.0376568, 8.522549700000001 50.03742, 8.5221339 50.0372567, 8.521707599999999 50.0370687, 8.5216704 50.0370952, 8.5214075 50.0369333, 8.521229399999999 50.0367896, 8.5210311 50.0366011, 8.5209274 50.0364871, 8.520825 50.0363295, 8.5207558 50.0362131, 8.520683500000001 50.0360656, 8.5206398 50.0358403, 8.520623499999999 50.0356693, 8.5204171 50.0356466, 8.5204442 50.0358979, 8.5199064 50.0358219, 8.517951099999999 50.0357069, 8.5176202 50.0357167, 8.5173828 50.035793, 8.5171697 50.0357206, 8.5161459 50.0360361, 8.516081099999999 50.0360634, 8.516213 50.036116, 8.516243299999999 50.0361748, 8.516251799999999 50.0362014, 8.516263500000001 50.0362369, 8.516244199999999 50.0362851, 8.516175499999999 50.036334, 8.516000200000001 50.0364044, 8.5140362 50.0370141, 8.513947 50.0370331, 8.5138599 50.0370297, 8.5133831 50.0369723, 8.513241600000001 50.0370103, 8.5131101 50.037053, 8.512907200000001 50.037125, 8.5126977 50.037219, 8.5125264 50.0373052, 8.5123844 50.0374292, 8.512325799999999 50.0376295, 8.5123921 50.0377771, 8.512474900000001 50.0378842, 8.5126641 50.0380056, 8.512937000000001 50.0381239, 8.513111 50.0381786, 8.5137488 50.0383338, 8.516122899999999 50.038881, 8.517966700000001 50.039328, 8.518202 50.038911, 8.5182666 50.0387947, 8.5183447 50.0387282, 8.518395 50.0387322, 8.5186435 50.0387637, 8.5188313 50.0387964, 8.519007 50.038834, 8.519928800000001 50.0390643, 8.519848700000001 50.0391877, 8.5197521 50.0393373, 8.520027600000001 50.0394031, 8.5202826 50.0393308, 8.520405500000001 50.0393129, 8.520501400000001 50.0392817, 8.520590500000001 50.0392396, 8.5206517 50.0391845, 8.520742500000001 50.0390609, 8.520934199999999 50.0390405, 8.521164799999999 50.0390057, 8.521205 50.0390591, 8.5212667 50.0391048, 8.5213418 50.0391323, 8.5213901 50.0391392, 8.5214578 50.0391392, 8.5214947 50.0391362, 8.5215303 50.0391396, 8.521563799999999 50.0391685, 8.521602 50.0391887, 8.5225034 50.039421, 8.5227547 50.0394857, 8.522851599999999 50.0395107, 8.522354699999999 50.0403806, 8.5260759 50.0412701, 8.5260932 50.0412744, 8.526148299999999 50.0412878, 8.529785499999999 50.04216, 8.5314634 50.0422551, 8.533769899999999 50.0431559, 8.534107799999999 50.0432353, 8.5347057 50.0434861))",Number of parked airplanes, Time series of airport throughput at Flughafen Frankfurt am Main,BLUE,Aerospacelab SPRL,DE6,Archived
"50.03417529740082,8.553651954534535",DE,,Frankfurt,Flughafen Frankfurt am Main,Airports: Throughput (archived),Count of airplanes on Sentinel-2 image,Sentinel-2,Sentinel 2 L2A,E13b2,2019-08-23T10:30:29,91.97080292,Average value for 2019,2019,100,"X in [91.03347729104996, 108.96652270895004] --> Normal, X < 91.03347729104996 --> Low, X > 108.96652270895004 --> High",Normal,"POLYGON ((8.491611499999999 50.0381318, 8.4914699 50.0382088, 8.491382700000001 50.0382202, 8.4900027 50.037066, 8.488170999999999 50.0354671, 8.4875016 50.0348721, 8.4884045 50.0344022, 8.4877501 50.033871, 8.492978799999999 50.0313608, 8.494729 50.0331922, 8.4959527 50.0338772, 8.496079099999999 50.0340778, 8.5025935 50.0356394, 8.508748900000001 50.0371085, 8.5089752 50.0371313, 8.5091453 50.0371169, 8.509326700000001 50.0370784, 8.511405999999999 50.0364279, 8.5114181 50.0364193, 8.5115175 50.0362395, 8.511661999999999 50.036108, 8.511860499999999 50.0360505, 8.512161000000001 50.0359546, 8.5126458 50.0358025, 8.5126787 50.0357944, 8.5127164 50.0357931, 8.5127641 50.035794, 8.5128051 50.0357935, 8.5128422 50.0357858, 8.512885199999999 50.0357715, 8.514150300000001 50.0353713, 8.514188799999999 50.0353647, 8.514234399999999 50.0353616, 8.514276799999999 50.0353634, 8.514305800000001 50.0353673, 8.514338199999999 50.0353753, 8.514809400000001 50.0355653, 8.5149428 50.0355227, 8.514968700000001 50.0355144, 8.5149867 50.0354957, 8.5150179 50.0354632, 8.5150457 50.0354342, 8.515079699999999 50.0353987, 8.5151919 50.0354432, 8.515342199999999 50.0353952, 8.515385500000001 50.0353501, 8.515450400000001 50.0352825, 8.5154525 50.0352803, 8.515559700000001 50.0353258, 8.515674600000001 50.035278, 8.5156987 50.0352814, 8.515807799999999 50.0351678, 8.5154654 50.0350286, 8.5171063 50.0345677, 8.517538800000001 50.034523, 8.5178057 50.0345264, 8.519172299999999 50.0346488, 8.5193949 50.034678, 8.520194200000001 50.0347831, 8.520203499999999 50.0348495, 8.520318899999999 50.0348563, 8.5203483 50.0349134, 8.5203588 50.0349925, 8.520545200000001 50.0349977, 8.520494299999999 50.0345093, 8.5204191 50.0338227, 8.5204352 50.0338012, 8.520305199999999 50.0325762, 8.5202393 50.0320774, 8.5199806 50.029505, 8.519949499999999 50.0291317, 8.519926999999999 50.0288873, 8.519932300000001 50.028833, 8.5199284 50.0287948, 8.519780799999999 50.0276062, 8.519692300000001 50.0267773, 8.519703099999999 50.0267436, 8.5196638 50.0267307, 8.5197828 50.0265808, 8.519819699999999 50.0265929, 8.5197419 50.0260269, 8.519584999999999 50.0258667, 8.5195281 50.0256531, 8.5193577 50.0248061, 8.5193052 50.0245451, 8.519316699999999 50.0245342, 8.519314700000001 50.0245182, 8.5193128 50.0245022, 8.5192946 50.0244929, 8.5192537 50.024215, 8.5192272 50.0239787, 8.5192227 50.0237935, 8.519247 50.0236282, 8.5192689 50.023515, 8.5193034 50.0233896, 8.5193624 50.023246, 8.519462900000001 50.0230802, 8.519587700000001 50.0229269, 8.519714199999999 50.0227927, 8.519842499999999 50.022689, 8.519995400000001 50.0225831, 8.520144200000001 50.0224909, 8.520326600000001 50.0223961, 8.5204513 50.022338, 8.5207088 50.022241, 8.520900599999999 50.0221867, 8.5211956 50.0221126, 8.5213941 50.0220695, 8.521732099999999 50.0220118, 8.522017699999999 50.0219713, 8.522357 50.0219342, 8.522617199999999 50.0219127, 8.5229458 50.0218929, 8.523237099999999 50.0218799, 8.523223399999999 50.0217559, 8.5232388 50.0210915, 8.5223963 50.0210538, 8.5220667 50.0210181, 8.5220062 50.0208294, 8.5232054 50.0208654, 8.523365099999999 50.0118255, 8.5219851 50.0118123, 8.5219947 50.0103817, 8.523355499999999 50.0104194, 8.523421300000001 49.9975356, 8.5222537 49.9975329, 8.522256199999999 49.9973253, 8.5223362 49.9971716, 8.5232277 49.9965444, 8.5233431 49.9962164, 8.5235889 49.9959626, 8.522989300000001 49.9944494, 8.5239092 49.9944039, 8.5238806 49.9941595, 8.525566100000001 49.9940545, 8.525919 49.9936448, 8.524976199999999 49.9931741, 8.5278943 49.9928084, 8.5283262 49.9928592, 8.5293533 49.993594, 8.529089900000001 49.9941087, 8.528684399999999 49.9940918, 8.5286264 49.9945218, 8.5289793 49.9946268, 8.528637 49.9953006, 8.529005700000001 49.9952905, 8.5287682 49.9959166, 8.5287212 49.995981, 8.5302591 49.9969823, 8.530216100000001 50.0013428, 8.530135100000001 50.0101605, 8.5300862 50.01517, 8.5300685 50.016437, 8.530020499999999 50.021279, 8.5314578 50.0213467, 8.531901899999999 50.0214461, 8.532185800000001 50.0215326, 8.532212599999999 50.0216446, 8.5325057 50.0229719, 8.532678300000001 50.0231096, 8.5319754 50.023094, 8.531564299999999 50.0229946, 8.5302816 50.0227236, 8.5294569 50.0225315, 8.5294072 50.0226133, 8.5293353 50.0227424, 8.530693299999999 50.0230251, 8.5320429 50.0233309, 8.534035299999999 50.0238208, 8.5351458 50.0240883, 8.5358164 50.0242538, 8.536103499999999 50.0243228, 8.536728 50.0244728, 8.5370864 50.024559, 8.539639599999999 50.0251702, 8.539692799999999 50.0251827, 8.540568800000001 50.023637, 8.541135499999999 50.0231674, 8.5473496 50.0230151, 8.549951699999999 50.0229407, 8.5501281 50.0229542, 8.551811000000001 50.022878, 8.5526433 50.0229187, 8.5546291 50.0232774, 8.555450799999999 50.0232875, 8.5566786 50.0231647, 8.5570126 50.0230794, 8.557148 50.0230449, 8.5574712 50.0229544, 8.5575785 50.0229467, 8.5576495 50.0229381, 8.5584033 50.0227399, 8.558467 50.0227516, 8.558636699999999 50.0227829, 8.5587994 50.0228128, 8.558977199999999 50.022518, 8.5589938 50.0225135, 8.561452299999999 50.0218356, 8.561620599999999 50.0218067, 8.561791400000001 50.0218144, 8.565171899999999 50.0225946, 8.570838699999999 50.0239604, 8.5709453 50.0239668, 8.571024700000001 50.0239359, 8.572127500000001 50.0221253, 8.5726897 50.0219475, 8.5781519 50.0232686, 8.5810897 50.0239956, 8.5820294 50.0232389, 8.582708999999999 50.0227763, 8.582481 50.0225244, 8.58375 50.0220664, 8.584417500000001 50.0222899, 8.5851565 50.0222177, 8.585336099999999 50.0224079, 8.5856595 50.0222462, 8.586296900000001 50.0211608, 8.5864086 50.0210866, 8.5866302 50.0210077, 8.5868146 50.0209933, 8.5870734 50.0210172, 8.5873267 50.0210962, 8.587581800000001 50.0212123, 8.588714100000001 50.0222748, 8.5897346 50.0232212, 8.590907899999999 50.0243124, 8.5910476 50.0243183, 8.591066100000001 50.0243322, 8.5912314 50.0245894, 8.5912875 50.0260607, 8.5916693 50.0278206, 8.592465900000001 50.0301482, 8.5935562 50.0328262, 8.5936352 50.0327586, 8.593680000000001 50.0325556, 8.5939993 50.0332862, 8.593980999999999 50.033391, 8.5938728 50.0336017, 8.5936225 50.0337929, 8.592485999999999 50.0341405, 8.592404 50.034181, 8.5923961 50.0342327, 8.5926928 50.0344955, 8.5930576 50.0349163, 8.5933131 50.0351535, 8.5933574 50.0357432, 8.593764200000001 50.0363744, 8.5954867 50.0371112, 8.595790900000001 50.0374334, 8.5962592 50.0383357, 8.596326899999999 50.0384407, 8.596697000000001 50.039259, 8.596667500000001 50.0393227, 8.5969465 50.0397482, 8.5970668 50.0398498, 8.5973109 50.0402564, 8.5976841 50.0409608, 8.5979572 50.041462, 8.598157499999999 50.0418668, 8.5985665 50.0426559, 8.5988214 50.0431864, 8.599400299999999 50.0443578, 8.5996326 50.044802, 8.5998942 50.045324, 8.600054800000001 50.0455498, 8.600100400000001 50.0457496, 8.600272 50.0461354, 8.600352900000001 50.046404, 8.600696900000001 50.0471147, 8.6008598 50.047484, 8.6010288 50.047825, 8.6012702 50.0484657, 8.601589000000001 50.0492684, 8.601672499999999 50.0495801, 8.6016779 50.0499366, 8.6016967 50.0502638, 8.6016511 50.0506479, 8.6014821 50.0510957, 8.601307800000001 50.051354, 8.6010583 50.0515865, 8.6006158 50.051912, 8.6002107 50.0521187, 8.599816499999999 50.0522823, 8.5993578 50.0523942, 8.597976299999999 50.0525776, 8.597136900000001 50.0526546, 8.5967457 50.052671, 8.5966545 50.0527011, 8.596582099999999 50.0527278, 8.5965173 50.0527724, 8.5964762 50.0528096, 8.5964318 50.052855, 8.5962801 50.0528564, 8.596264100000001 50.0526539, 8.5963379 50.0526229, 8.596543 50.0525927, 8.597201500000001 50.0525566, 8.597540800000001 50.0525247, 8.5980089 50.0524868, 8.598039699999999 50.052467, 8.598668699999999 50.0523895, 8.599101900000001 50.0523249, 8.599430399999999 50.0522552, 8.599703999999999 50.0521777, 8.5999629 50.0520838, 8.6002364 50.051959, 8.600549600000001 50.0517856, 8.600778099999999 50.0516131, 8.600688099999999 50.0515677, 8.6006366 50.051578, 8.6006415 50.0514905, 8.600483199999999 50.0514449, 8.6003638 50.0514225, 8.6001324 50.0514216, 8.600118 50.0517332, 8.5999701 50.0517304, 8.599965600000001 50.0518283, 8.599853 50.0518261, 8.5998494 50.0519027, 8.5991537 50.0518895, 8.5991502 50.0519646, 8.599299500000001 50.0519674, 8.5992958 50.0520488, 8.599268500000001 50.0520483, 8.5992669 50.0520826, 8.599176399999999 50.0520809, 8.5991787 50.0520307, 8.5990439 50.0520281, 8.5990451 50.0520024, 8.5983939 50.0519899, 8.598381699999999 50.0522896, 8.598217699999999 50.0522901, 8.5981872 50.0523266, 8.598071900000001 50.0523731, 8.597768200000001 50.0524069, 8.5972726 50.0524403, 8.5965334 50.0524733, 8.5953816 50.0525247, 8.5939037 50.0525919, 8.5937938 50.0525884, 8.5937053 50.052566, 8.5936649 50.0525341, 8.5936454 50.0524952, 8.593624999999999 50.0521013, 8.5935772 50.0521005, 8.593498500000001 50.0520993, 8.5934978 50.0521188, 8.593448800000001 50.0521181, 8.5934495 50.0520985, 8.5933885 50.0520976, 8.5933168 50.0520965, 8.593317799999999 50.0520685, 8.5932928 50.0520681, 8.5932716 50.0520678, 8.593270800000001 50.0521325, 8.593291300000001 50.0523363, 8.593308 50.0523359, 8.5933478 50.0527309, 8.592725 50.0527568, 8.5927203 50.0527102, 8.5927186 50.052693, 8.5927148 50.0526556, 8.592711700000001 50.0526247, 8.5910259 50.0527272, 8.5883877 50.0529095, 8.587842500000001 50.0527866, 8.5878107 50.0528416, 8.5856142 50.0529096, 8.584232399999999 50.052911, 8.583891599999999 50.0529349, 8.583601099999999 50.0529385, 8.5824009 50.0528915, 8.582058200000001 50.0530793, 8.580820599999999 50.0530647, 8.580735499999999 50.0530113, 8.5801575 50.0530294, 8.580091700000001 50.053032, 8.579799400000001 50.0530397, 8.5795391 50.0530582, 8.5794143 50.0530711, 8.579344600000001 50.0530729, 8.579295 50.0530634, 8.5792521 50.0530427, 8.579214500000001 50.0530109, 8.5791877 50.0529713, 8.579181 50.0529325, 8.5791971 50.0528731, 8.579226800000001 50.0527258, 8.579265599999999 50.0527298, 8.5792907 50.0526283, 8.5792938 50.0526155, 8.579255 50.0526115, 8.5792749 50.0525123, 8.5793245 50.0523659, 8.579354 50.0523048, 8.5793835 50.0522824, 8.5794412 50.0522669, 8.5794757 50.05227, 8.579522300000001 50.0522742, 8.580255899999999 50.0523399, 8.580292500000001 50.0521752, 8.5803037 50.0521246, 8.5804958 50.0513054, 8.580299800000001 50.0512864, 8.580088 50.0512659, 8.579969699999999 50.0512545, 8.579926499999999 50.0512503, 8.5797802 50.0512362, 8.5796846 50.0512297, 8.5796528 50.0512598, 8.579569899999999 50.0512285, 8.5794959 50.0512006, 8.5794362 50.0511978, 8.5793473 50.0511908, 8.5792179 50.0511805, 8.5792269 50.051198, 8.579269099999999 50.0512802, 8.5792474 50.0512848, 8.579198399999999 50.0512952, 8.5791504 50.051309, 8.5791562 50.0513404, 8.579156899999999 50.0513623, 8.5791597 50.0514443, 8.579150800000001 50.0515763, 8.579095799999999 50.0516776, 8.579051700000001 50.0517715, 8.57902 50.0517936, 8.578951099999999 50.051968, 8.5790986 50.0520521, 8.5791179 50.052076, 8.5790503 50.0521548, 8.579008200000001 50.0521717, 8.5789461 50.0521832, 8.5785818 50.0522055, 8.5783197 50.0522183, 8.5779426 50.0522113, 8.577715400000001 50.0521995, 8.5772745 50.0521232, 8.576316800000001 50.0518985, 8.575631100000001 50.0517554, 8.575596900000001 50.0517528, 8.5755976 50.0517403, 8.5754997 50.0517347, 8.575431399999999 50.0517421, 8.5753602 50.0517498, 8.5752971 50.0517687, 8.575209299999999 50.0517511, 8.5752474 50.0516855, 8.5751221 50.0516555, 8.5751264 50.0516481, 8.574804800000001 50.0515706, 8.574759500000001 50.0515599, 8.5747129 50.0516462, 8.5746988 50.0516666, 8.573105099999999 50.0512925, 8.5730453 50.0512782, 8.57302 50.0512721, 8.572991699999999 50.0512653, 8.5702544 50.0506083, 8.5702391 50.0506046, 8.5701959 50.0505943, 8.570173199999999 50.0505889, 8.5701532 50.0505841, 8.5686125 50.0502152, 8.568588999999999 50.0502096, 8.568611799999999 50.0501704, 8.5684547 50.0501308, 8.5672783 50.0498604, 8.567590900000001 50.0492978, 8.567641999999999 50.049183, 8.567095800000001 50.0490497, 8.567076999999999 50.0490452, 8.566716599999999 50.0489591, 8.566691 50.0490025, 8.5665031 50.0493202, 8.566360899999999 50.0493701, 8.5662938 50.049439, 8.5659344 50.0495768, 8.565628800000001 50.0495581, 8.565500999999999 50.0495641, 8.5651916 50.0496581, 8.5651031 50.049538, 8.5649724 50.0495925, 8.5649219 50.0496095, 8.564940699999999 50.0496534, 8.564819699999999 50.0498607, 8.5646912 50.0498317, 8.5646784 50.0498586, 8.5646407 50.0499126, 8.5646038 50.0499529, 8.5645685 50.0499831, 8.564537100000001 50.0500101, 8.5645262 50.0500191, 8.5644803 50.0500502, 8.5644209 50.0501112, 8.5643466 50.0501809, 8.564031399999999 50.0503307, 8.5639623 50.0503251, 8.5639146 50.050302, 8.5632415 50.049935, 8.563159600000001 50.049889, 8.5628454 50.0497125, 8.5626298 50.0495913, 8.5625213 50.0495208, 8.5624006 50.0494046, 8.5623939 50.0493357, 8.5624556 50.0491841, 8.5624907 50.0490855, 8.562613799999999 50.048881, 8.5626546 50.0488159, 8.5627449 50.0486403, 8.562817600000001 50.0485167, 8.562671699999999 50.0484848, 8.5625892 50.0484668, 8.5624985 50.0484469, 8.5623778 50.0486648, 8.562185100000001 50.048619, 8.5620168 50.0489204, 8.562038899999999 50.0489254, 8.5620061 50.048984, 8.5619885 50.04898, 8.5619648 50.0490224, 8.5611023 50.0488237, 8.561126700000001 50.04878, 8.561106799999999 50.0487754, 8.5611421 50.0487123, 8.5609158 50.0486598, 8.561223500000001 50.0484914, 8.5611695 50.0482677, 8.561155299999999 50.0481968, 8.5610859 50.0481807, 8.5611108 50.0481369, 8.5605621 50.0480155, 8.5605463 50.0480466, 8.5604701 50.0480272, 8.560389600000001 50.0480565, 8.559979 50.0479665, 8.5599411 50.0479262, 8.558828999999999 50.0476598, 8.5587941 50.0477189, 8.5586012 50.0476735, 8.5580465 50.0479611, 8.558081100000001 50.0482532, 8.5577269 50.0481714, 8.5575764 50.0481856, 8.557471100000001 50.0481956, 8.552451 50.0470903, 8.551742600000001 50.0468577, 8.5472178 50.0457622, 8.547668099999999 50.0449609, 8.547276200000001 50.0448682, 8.547187299999999 50.0448467, 8.547200500000001 50.0448181, 8.5471635 50.0447389, 8.5467987 50.0446317, 8.5465906 50.0445781, 8.546323299999999 50.044673, 8.546120699999999 50.044735, 8.5458874 50.0448014, 8.5457184 50.0448427, 8.545564199999999 50.0448728, 8.5453583 50.0449081, 8.5451424 50.0449413, 8.5449594 50.0449646, 8.544764900000001 50.0449814, 8.544584499999999 50.0449921, 8.544433 50.0449964, 8.544205 50.0450025, 8.5441802 50.0450343, 8.544156299999999 50.0450267, 8.5439267 50.0449598, 8.543504799999999 50.0448231, 8.5434942 50.0448341, 8.543399900000001 50.0448295, 8.5432623 50.0449819, 8.5432366 50.0450105, 8.5430514 50.0449399, 8.543030099999999 50.0449385, 8.542644900000001 50.044914, 8.540919499999999 50.0448006, 8.5399289 50.0447368, 8.5395086 50.0445669, 8.53938 50.0445705, 8.539236600000001 50.0447029, 8.539162899999999 50.0447748, 8.538448300000001 50.0444884, 8.5383003 50.044485, 8.5382832 50.044502, 8.538111799999999 50.0446749, 8.537542500000001 50.0444381, 8.537351299999999 50.0444166, 8.5372348 50.0445423, 8.5372197 50.0445585, 8.5375441 50.0447038, 8.537616699999999 50.0447408, 8.537880100000001 50.04493, 8.540343 50.0460167, 8.539690500000001 50.0471589, 8.539806499999999 50.0471866, 8.5432953 50.0480184, 8.543321499999999 50.0480298, 8.543334400000001 50.0480406, 8.543319500000001 50.0481827, 8.5432235 50.0481932, 8.5397114 50.0473583, 8.539592799999999 50.04733, 8.5391595 50.0480885, 8.5390999 50.0481835, 8.5385688 50.0482159, 8.537969199999999 50.0482568, 8.537447200000001 50.0483089, 8.5363468 50.0484274, 8.536207299999999 50.0484343, 8.534351300000001 50.0483241, 8.534113899999999 50.0483103, 8.5339744 50.0482827, 8.5333025 50.0481205, 8.5332624 50.048119, 8.532770599999999 50.0480011, 8.5324081 50.0479142, 8.5309218 50.0475569, 8.5308885 50.0475456, 8.5302568 50.0473975, 8.530232 50.0473841, 8.529844000000001 50.0472923, 8.528036800000001 50.0468515, 8.525620099999999 50.0462736, 8.523213500000001 50.0456953, 8.5217013 50.045337, 8.519686999999999 50.0448534, 8.5176835 50.0443726, 8.516481600000001 50.0440991, 8.5150889 50.0437689, 8.5140233 50.0435203, 8.511915399999999 50.0430168, 8.509824399999999 50.0424944, 8.507354100000001 50.0419015, 8.5050816 50.0413575, 8.5044492 50.0412143, 8.504318 50.0407817, 8.503232799999999 50.0409193, 8.502277299999999 50.0406872, 8.500303499999999 50.0402109, 8.4982273 50.0397133, 8.4961132 50.0392102, 8.494967900000001 50.0389332, 8.493790499999999 50.0386571, 8.4926972 50.0383894, 8.491611499999999 50.0381318), (8.5347057 50.0434861, 8.5347217 50.0434702, 8.5347452 50.043447, 8.534776300000001 50.0434162, 8.534804100000001 50.0433887, 8.534837599999999 50.0433556, 8.5348781 50.0433155, 8.5357444 50.0436621, 8.535948299999999 50.0436748, 8.5360227 50.0435998, 8.5360909 50.0435311, 8.5365529 50.0437154, 8.5367104 50.0437274, 8.5367351 50.0437022, 8.536924300000001 50.0435087, 8.5373702 50.0436873, 8.537421399999999 50.0436365, 8.537456000000001 50.0436356, 8.5402798 50.04382, 8.540721400000001 50.0439931, 8.540725800000001 50.0439885, 8.540825099999999 50.0439914, 8.5409916 50.0438202, 8.5409462 50.0438013, 8.5364491 50.0420602, 8.5360026 50.0418761, 8.5359564 50.041857, 8.532752 50.0405829, 8.5323873 50.040428, 8.5313192 50.0400124, 8.5308698 50.0398441, 8.530404000000001 50.0397016, 8.529907700000001 50.0395748, 8.528229899999999 50.0391747, 8.5277788 50.039041, 8.5270966 50.0388778, 8.5264031 50.038689, 8.525758400000001 50.0385653, 8.5251737 50.0384254, 8.5245 50.0382061, 8.523809999999999 50.037932, 8.523119899999999 50.0376568, 8.522549700000001 50.03742, 8.5221339 50.0372567, 8.521707599999999 50.0370687, 8.5216704 50.0370952, 8.5214075 50.0369333, 8.521229399999999 50.0367896, 8.5210311 50.0366011, 8.5209274 50.0364871, 8.520825 50.0363295, 8.5207558 50.0362131, 8.520683500000001 50.0360656, 8.5206398 50.0358403, 8.520623499999999 50.0356693, 8.5204171 50.0356466, 8.5204442 50.0358979, 8.5199064 50.0358219, 8.517951099999999 50.0357069, 8.5176202 50.0357167, 8.5173828 50.035793, 8.5171697 50.0357206, 8.5161459 50.0360361, 8.516081099999999 50.0360634, 8.516213 50.036116, 8.516243299999999 50.0361748, 8.516251799999999 50.0362014, 8.516263500000001 50.0362369, 8.516244199999999 50.0362851, 8.516175499999999 50.036334, 8.516000200000001 50.0364044, 8.5140362 50.0370141, 8.513947 50.0370331, 8.5138599 50.0370297, 8.5133831 50.0369723, 8.513241600000001 50.0370103, 8.5131101 50.037053, 8.512907200000001 50.037125, 8.5126977 50.037219, 8.5125264 50.0373052, 8.5123844 50.0374292, 8.512325799999999 50.0376295, 8.5123921 50.0377771, 8.512474900000001 50.0378842, 8.5126641 50.0380056, 8.512937000000001 50.0381239, 8.513111 50.0381786, 8.5137488 50.0383338, 8.516122899999999 50.038881, 8.517966700000001 50.039328, 8.518202 50.038911, 8.5182666 50.0387947, 8.5183447 50.0387282, 8.518395 50.0387322, 8.5186435 50.0387637, 8.5188313 50.0387964, 8.519007 50.038834, 8.519928800000001 50.0390643, 8.519848700000001 50.0391877, 8.5197521 50.0393373, 8.520027600000001 50.0394031, 8.5202826 50.0393308, 8.520405500000001 50.0393129, 8.520501400000001 50.0392817, 8.520590500000001 50.0392396, 8.5206517 50.0391845, 8.520742500000001 50.0390609, 8.520934199999999 50.0390405, 8.521164799999999 50.0390057, 8.521205 50.0390591, 8.5212667 50.0391048, 8.5213418 50.0391323, 8.5213901 50.0391392, 8.5214578 50.0391392, 8.5214947 50.0391362, 8.5215303 50.0391396, 8.521563799999999 50.0391685, 8.521602 50.0391887, 8.5225034 50.039421, 8.5227547 50.0394857, 8.522851599999999 50.0395107, 8.522354699999999 50.0403806, 8.5260759 50.0412701, 8.5260932 50.0412744, 8.526148299999999 50.0412878, 8.529785499999999 50.04216, 8.5314634 50.0422551, 8.533769899999999 50.0431559, 8.534107799999999 50.0432353, 8.5347057 50.0434861))",Number of parked airplanes, Time series of airport throughput at Flughafen Frankfurt am Main,BLUE,Aerospacelab SPRL,DE6,Archived
"50.03417529740082,8.553651954534535",DE,,Frankfurt,Flughafen Frankfurt am Main,Airports: Throughput (archived),Count of airplanes on Sentinel-2 image,Sentinel-2,Sentinel 2 L2A,E13b2,2019-10-12T10:30:29,113.8686131,Average value for 2019,2019,100,"X in [91.03347729104996, 108.96652270895004] --> Normal, X < 91.03347729104996 --> Low, X > 108.96652270895004 --> High",High,"POLYGON ((8.491611499999999 50.0381318, 8.4914699 50.0382088, 8.491382700000001 50.0382202, 8.4900027 50.037066, 8.488170999999999 50.0354671, 8.4875016 50.0348721, 8.4884045 50.0344022, 8.4877501 50.033871, 8.492978799999999 50.0313608, 8.494729 50.0331922, 8.4959527 50.0338772, 8.496079099999999 50.0340778, 8.5025935 50.0356394, 8.508748900000001 50.0371085, 8.5089752 50.0371313, 8.5091453 50.0371169, 8.509326700000001 50.0370784, 8.511405999999999 50.0364279, 8.5114181 50.0364193, 8.5115175 50.0362395, 8.511661999999999 50.036108, 8.511860499999999 50.0360505, 8.512161000000001 50.0359546, 8.5126458 50.0358025, 8.5126787 50.0357944, 8.5127164 50.0357931, 8.5127641 50.035794, 8.5128051 50.0357935, 8.5128422 50.0357858, 8.512885199999999 50.0357715, 8.514150300000001 50.0353713, 8.514188799999999 50.0353647, 8.514234399999999 50.0353616, 8.514276799999999 50.0353634, 8.514305800000001 50.0353673, 8.514338199999999 50.0353753, 8.514809400000001 50.0355653, 8.5149428 50.0355227, 8.514968700000001 50.0355144, 8.5149867 50.0354957, 8.5150179 50.0354632, 8.5150457 50.0354342, 8.515079699999999 50.0353987, 8.5151919 50.0354432, 8.515342199999999 50.0353952, 8.515385500000001 50.0353501, 8.515450400000001 50.0352825, 8.5154525 50.0352803, 8.515559700000001 50.0353258, 8.515674600000001 50.035278, 8.5156987 50.0352814, 8.515807799999999 50.0351678, 8.5154654 50.0350286, 8.5171063 50.0345677, 8.517538800000001 50.034523, 8.5178057 50.0345264, 8.519172299999999 50.0346488, 8.5193949 50.034678, 8.520194200000001 50.0347831, 8.520203499999999 50.0348495, 8.520318899999999 50.0348563, 8.5203483 50.0349134, 8.5203588 50.0349925, 8.520545200000001 50.0349977, 8.520494299999999 50.0345093, 8.5204191 50.0338227, 8.5204352 50.0338012, 8.520305199999999 50.0325762, 8.5202393 50.0320774, 8.5199806 50.029505, 8.519949499999999 50.0291317, 8.519926999999999 50.0288873, 8.519932300000001 50.028833, 8.5199284 50.0287948, 8.519780799999999 50.0276062, 8.519692300000001 50.0267773, 8.519703099999999 50.0267436, 8.5196638 50.0267307, 8.5197828 50.0265808, 8.519819699999999 50.0265929, 8.5197419 50.0260269, 8.519584999999999 50.0258667, 8.5195281 50.0256531, 8.5193577 50.0248061, 8.5193052 50.0245451, 8.519316699999999 50.0245342, 8.519314700000001 50.0245182, 8.5193128 50.0245022, 8.5192946 50.0244929, 8.5192537 50.024215, 8.5192272 50.0239787, 8.5192227 50.0237935, 8.519247 50.0236282, 8.5192689 50.023515, 8.5193034 50.0233896, 8.5193624 50.023246, 8.519462900000001 50.0230802, 8.519587700000001 50.0229269, 8.519714199999999 50.0227927, 8.519842499999999 50.022689, 8.519995400000001 50.0225831, 8.520144200000001 50.0224909, 8.520326600000001 50.0223961, 8.5204513 50.022338, 8.5207088 50.022241, 8.520900599999999 50.0221867, 8.5211956 50.0221126, 8.5213941 50.0220695, 8.521732099999999 50.0220118, 8.522017699999999 50.0219713, 8.522357 50.0219342, 8.522617199999999 50.0219127, 8.5229458 50.0218929, 8.523237099999999 50.0218799, 8.523223399999999 50.0217559, 8.5232388 50.0210915, 8.5223963 50.0210538, 8.5220667 50.0210181, 8.5220062 50.0208294, 8.5232054 50.0208654, 8.523365099999999 50.0118255, 8.5219851 50.0118123, 8.5219947 50.0103817, 8.523355499999999 50.0104194, 8.523421300000001 49.9975356, 8.5222537 49.9975329, 8.522256199999999 49.9973253, 8.5223362 49.9971716, 8.5232277 49.9965444, 8.5233431 49.9962164, 8.5235889 49.9959626, 8.522989300000001 49.9944494, 8.5239092 49.9944039, 8.5238806 49.9941595, 8.525566100000001 49.9940545, 8.525919 49.9936448, 8.524976199999999 49.9931741, 8.5278943 49.9928084, 8.5283262 49.9928592, 8.5293533 49.993594, 8.529089900000001 49.9941087, 8.528684399999999 49.9940918, 8.5286264 49.9945218, 8.5289793 49.9946268, 8.528637 49.9953006, 8.529005700000001 49.9952905, 8.5287682 49.9959166, 8.5287212 49.995981, 8.5302591 49.9969823, 8.530216100000001 50.0013428, 8.530135100000001 50.0101605, 8.5300862 50.01517, 8.5300685 50.016437, 8.530020499999999 50.021279, 8.5314578 50.0213467, 8.531901899999999 50.0214461, 8.532185800000001 50.0215326, 8.532212599999999 50.0216446, 8.5325057 50.0229719, 8.532678300000001 50.0231096, 8.5319754 50.023094, 8.531564299999999 50.0229946, 8.5302816 50.0227236, 8.5294569 50.0225315, 8.5294072 50.0226133, 8.5293353 50.0227424, 8.530693299999999 50.0230251, 8.5320429 50.0233309, 8.534035299999999 50.0238208, 8.5351458 50.0240883, 8.5358164 50.0242538, 8.536103499999999 50.0243228, 8.536728 50.0244728, 8.5370864 50.024559, 8.539639599999999 50.0251702, 8.539692799999999 50.0251827, 8.540568800000001 50.023637, 8.541135499999999 50.0231674, 8.5473496 50.0230151, 8.549951699999999 50.0229407, 8.5501281 50.0229542, 8.551811000000001 50.022878, 8.5526433 50.0229187, 8.5546291 50.0232774, 8.555450799999999 50.0232875, 8.5566786 50.0231647, 8.5570126 50.0230794, 8.557148 50.0230449, 8.5574712 50.0229544, 8.5575785 50.0229467, 8.5576495 50.0229381, 8.5584033 50.0227399, 8.558467 50.0227516, 8.558636699999999 50.0227829, 8.5587994 50.0228128, 8.558977199999999 50.022518, 8.5589938 50.0225135, 8.561452299999999 50.0218356, 8.561620599999999 50.0218067, 8.561791400000001 50.0218144, 8.565171899999999 50.0225946, 8.570838699999999 50.0239604, 8.5709453 50.0239668, 8.571024700000001 50.0239359, 8.572127500000001 50.0221253, 8.5726897 50.0219475, 8.5781519 50.0232686, 8.5810897 50.0239956, 8.5820294 50.0232389, 8.582708999999999 50.0227763, 8.582481 50.0225244, 8.58375 50.0220664, 8.584417500000001 50.0222899, 8.5851565 50.0222177, 8.585336099999999 50.0224079, 8.5856595 50.0222462, 8.586296900000001 50.0211608, 8.5864086 50.0210866, 8.5866302 50.0210077, 8.5868146 50.0209933, 8.5870734 50.0210172, 8.5873267 50.0210962, 8.587581800000001 50.0212123, 8.588714100000001 50.0222748, 8.5897346 50.0232212, 8.590907899999999 50.0243124, 8.5910476 50.0243183, 8.591066100000001 50.0243322, 8.5912314 50.0245894, 8.5912875 50.0260607, 8.5916693 50.0278206, 8.592465900000001 50.0301482, 8.5935562 50.0328262, 8.5936352 50.0327586, 8.593680000000001 50.0325556, 8.5939993 50.0332862, 8.593980999999999 50.033391, 8.5938728 50.0336017, 8.5936225 50.0337929, 8.592485999999999 50.0341405, 8.592404 50.034181, 8.5923961 50.0342327, 8.5926928 50.0344955, 8.5930576 50.0349163, 8.5933131 50.0351535, 8.5933574 50.0357432, 8.593764200000001 50.0363744, 8.5954867 50.0371112, 8.595790900000001 50.0374334, 8.5962592 50.0383357, 8.596326899999999 50.0384407, 8.596697000000001 50.039259, 8.596667500000001 50.0393227, 8.5969465 50.0397482, 8.5970668 50.0398498, 8.5973109 50.0402564, 8.5976841 50.0409608, 8.5979572 50.041462, 8.598157499999999 50.0418668, 8.5985665 50.0426559, 8.5988214 50.0431864, 8.599400299999999 50.0443578, 8.5996326 50.044802, 8.5998942 50.045324, 8.600054800000001 50.0455498, 8.600100400000001 50.0457496, 8.600272 50.0461354, 8.600352900000001 50.046404, 8.600696900000001 50.0471147, 8.6008598 50.047484, 8.6010288 50.047825, 8.6012702 50.0484657, 8.601589000000001 50.0492684, 8.601672499999999 50.0495801, 8.6016779 50.0499366, 8.6016967 50.0502638, 8.6016511 50.0506479, 8.6014821 50.0510957, 8.601307800000001 50.051354, 8.6010583 50.0515865, 8.6006158 50.051912, 8.6002107 50.0521187, 8.599816499999999 50.0522823, 8.5993578 50.0523942, 8.597976299999999 50.0525776, 8.597136900000001 50.0526546, 8.5967457 50.052671, 8.5966545 50.0527011, 8.596582099999999 50.0527278, 8.5965173 50.0527724, 8.5964762 50.0528096, 8.5964318 50.052855, 8.5962801 50.0528564, 8.596264100000001 50.0526539, 8.5963379 50.0526229, 8.596543 50.0525927, 8.597201500000001 50.0525566, 8.597540800000001 50.0525247, 8.5980089 50.0524868, 8.598039699999999 50.052467, 8.598668699999999 50.0523895, 8.599101900000001 50.0523249, 8.599430399999999 50.0522552, 8.599703999999999 50.0521777, 8.5999629 50.0520838, 8.6002364 50.051959, 8.600549600000001 50.0517856, 8.600778099999999 50.0516131, 8.600688099999999 50.0515677, 8.6006366 50.051578, 8.6006415 50.0514905, 8.600483199999999 50.0514449, 8.6003638 50.0514225, 8.6001324 50.0514216, 8.600118 50.0517332, 8.5999701 50.0517304, 8.599965600000001 50.0518283, 8.599853 50.0518261, 8.5998494 50.0519027, 8.5991537 50.0518895, 8.5991502 50.0519646, 8.599299500000001 50.0519674, 8.5992958 50.0520488, 8.599268500000001 50.0520483, 8.5992669 50.0520826, 8.599176399999999 50.0520809, 8.5991787 50.0520307, 8.5990439 50.0520281, 8.5990451 50.0520024, 8.5983939 50.0519899, 8.598381699999999 50.0522896, 8.598217699999999 50.0522901, 8.5981872 50.0523266, 8.598071900000001 50.0523731, 8.597768200000001 50.0524069, 8.5972726 50.0524403, 8.5965334 50.0524733, 8.5953816 50.0525247, 8.5939037 50.0525919, 8.5937938 50.0525884, 8.5937053 50.052566, 8.5936649 50.0525341, 8.5936454 50.0524952, 8.593624999999999 50.0521013, 8.5935772 50.0521005, 8.593498500000001 50.0520993, 8.5934978 50.0521188, 8.593448800000001 50.0521181, 8.5934495 50.0520985, 8.5933885 50.0520976, 8.5933168 50.0520965, 8.593317799999999 50.0520685, 8.5932928 50.0520681, 8.5932716 50.0520678, 8.593270800000001 50.0521325, 8.593291300000001 50.0523363, 8.593308 50.0523359, 8.5933478 50.0527309, 8.592725 50.0527568, 8.5927203 50.0527102, 8.5927186 50.052693, 8.5927148 50.0526556, 8.592711700000001 50.0526247, 8.5910259 50.0527272, 8.5883877 50.0529095, 8.587842500000001 50.0527866, 8.5878107 50.0528416, 8.5856142 50.0529096, 8.584232399999999 50.052911, 8.583891599999999 50.0529349, 8.583601099999999 50.0529385, 8.5824009 50.0528915, 8.582058200000001 50.0530793, 8.580820599999999 50.0530647, 8.580735499999999 50.0530113, 8.5801575 50.0530294, 8.580091700000001 50.053032, 8.579799400000001 50.0530397, 8.5795391 50.0530582, 8.5794143 50.0530711, 8.579344600000001 50.0530729, 8.579295 50.0530634, 8.5792521 50.0530427, 8.579214500000001 50.0530109, 8.5791877 50.0529713, 8.579181 50.0529325, 8.5791971 50.0528731, 8.579226800000001 50.0527258, 8.579265599999999 50.0527298, 8.5792907 50.0526283, 8.5792938 50.0526155, 8.579255 50.0526115, 8.5792749 50.0525123, 8.5793245 50.0523659, 8.579354 50.0523048, 8.5793835 50.0522824, 8.5794412 50.0522669, 8.5794757 50.05227, 8.579522300000001 50.0522742, 8.580255899999999 50.0523399, 8.580292500000001 50.0521752, 8.5803037 50.0521246, 8.5804958 50.0513054, 8.580299800000001 50.0512864, 8.580088 50.0512659, 8.579969699999999 50.0512545, 8.579926499999999 50.0512503, 8.5797802 50.0512362, 8.5796846 50.0512297, 8.5796528 50.0512598, 8.579569899999999 50.0512285, 8.5794959 50.0512006, 8.5794362 50.0511978, 8.5793473 50.0511908, 8.5792179 50.0511805, 8.5792269 50.051198, 8.579269099999999 50.0512802, 8.5792474 50.0512848, 8.579198399999999 50.0512952, 8.5791504 50.051309, 8.5791562 50.0513404, 8.579156899999999 50.0513623, 8.5791597 50.0514443, 8.579150800000001 50.0515763, 8.579095799999999 50.0516776, 8.579051700000001 50.0517715, 8.57902 50.0517936, 8.578951099999999 50.051968, 8.5790986 50.0520521, 8.5791179 50.052076, 8.5790503 50.0521548, 8.579008200000001 50.0521717, 8.5789461 50.0521832, 8.5785818 50.0522055, 8.5783197 50.0522183, 8.5779426 50.0522113, 8.577715400000001 50.0521995, 8.5772745 50.0521232, 8.576316800000001 50.0518985, 8.575631100000001 50.0517554, 8.575596900000001 50.0517528, 8.5755976 50.0517403, 8.5754997 50.0517347, 8.575431399999999 50.0517421, 8.5753602 50.0517498, 8.5752971 50.0517687, 8.575209299999999 50.0517511, 8.5752474 50.0516855, 8.5751221 50.0516555, 8.5751264 50.0516481, 8.574804800000001 50.0515706, 8.574759500000001 50.0515599, 8.5747129 50.0516462, 8.5746988 50.0516666, 8.573105099999999 50.0512925, 8.5730453 50.0512782, 8.57302 50.0512721, 8.572991699999999 50.0512653, 8.5702544 50.0506083, 8.5702391 50.0506046, 8.5701959 50.0505943, 8.570173199999999 50.0505889, 8.5701532 50.0505841, 8.5686125 50.0502152, 8.568588999999999 50.0502096, 8.568611799999999 50.0501704, 8.5684547 50.0501308, 8.5672783 50.0498604, 8.567590900000001 50.0492978, 8.567641999999999 50.049183, 8.567095800000001 50.0490497, 8.567076999999999 50.0490452, 8.566716599999999 50.0489591, 8.566691 50.0490025, 8.5665031 50.0493202, 8.566360899999999 50.0493701, 8.5662938 50.049439, 8.5659344 50.0495768, 8.565628800000001 50.0495581, 8.565500999999999 50.0495641, 8.5651916 50.0496581, 8.5651031 50.049538, 8.5649724 50.0495925, 8.5649219 50.0496095, 8.564940699999999 50.0496534, 8.564819699999999 50.0498607, 8.5646912 50.0498317, 8.5646784 50.0498586, 8.5646407 50.0499126, 8.5646038 50.0499529, 8.5645685 50.0499831, 8.564537100000001 50.0500101, 8.5645262 50.0500191, 8.5644803 50.0500502, 8.5644209 50.0501112, 8.5643466 50.0501809, 8.564031399999999 50.0503307, 8.5639623 50.0503251, 8.5639146 50.050302, 8.5632415 50.049935, 8.563159600000001 50.049889, 8.5628454 50.0497125, 8.5626298 50.0495913, 8.5625213 50.0495208, 8.5624006 50.0494046, 8.5623939 50.0493357, 8.5624556 50.0491841, 8.5624907 50.0490855, 8.562613799999999 50.048881, 8.5626546 50.0488159, 8.5627449 50.0486403, 8.562817600000001 50.0485167, 8.562671699999999 50.0484848, 8.5625892 50.0484668, 8.5624985 50.0484469, 8.5623778 50.0486648, 8.562185100000001 50.048619, 8.5620168 50.0489204, 8.562038899999999 50.0489254, 8.5620061 50.048984, 8.5619885 50.04898, 8.5619648 50.0490224, 8.5611023 50.0488237, 8.561126700000001 50.04878, 8.561106799999999 50.0487754, 8.5611421 50.0487123, 8.5609158 50.0486598, 8.561223500000001 50.0484914, 8.5611695 50.0482677, 8.561155299999999 50.0481968, 8.5610859 50.0481807, 8.5611108 50.0481369, 8.5605621 50.0480155, 8.5605463 50.0480466, 8.5604701 50.0480272, 8.560389600000001 50.0480565, 8.559979 50.0479665, 8.5599411 50.0479262, 8.558828999999999 50.0476598, 8.5587941 50.0477189, 8.5586012 50.0476735, 8.5580465 50.0479611, 8.558081100000001 50.0482532, 8.5577269 50.0481714, 8.5575764 50.0481856, 8.557471100000001 50.0481956, 8.552451 50.0470903, 8.551742600000001 50.0468577, 8.5472178 50.0457622, 8.547668099999999 50.0449609, 8.547276200000001 50.0448682, 8.547187299999999 50.0448467, 8.547200500000001 50.0448181, 8.5471635 50.0447389, 8.5467987 50.0446317, 8.5465906 50.0445781, 8.546323299999999 50.044673, 8.546120699999999 50.044735, 8.5458874 50.0448014, 8.5457184 50.0448427, 8.545564199999999 50.0448728, 8.5453583 50.0449081, 8.5451424 50.0449413, 8.5449594 50.0449646, 8.544764900000001 50.0449814, 8.544584499999999 50.0449921, 8.544433 50.0449964, 8.544205 50.0450025, 8.5441802 50.0450343, 8.544156299999999 50.0450267, 8.5439267 50.0449598, 8.543504799999999 50.0448231, 8.5434942 50.0448341, 8.543399900000001 50.0448295, 8.5432623 50.0449819, 8.5432366 50.0450105, 8.5430514 50.0449399, 8.543030099999999 50.0449385, 8.542644900000001 50.044914, 8.540919499999999 50.0448006, 8.5399289 50.0447368, 8.5395086 50.0445669, 8.53938 50.0445705, 8.539236600000001 50.0447029, 8.539162899999999 50.0447748, 8.538448300000001 50.0444884, 8.5383003 50.044485, 8.5382832 50.044502, 8.538111799999999 50.0446749, 8.537542500000001 50.0444381, 8.537351299999999 50.0444166, 8.5372348 50.0445423, 8.5372197 50.0445585, 8.5375441 50.0447038, 8.537616699999999 50.0447408, 8.537880100000001 50.04493, 8.540343 50.0460167, 8.539690500000001 50.0471589, 8.539806499999999 50.0471866, 8.5432953 50.0480184, 8.543321499999999 50.0480298, 8.543334400000001 50.0480406, 8.543319500000001 50.0481827, 8.5432235 50.0481932, 8.5397114 50.0473583, 8.539592799999999 50.04733, 8.5391595 50.0480885, 8.5390999 50.0481835, 8.5385688 50.0482159, 8.537969199999999 50.0482568, 8.537447200000001 50.0483089, 8.5363468 50.0484274, 8.536207299999999 50.0484343, 8.534351300000001 50.0483241, 8.534113899999999 50.0483103, 8.5339744 50.0482827, 8.5333025 50.0481205, 8.5332624 50.048119, 8.532770599999999 50.0480011, 8.5324081 50.0479142, 8.5309218 50.0475569, 8.5308885 50.0475456, 8.5302568 50.0473975, 8.530232 50.0473841, 8.529844000000001 50.0472923, 8.528036800000001 50.0468515, 8.525620099999999 50.0462736, 8.523213500000001 50.0456953, 8.5217013 50.045337, 8.519686999999999 50.0448534, 8.5176835 50.0443726, 8.516481600000001 50.0440991, 8.5150889 50.0437689, 8.5140233 50.0435203, 8.511915399999999 50.0430168, 8.509824399999999 50.0424944, 8.507354100000001 50.0419015, 8.5050816 50.0413575, 8.5044492 50.0412143, 8.504318 50.0407817, 8.503232799999999 50.0409193, 8.502277299999999 50.0406872, 8.500303499999999 50.0402109, 8.4982273 50.0397133, 8.4961132 50.0392102, 8.494967900000001 50.0389332, 8.493790499999999 50.0386571, 8.4926972 50.0383894, 8.491611499999999 50.0381318), (8.5347057 50.0434861, 8.5347217 50.0434702, 8.5347452 50.043447, 8.534776300000001 50.0434162, 8.534804100000001 50.0433887, 8.534837599999999 50.0433556, 8.5348781 50.0433155, 8.5357444 50.0436621, 8.535948299999999 50.0436748, 8.5360227 50.0435998, 8.5360909 50.0435311, 8.5365529 50.0437154, 8.5367104 50.0437274, 8.5367351 50.0437022, 8.536924300000001 50.0435087, 8.5373702 50.0436873, 8.537421399999999 50.0436365, 8.537456000000001 50.0436356, 8.5402798 50.04382, 8.540721400000001 50.0439931, 8.540725800000001 50.0439885, 8.540825099999999 50.0439914, 8.5409916 50.0438202, 8.5409462 50.0438013, 8.5364491 50.0420602, 8.5360026 50.0418761, 8.5359564 50.041857, 8.532752 50.0405829, 8.5323873 50.040428, 8.5313192 50.0400124, 8.5308698 50.0398441, 8.530404000000001 50.0397016, 8.529907700000001 50.0395748, 8.528229899999999 50.0391747, 8.5277788 50.039041, 8.5270966 50.0388778, 8.5264031 50.038689, 8.525758400000001 50.0385653, 8.5251737 50.0384254, 8.5245 50.0382061, 8.523809999999999 50.037932, 8.523119899999999 50.0376568, 8.522549700000001 50.03742, 8.5221339 50.0372567, 8.521707599999999 50.0370687, 8.5216704 50.0370952, 8.5214075 50.0369333, 8.521229399999999 50.0367896, 8.5210311 50.0366011, 8.5209274 50.0364871, 8.520825 50.0363295, 8.5207558 50.0362131, 8.520683500000001 50.0360656, 8.5206398 50.0358403, 8.520623499999999 50.0356693, 8.5204171 50.0356466, 8.5204442 50.0358979, 8.5199064 50.0358219, 8.517951099999999 50.0357069, 8.5176202 50.0357167, 8.5173828 50.035793, 8.5171697 50.0357206, 8.5161459 50.0360361, 8.516081099999999 50.0360634, 8.516213 50.036116, 8.516243299999999 50.0361748, 8.516251799999999 50.0362014, 8.516263500000001 50.0362369, 8.516244199999999 50.0362851, 8.516175499999999 50.036334, 8.516000200000001 50.0364044, 8.5140362 50.0370141, 8.513947 50.0370331, 8.5138599 50.0370297, 8.5133831 50.0369723, 8.513241600000001 50.0370103, 8.5131101 50.037053, 8.512907200000001 50.037125, 8.5126977 50.037219, 8.5125264 50.0373052, 8.5123844 50.0374292, 8.512325799999999 50.0376295, 8.5123921 50.0377771, 8.512474900000001 50.0378842, 8.5126641 50.0380056, 8.512937000000001 50.0381239, 8.513111 50.0381786, 8.5137488 50.0383338, 8.516122899999999 50.038881, 8.517966700000001 50.039328, 8.518202 50.038911, 8.5182666 50.0387947, 8.5183447 50.0387282, 8.518395 50.0387322, 8.5186435 50.0387637, 8.5188313 50.0387964, 8.519007 50.038834, 8.519928800000001 50.0390643, 8.519848700000001 50.0391877, 8.5197521 50.0393373, 8.520027600000001 50.0394031, 8.5202826 50.0393308, 8.520405500000001 50.0393129, 8.520501400000001 50.0392817, 8.520590500000001 50.0392396, 8.5206517 50.0391845, 8.520742500000001 50.0390609, 8.520934199999999 50.0390405, 8.521164799999999 50.0390057, 8.521205 50.0390591, 8.5212667 50.0391048, 8.5213418 50.0391323, 8.5213901 50.0391392, 8.5214578 50.0391392, 8.5214947 50.0391362, 8.5215303 50.0391396, 8.521563799999999 50.0391685, 8.521602 50.0391887, 8.5225034 50.039421, 8.5227547 50.0394857, 8.522851599999999 50.0395107, 8.522354699999999 50.0403806, 8.5260759 50.0412701, 8.5260932 50.0412744, 8.526148299999999 50.0412878, 8.529785499999999 50.04216, 8.5314634 50.0422551, 8.533769899999999 50.0431559, 8.534107799999999 50.0432353, 8.5347057 50.0434861))",Number of parked airplanes, Time series of airport throughput at Flughafen Frankfurt am Main,RED,Aerospacelab SPRL,DE6,Archived
"50.03417529740082,8.553651954534535",DE,,Frankfurt,Flughafen Frankfurt am Main,Airports: Throughput (archived),Count of airplanes on Sentinel-2 image,Sentinel-2,Sentinel 2 L2A,E13b2,2020-03-25T10:30:21,108.3941606,Average value for 2019,2019,100,"X in [91.03347729104996, 108.96652270895004] --> Normal, X < 91.03347729104996 --> Low, X > 108.96652270895004 --> High",Normal,"POLYGON ((8.491611499999999 50.0381318, 8.4914699 50.0382088, 8.491382700000001 50.0382202, 8.4900027 50.037066, 8.488170999999999 50.0354671, 8.4875016 50.0348721, 8.4884045 50.0344022, 8.4877501 50.033871, 8.492978799999999 50.0313608, 8.494729 50.0331922, 8.4959527 50.0338772, 8.496079099999999 50.0340778, 8.5025935 50.0356394, 8.508748900000001 50.0371085, 8.5089752 50.0371313, 8.5091453 50.0371169, 8.509326700000001 50.0370784, 8.511405999999999 50.0364279, 8.5114181 50.0364193, 8.5115175 50.0362395, 8.511661999999999 50.036108, 8.511860499999999 50.0360505, 8.512161000000001 50.0359546, 8.5126458 50.0358025, 8.5126787 50.0357944, 8.5127164 50.0357931, 8.5127641 50.035794, 8.5128051 50.0357935, 8.5128422 50.0357858, 8.512885199999999 50.0357715, 8.514150300000001 50.0353713, 8.514188799999999 50.0353647, 8.514234399999999 50.0353616, 8.514276799999999 50.0353634, 8.514305800000001 50.0353673, 8.514338199999999 50.0353753, 8.514809400000001 50.0355653, 8.5149428 50.0355227, 8.514968700000001 50.0355144, 8.5149867 50.0354957, 8.5150179 50.0354632, 8.5150457 50.0354342, 8.515079699999999 50.0353987, 8.5151919 50.0354432, 8.515342199999999 50.0353952, 8.515385500000001 50.0353501, 8.515450400000001 50.0352825, 8.5154525 50.0352803, 8.515559700000001 50.0353258, 8.515674600000001 50.035278, 8.5156987 50.0352814, 8.515807799999999 50.0351678, 8.5154654 50.0350286, 8.5171063 50.0345677, 8.517538800000001 50.034523, 8.5178057 50.0345264, 8.519172299999999 50.0346488, 8.5193949 50.034678, 8.520194200000001 50.0347831, 8.520203499999999 50.0348495, 8.520318899999999 50.0348563, 8.5203483 50.0349134, 8.5203588 50.0349925, 8.520545200000001 50.0349977, 8.520494299999999 50.0345093, 8.5204191 50.0338227, 8.5204352 50.0338012, 8.520305199999999 50.0325762, 8.5202393 50.0320774, 8.5199806 50.029505, 8.519949499999999 50.0291317, 8.519926999999999 50.0288873, 8.519932300000001 50.028833, 8.5199284 50.0287948, 8.519780799999999 50.0276062, 8.519692300000001 50.0267773, 8.519703099999999 50.0267436, 8.5196638 50.0267307, 8.5197828 50.0265808, 8.519819699999999 50.0265929, 8.5197419 50.0260269, 8.519584999999999 50.0258667, 8.5195281 50.0256531, 8.5193577 50.0248061, 8.5193052 50.0245451, 8.519316699999999 50.0245342, 8.519314700000001 50.0245182, 8.5193128 50.0245022, 8.5192946 50.0244929, 8.5192537 50.024215, 8.5192272 50.0239787, 8.5192227 50.0237935, 8.519247 50.0236282, 8.5192689 50.023515, 8.5193034 50.0233896, 8.5193624 50.023246, 8.519462900000001 50.0230802, 8.519587700000001 50.0229269, 8.519714199999999 50.0227927, 8.519842499999999 50.022689, 8.519995400000001 50.0225831, 8.520144200000001 50.0224909, 8.520326600000001 50.0223961, 8.5204513 50.022338, 8.5207088 50.022241, 8.520900599999999 50.0221867, 8.5211956 50.0221126, 8.5213941 50.0220695, 8.521732099999999 50.0220118, 8.522017699999999 50.0219713, 8.522357 50.0219342, 8.522617199999999 50.0219127, 8.5229458 50.0218929, 8.523237099999999 50.0218799, 8.523223399999999 50.0217559, 8.5232388 50.0210915, 8.5223963 50.0210538, 8.5220667 50.0210181, 8.5220062 50.0208294, 8.5232054 50.0208654, 8.523365099999999 50.0118255, 8.5219851 50.0118123, 8.5219947 50.0103817, 8.523355499999999 50.0104194, 8.523421300000001 49.9975356, 8.5222537 49.9975329, 8.522256199999999 49.9973253, 8.5223362 49.9971716, 8.5232277 49.9965444, 8.5233431 49.9962164, 8.5235889 49.9959626, 8.522989300000001 49.9944494, 8.5239092 49.9944039, 8.5238806 49.9941595, 8.525566100000001 49.9940545, 8.525919 49.9936448, 8.524976199999999 49.9931741, 8.5278943 49.9928084, 8.5283262 49.9928592, 8.5293533 49.993594, 8.529089900000001 49.9941087, 8.528684399999999 49.9940918, 8.5286264 49.9945218, 8.5289793 49.9946268, 8.528637 49.9953006, 8.529005700000001 49.9952905, 8.5287682 49.9959166, 8.5287212 49.995981, 8.5302591 49.9969823, 8.530216100000001 50.0013428, 8.530135100000001 50.0101605, 8.5300862 50.01517, 8.5300685 50.016437, 8.530020499999999 50.021279, 8.5314578 50.0213467, 8.531901899999999 50.0214461, 8.532185800000001 50.0215326, 8.532212599999999 50.0216446, 8.5325057 50.0229719, 8.532678300000001 50.0231096, 8.5319754 50.023094, 8.531564299999999 50.0229946, 8.5302816 50.0227236, 8.5294569 50.0225315, 8.5294072 50.0226133, 8.5293353 50.0227424, 8.530693299999999 50.0230251, 8.5320429 50.0233309, 8.534035299999999 50.0238208, 8.5351458 50.0240883, 8.5358164 50.0242538, 8.536103499999999 50.0243228, 8.536728 50.0244728, 8.5370864 50.024559, 8.539639599999999 50.0251702, 8.539692799999999 50.0251827, 8.540568800000001 50.023637, 8.541135499999999 50.0231674, 8.5473496 50.0230151, 8.549951699999999 50.0229407, 8.5501281 50.0229542, 8.551811000000001 50.022878, 8.5526433 50.0229187, 8.5546291 50.0232774, 8.555450799999999 50.0232875, 8.5566786 50.0231647, 8.5570126 50.0230794, 8.557148 50.0230449, 8.5574712 50.0229544, 8.5575785 50.0229467, 8.5576495 50.0229381, 8.5584033 50.0227399, 8.558467 50.0227516, 8.558636699999999 50.0227829, 8.5587994 50.0228128, 8.558977199999999 50.022518, 8.5589938 50.0225135, 8.561452299999999 50.0218356, 8.561620599999999 50.0218067, 8.561791400000001 50.0218144, 8.565171899999999 50.0225946, 8.570838699999999 50.0239604, 8.5709453 50.0239668, 8.571024700000001 50.0239359, 8.572127500000001 50.0221253, 8.5726897 50.0219475, 8.5781519 50.0232686, 8.5810897 50.0239956, 8.5820294 50.0232389, 8.582708999999999 50.0227763, 8.582481 50.0225244, 8.58375 50.0220664, 8.584417500000001 50.0222899, 8.5851565 50.0222177, 8.585336099999999 50.0224079, 8.5856595 50.0222462, 8.586296900000001 50.0211608, 8.5864086 50.0210866, 8.5866302 50.0210077, 8.5868146 50.0209933, 8.5870734 50.0210172, 8.5873267 50.0210962, 8.587581800000001 50.0212123, 8.588714100000001 50.0222748, 8.5897346 50.0232212, 8.590907899999999 50.0243124, 8.5910476 50.0243183, 8.591066100000001 50.0243322, 8.5912314 50.0245894, 8.5912875 50.0260607, 8.5916693 50.0278206, 8.592465900000001 50.0301482, 8.5935562 50.0328262, 8.5936352 50.0327586, 8.593680000000001 50.0325556, 8.5939993 50.0332862, 8.593980999999999 50.033391, 8.5938728 50.0336017, 8.5936225 50.0337929, 8.592485999999999 50.0341405, 8.592404 50.034181, 8.5923961 50.0342327, 8.5926928 50.0344955, 8.5930576 50.0349163, 8.5933131 50.0351535, 8.5933574 50.0357432, 8.593764200000001 50.0363744, 8.5954867 50.0371112, 8.595790900000001 50.0374334, 8.5962592 50.0383357, 8.596326899999999 50.0384407, 8.596697000000001 50.039259, 8.596667500000001 50.0393227, 8.5969465 50.0397482, 8.5970668 50.0398498, 8.5973109 50.0402564, 8.5976841 50.0409608, 8.5979572 50.041462, 8.598157499999999 50.0418668, 8.5985665 50.0426559, 8.5988214 50.0431864, 8.599400299999999 50.0443578, 8.5996326 50.044802, 8.5998942 50.045324, 8.600054800000001 50.0455498, 8.600100400000001 50.0457496, 8.600272 50.0461354, 8.600352900000001 50.046404, 8.600696900000001 50.0471147, 8.6008598 50.047484, 8.6010288 50.047825, 8.6012702 50.0484657, 8.601589000000001 50.0492684, 8.601672499999999 50.0495801, 8.6016779 50.0499366, 8.6016967 50.0502638, 8.6016511 50.0506479, 8.6014821 50.0510957, 8.601307800000001 50.051354, 8.6010583 50.0515865, 8.6006158 50.051912, 8.6002107 50.0521187, 8.599816499999999 50.0522823, 8.5993578 50.0523942, 8.597976299999999 50.0525776, 8.597136900000001 50.0526546, 8.5967457 50.052671, 8.5966545 50.0527011, 8.596582099999999 50.0527278, 8.5965173 50.0527724, 8.5964762 50.0528096, 8.5964318 50.052855, 8.5962801 50.0528564, 8.596264100000001 50.0526539, 8.5963379 50.0526229, 8.596543 50.0525927, 8.597201500000001 50.0525566, 8.597540800000001 50.0525247, 8.5980089 50.0524868, 8.598039699999999 50.052467, 8.598668699999999 50.0523895, 8.599101900000001 50.0523249, 8.599430399999999 50.0522552, 8.599703999999999 50.0521777, 8.5999629 50.0520838, 8.6002364 50.051959, 8.600549600000001 50.0517856, 8.600778099999999 50.0516131, 8.600688099999999 50.0515677, 8.6006366 50.051578, 8.6006415 50.0514905, 8.600483199999999 50.0514449, 8.6003638 50.0514225, 8.6001324 50.0514216, 8.600118 50.0517332, 8.5999701 50.0517304, 8.599965600000001 50.0518283, 8.599853 50.0518261, 8.5998494 50.0519027, 8.5991537 50.0518895, 8.5991502 50.0519646, 8.599299500000001 50.0519674, 8.5992958 50.0520488, 8.599268500000001 50.0520483, 8.5992669 50.0520826, 8.599176399999999 50.0520809, 8.5991787 50.0520307, 8.5990439 50.0520281, 8.5990451 50.0520024, 8.5983939 50.0519899, 8.598381699999999 50.0522896, 8.598217699999999 50.0522901, 8.5981872 50.0523266, 8.598071900000001 50.0523731, 8.597768200000001 50.0524069, 8.5972726 50.0524403, 8.5965334 50.0524733, 8.5953816 50.0525247, 8.5939037 50.0525919, 8.5937938 50.0525884, 8.5937053 50.052566, 8.5936649 50.0525341, 8.5936454 50.0524952, 8.593624999999999 50.0521013, 8.5935772 50.0521005, 8.593498500000001 50.0520993, 8.5934978 50.0521188, 8.593448800000001 50.0521181, 8.5934495 50.0520985, 8.5933885 50.0520976, 8.5933168 50.0520965, 8.593317799999999 50.0520685, 8.5932928 50.0520681, 8.5932716 50.0520678, 8.593270800000001 50.0521325, 8.593291300000001 50.0523363, 8.593308 50.0523359, 8.5933478 50.0527309, 8.592725 50.0527568, 8.5927203 50.0527102, 8.5927186 50.052693, 8.5927148 50.0526556, 8.592711700000001 50.0526247, 8.5910259 50.0527272, 8.5883877 50.0529095, 8.587842500000001 50.0527866, 8.5878107 50.0528416, 8.5856142 50.0529096, 8.584232399999999 50.052911, 8.583891599999999 50.0529349, 8.583601099999999 50.0529385, 8.5824009 50.0528915, 8.582058200000001 50.0530793, 8.580820599999999 50.0530647, 8.580735499999999 50.0530113, 8.5801575 50.0530294, 8.580091700000001 50.053032, 8.579799400000001 50.0530397, 8.5795391 50.0530582, 8.5794143 50.0530711, 8.579344600000001 50.0530729, 8.579295 50.0530634, 8.5792521 50.0530427, 8.579214500000001 50.0530109, 8.5791877 50.0529713, 8.579181 50.0529325, 8.5791971 50.0528731, 8.579226800000001 50.0527258, 8.579265599999999 50.0527298, 8.5792907 50.0526283, 8.5792938 50.0526155, 8.579255 50.0526115, 8.5792749 50.0525123, 8.5793245 50.0523659, 8.579354 50.0523048, 8.5793835 50.0522824, 8.5794412 50.0522669, 8.5794757 50.05227, 8.579522300000001 50.0522742, 8.580255899999999 50.0523399, 8.580292500000001 50.0521752, 8.5803037 50.0521246, 8.5804958 50.0513054, 8.580299800000001 50.0512864, 8.580088 50.0512659, 8.579969699999999 50.0512545, 8.579926499999999 50.0512503, 8.5797802 50.0512362, 8.5796846 50.0512297, 8.5796528 50.0512598, 8.579569899999999 50.0512285, 8.5794959 50.0512006, 8.5794362 50.0511978, 8.5793473 50.0511908, 8.5792179 50.0511805, 8.5792269 50.051198, 8.579269099999999 50.0512802, 8.5792474 50.0512848, 8.579198399999999 50.0512952, 8.5791504 50.051309, 8.5791562 50.0513404, 8.579156899999999 50.0513623, 8.5791597 50.0514443, 8.579150800000001 50.0515763, 8.579095799999999 50.0516776, 8.579051700000001 50.0517715, 8.57902 50.0517936, 8.578951099999999 50.051968, 8.5790986 50.0520521, 8.5791179 50.052076, 8.5790503 50.0521548, 8.579008200000001 50.0521717, 8.5789461 50.0521832, 8.5785818 50.0522055, 8.5783197 50.0522183, 8.5779426 50.0522113, 8.577715400000001 50.0521995, 8.5772745 50.0521232, 8.576316800000001 50.0518985, 8.575631100000001 50.0517554, 8.575596900000001 50.0517528, 8.5755976 50.0517403, 8.5754997 50.0517347, 8.575431399999999 50.0517421, 8.5753602 50.0517498, 8.5752971 50.0517687, 8.575209299999999 50.0517511, 8.5752474 50.0516855, 8.5751221 50.0516555, 8.5751264 50.0516481, 8.574804800000001 50.0515706, 8.574759500000001 50.0515599, 8.5747129 50.0516462, 8.5746988 50.0516666, 8.573105099999999 50.0512925, 8.5730453 50.0512782, 8.57302 50.0512721, 8.572991699999999 50.0512653, 8.5702544 50.0506083, 8.5702391 50.0506046, 8.5701959 50.0505943, 8.570173199999999 50.0505889, 8.5701532 50.0505841, 8.5686125 50.0502152, 8.568588999999999 50.0502096, 8.568611799999999 50.0501704, 8.5684547 50.0501308, 8.5672783 50.0498604, 8.567590900000001 50.0492978, 8.567641999999999 50.049183, 8.567095800000001 50.0490497, 8.567076999999999 50.0490452, 8.566716599999999 50.0489591, 8.566691 50.0490025, 8.5665031 50.0493202, 8.566360899999999 50.0493701, 8.5662938 50.049439, 8.5659344 50.0495768, 8.565628800000001 50.0495581, 8.565500999999999 50.0495641, 8.5651916 50.0496581, 8.5651031 50.049538, 8.5649724 50.0495925, 8.5649219 50.0496095, 8.564940699999999 50.0496534, 8.564819699999999 50.0498607, 8.5646912 50.0498317, 8.5646784 50.0498586, 8.5646407 50.0499126, 8.5646038 50.0499529, 8.5645685 50.0499831, 8.564537100000001 50.0500101, 8.5645262 50.0500191, 8.5644803 50.0500502, 8.5644209 50.0501112, 8.5643466 50.0501809, 8.564031399999999 50.0503307, 8.5639623 50.0503251, 8.5639146 50.050302, 8.5632415 50.049935, 8.563159600000001 50.049889, 8.5628454 50.0497125, 8.5626298 50.0495913, 8.5625213 50.0495208, 8.5624006 50.0494046, 8.5623939 50.0493357, 8.5624556 50.0491841, 8.5624907 50.0490855, 8.562613799999999 50.048881, 8.5626546 50.0488159, 8.5627449 50.0486403, 8.562817600000001 50.0485167, 8.562671699999999 50.0484848, 8.5625892 50.0484668, 8.5624985 50.0484469, 8.5623778 50.0486648, 8.562185100000001 50.048619, 8.5620168 50.0489204, 8.562038899999999 50.0489254, 8.5620061 50.048984, 8.5619885 50.04898, 8.5619648 50.0490224, 8.5611023 50.0488237, 8.561126700000001 50.04878, 8.561106799999999 50.0487754, 8.5611421 50.0487123, 8.5609158 50.0486598, 8.561223500000001 50.0484914, 8.5611695 50.0482677, 8.561155299999999 50.0481968, 8.5610859 50.0481807, 8.5611108 50.0481369, 8.5605621 50.0480155, 8.5605463 50.0480466, 8.5604701 50.0480272, 8.560389600000001 50.0480565, 8.559979 50.0479665, 8.5599411 50.0479262, 8.558828999999999 50.0476598, 8.5587941 50.0477189, 8.5586012 50.0476735, 8.5580465 50.0479611, 8.558081100000001 50.0482532, 8.5577269 50.0481714, 8.5575764 50.0481856, 8.557471100000001 50.0481956, 8.552451 50.0470903, 8.551742600000001 50.0468577, 8.5472178 50.0457622, 8.547668099999999 50.0449609, 8.547276200000001 50.0448682, 8.547187299999999 50.0448467, 8.547200500000001 50.0448181, 8.5471635 50.0447389, 8.5467987 50.0446317, 8.5465906 50.0445781, 8.546323299999999 50.044673, 8.546120699999999 50.044735, 8.5458874 50.0448014, 8.5457184 50.0448427, 8.545564199999999 50.0448728, 8.5453583 50.0449081, 8.5451424 50.0449413, 8.5449594 50.0449646, 8.544764900000001 50.0449814, 8.544584499999999 50.0449921, 8.544433 50.0449964, 8.544205 50.0450025, 8.5441802 50.0450343, 8.544156299999999 50.0450267, 8.5439267 50.0449598, 8.543504799999999 50.0448231, 8.5434942 50.0448341, 8.543399900000001 50.0448295, 8.5432623 50.0449819, 8.5432366 50.0450105, 8.5430514 50.0449399, 8.543030099999999 50.0449385, 8.542644900000001 50.044914, 8.540919499999999 50.0448006, 8.5399289 50.0447368, 8.5395086 50.0445669, 8.53938 50.0445705, 8.539236600000001 50.0447029, 8.539162899999999 50.0447748, 8.538448300000001 50.0444884, 8.5383003 50.044485, 8.5382832 50.044502, 8.538111799999999 50.0446749, 8.537542500000001 50.0444381, 8.537351299999999 50.0444166, 8.5372348 50.0445423, 8.5372197 50.0445585, 8.5375441 50.0447038, 8.537616699999999 50.0447408, 8.537880100000001 50.04493, 8.540343 50.0460167, 8.539690500000001 50.0471589, 8.539806499999999 50.0471866, 8.5432953 50.0480184, 8.543321499999999 50.0480298, 8.543334400000001 50.0480406, 8.543319500000001 50.0481827, 8.5432235 50.0481932, 8.5397114 50.0473583, 8.539592799999999 50.04733, 8.5391595 50.0480885, 8.5390999 50.0481835, 8.5385688 50.0482159, 8.537969199999999 50.0482568, 8.537447200000001 50.0483089, 8.5363468 50.0484274, 8.536207299999999 50.0484343, 8.534351300000001 50.0483241, 8.534113899999999 50.0483103, 8.5339744 50.0482827, 8.5333025 50.0481205, 8.5332624 50.048119, 8.532770599999999 50.0480011, 8.5324081 50.0479142, 8.5309218 50.0475569, 8.5308885 50.0475456, 8.5302568 50.0473975, 8.530232 50.0473841, 8.529844000000001 50.0472923, 8.528036800000001 50.0468515, 8.525620099999999 50.0462736, 8.523213500000001 50.0456953, 8.5217013 50.045337, 8.519686999999999 50.0448534, 8.5176835 50.0443726, 8.516481600000001 50.0440991, 8.5150889 50.0437689, 8.5140233 50.0435203, 8.511915399999999 50.0430168, 8.509824399999999 50.0424944, 8.507354100000001 50.0419015, 8.5050816 50.0413575, 8.5044492 50.0412143, 8.504318 50.0407817, 8.503232799999999 50.0409193, 8.502277299999999 50.0406872, 8.500303499999999 50.0402109, 8.4982273 50.0397133, 8.4961132 50.0392102, 8.494967900000001 50.0389332, 8.493790499999999 50.0386571, 8.4926972 50.0383894, 8.491611499999999 50.0381318), (8.5347057 50.0434861, 8.5347217 50.0434702, 8.5347452 50.043447, 8.534776300000001 50.0434162, 8.534804100000001 50.0433887, 8.534837599999999 50.0433556, 8.5348781 50.0433155, 8.5357444 50.0436621, 8.535948299999999 50.0436748, 8.5360227 50.0435998, 8.5360909 50.0435311, 8.5365529 50.0437154, 8.5367104 50.0437274, 8.5367351 50.0437022, 8.536924300000001 50.0435087, 8.5373702 50.0436873, 8.537421399999999 50.0436365, 8.537456000000001 50.0436356, 8.5402798 50.04382, 8.540721400000001 50.0439931, 8.540725800000001 50.0439885, 8.540825099999999 50.0439914, 8.5409916 50.0438202, 8.5409462 50.0438013, 8.5364491 50.0420602, 8.5360026 50.0418761, 8.5359564 50.041857, 8.532752 50.0405829, 8.5323873 50.040428, 8.5313192 50.0400124, 8.5308698 50.0398441, 8.530404000000001 50.0397016, 8.529907700000001 50.0395748, 8.528229899999999 50.0391747, 8.5277788 50.039041, 8.5270966 50.0388778, 8.5264031 50.038689, 8.525758400000001 50.0385653, 8.5251737 50.0384254, 8.5245 50.0382061, 8.523809999999999 50.037932, 8.523119899999999 50.0376568, 8.522549700000001 50.03742, 8.5221339 50.0372567, 8.521707599999999 50.0370687, 8.5216704 50.0370952, 8.5214075 50.0369333, 8.521229399999999 50.0367896, 8.5210311 50.0366011, 8.5209274 50.0364871, 8.520825 50.0363295, 8.5207558 50.0362131, 8.520683500000001 50.0360656, 8.5206398 50.0358403, 8.520623499999999 50.0356693, 8.5204171 50.0356466, 8.5204442 50.0358979, 8.5199064 50.0358219, 8.517951099999999 50.0357069, 8.5176202 50.0357167, 8.5173828 50.035793, 8.5171697 50.0357206, 8.5161459 50.0360361, 8.516081099999999 50.0360634, 8.516213 50.036116, 8.516243299999999 50.0361748, 8.516251799999999 50.0362014, 8.516263500000001 50.0362369, 8.516244199999999 50.0362851, 8.516175499999999 50.036334, 8.516000200000001 50.0364044, 8.5140362 50.0370141, 8.513947 50.0370331, 8.5138599 50.0370297, 8.5133831 50.0369723, 8.513241600000001 50.0370103, 8.5131101 50.037053, 8.512907200000001 50.037125, 8.5126977 50.037219, 8.5125264 50.0373052, 8.5123844 50.0374292, 8.512325799999999 50.0376295, 8.5123921 50.0377771, 8.512474900000001 50.0378842, 8.5126641 50.0380056, 8.512937000000001 50.0381239, 8.513111 50.0381786, 8.5137488 50.0383338, 8.516122899999999 50.038881, 8.517966700000001 50.039328, 8.518202 50.038911, 8.5182666 50.0387947, 8.5183447 50.0387282, 8.518395 50.0387322, 8.5186435 50.0387637, 8.5188313 50.0387964, 8.519007 50.038834, 8.519928800000001 50.0390643, 8.519848700000001 50.0391877, 8.5197521 50.0393373, 8.520027600000001 50.0394031, 8.5202826 50.0393308, 8.520405500000001 50.0393129, 8.520501400000001 50.0392817, 8.520590500000001 50.0392396, 8.5206517 50.0391845, 8.520742500000001 50.0390609, 8.520934199999999 50.0390405, 8.521164799999999 50.0390057, 8.521205 50.0390591, 8.5212667 50.0391048, 8.5213418 50.0391323, 8.5213901 50.0391392, 8.5214578 50.0391392, 8.5214947 50.0391362, 8.5215303 50.0391396, 8.521563799999999 50.0391685, 8.521602 50.0391887, 8.5225034 50.039421, 8.5227547 50.0394857, 8.522851599999999 50.0395107, 8.522354699999999 50.0403806, 8.5260759 50.0412701, 8.5260932 50.0412744, 8.526148299999999 50.0412878, 8.529785499999999 50.04216, 8.5314634 50.0422551, 8.533769899999999 50.0431559, 8.534107799999999 50.0432353, 8.5347057 50.0434861))",Number of parked airplanes, Time series of airport throughput at Flughafen Frankfurt am Main,BLUE,Aerospacelab SPRL,DE6,Archived
"50.03417529740082,8.553651954534535",DE,,Frankfurt,Flughafen Frankfurt am Main,Airports: Throughput (archived),Count of airplanes on Sentinel-2 image,Sentinel-2,Sentinel 2 L2A,E13b2,2020-03-30T10:26:09,116.0583942,Average value for 2019,2019,100,"X in [91.03347729104996, 108.96652270895004] --> Normal, X < 91.03347729104996 --> Low, X > 108.96652270895004 --> High",High,"POLYGON ((8.491611499999999 50.0381318, 8.4914699 50.0382088, 8.491382700000001 50.0382202, 8.4900027 50.037066, 8.488170999999999 50.0354671, 8.4875016 50.0348721, 8.4884045 50.0344022, 8.4877501 50.033871, 8.492978799999999 50.0313608, 8.494729 50.0331922, 8.4959527 50.0338772, 8.496079099999999 50.0340778, 8.5025935 50.0356394, 8.508748900000001 50.0371085, 8.5089752 50.0371313, 8.5091453 50.0371169, 8.509326700000001 50.0370784, 8.511405999999999 50.0364279, 8.5114181 50.0364193, 8.5115175 50.0362395, 8.511661999999999 50.036108, 8.511860499999999 50.0360505, 8.512161000000001 50.0359546, 8.5126458 50.0358025, 8.5126787 50.0357944, 8.5127164 50.0357931, 8.5127641 50.035794, 8.5128051 50.0357935, 8.5128422 50.0357858, 8.512885199999999 50.0357715, 8.514150300000001 50.0353713, 8.514188799999999 50.0353647, 8.514234399999999 50.0353616, 8.514276799999999 50.0353634, 8.514305800000001 50.0353673, 8.514338199999999 50.0353753, 8.514809400000001 50.0355653, 8.5149428 50.0355227, 8.514968700000001 50.0355144, 8.5149867 50.0354957, 8.5150179 50.0354632, 8.5150457 50.0354342, 8.515079699999999 50.0353987, 8.5151919 50.0354432, 8.515342199999999 50.0353952, 8.515385500000001 50.0353501, 8.515450400000001 50.0352825, 8.5154525 50.0352803, 8.515559700000001 50.0353258, 8.515674600000001 50.035278, 8.5156987 50.0352814, 8.515807799999999 50.0351678, 8.5154654 50.0350286, 8.5171063 50.0345677, 8.517538800000001 50.034523, 8.5178057 50.0345264, 8.519172299999999 50.0346488, 8.5193949 50.034678, 8.520194200000001 50.0347831, 8.520203499999999 50.0348495, 8.520318899999999 50.0348563, 8.5203483 50.0349134, 8.5203588 50.0349925, 8.520545200000001 50.0349977, 8.520494299999999 50.0345093, 8.5204191 50.0338227, 8.5204352 50.0338012, 8.520305199999999 50.0325762, 8.5202393 50.0320774, 8.5199806 50.029505, 8.519949499999999 50.0291317, 8.519926999999999 50.0288873, 8.519932300000001 50.028833, 8.5199284 50.0287948, 8.519780799999999 50.0276062, 8.519692300000001 50.0267773, 8.519703099999999 50.0267436, 8.5196638 50.0267307, 8.5197828 50.0265808, 8.519819699999999 50.0265929, 8.5197419 50.0260269, 8.519584999999999 50.0258667, 8.5195281 50.0256531, 8.5193577 50.0248061, 8.5193052 50.0245451, 8.519316699999999 50.0245342, 8.519314700000001 50.0245182, 8.5193128 50.0245022, 8.5192946 50.0244929, 8.5192537 50.024215, 8.5192272 50.0239787, 8.5192227 50.0237935, 8.519247 50.0236282, 8.5192689 50.023515, 8.5193034 50.0233896, 8.5193624 50.023246, 8.519462900000001 50.0230802, 8.519587700000001 50.0229269, 8.519714199999999 50.0227927, 8.519842499999999 50.022689, 8.519995400000001 50.0225831, 8.520144200000001 50.0224909, 8.520326600000001 50.0223961, 8.5204513 50.022338, 8.5207088 50.022241, 8.520900599999999 50.0221867, 8.5211956 50.0221126, 8.5213941 50.0220695, 8.521732099999999 50.0220118, 8.522017699999999 50.0219713, 8.522357 50.0219342, 8.522617199999999 50.0219127, 8.5229458 50.0218929, 8.523237099999999 50.0218799, 8.523223399999999 50.0217559, 8.5232388 50.0210915, 8.5223963 50.0210538, 8.5220667 50.0210181, 8.5220062 50.0208294, 8.5232054 50.0208654, 8.523365099999999 50.0118255, 8.5219851 50.0118123, 8.5219947 50.0103817, 8.523355499999999 50.0104194, 8.523421300000001 49.9975356, 8.5222537 49.9975329, 8.522256199999999 49.9973253, 8.5223362 49.9971716, 8.5232277 49.9965444, 8.5233431 49.9962164, 8.5235889 49.9959626, 8.522989300000001 49.9944494, 8.5239092 49.9944039, 8.5238806 49.9941595, 8.525566100000001 49.9940545, 8.525919 49.9936448, 8.524976199999999 49.9931741, 8.5278943 49.9928084, 8.5283262 49.9928592, 8.5293533 49.993594, 8.529089900000001 49.9941087, 8.528684399999999 49.9940918, 8.5286264 49.9945218, 8.5289793 49.9946268, 8.528637 49.9953006, 8.529005700000001 49.9952905, 8.5287682 49.9959166, 8.5287212 49.995981, 8.5302591 49.9969823, 8.530216100000001 50.0013428, 8.530135100000001 50.0101605, 8.5300862 50.01517, 8.5300685 50.016437, 8.530020499999999 50.021279, 8.5314578 50.0213467, 8.531901899999999 50.0214461, 8.532185800000001 50.0215326, 8.532212599999999 50.0216446, 8.5325057 50.0229719, 8.532678300000001 50.0231096, 8.5319754 50.023094, 8.531564299999999 50.0229946, 8.5302816 50.0227236, 8.5294569 50.0225315, 8.5294072 50.0226133, 8.5293353 50.0227424, 8.530693299999999 50.0230251, 8.5320429 50.0233309, 8.534035299999999 50.0238208, 8.5351458 50.0240883, 8.5358164 50.0242538, 8.536103499999999 50.0243228, 8.536728 50.0244728, 8.5370864 50.024559, 8.539639599999999 50.0251702, 8.539692799999999 50.0251827, 8.540568800000001 50.023637, 8.541135499999999 50.0231674, 8.5473496 50.0230151, 8.549951699999999 50.0229407, 8.5501281 50.0229542, 8.551811000000001 50.022878, 8.5526433 50.0229187, 8.5546291 50.0232774, 8.555450799999999 50.0232875, 8.5566786 50.0231647, 8.5570126 50.0230794, 8.557148 50.0230449, 8.5574712 50.0229544, 8.5575785 50.0229467, 8.5576495 50.0229381, 8.5584033 50.0227399, 8.558467 50.0227516, 8.558636699999999 50.0227829, 8.5587994 50.0228128, 8.558977199999999 50.022518, 8.5589938 50.0225135, 8.561452299999999 50.0218356, 8.561620599999999 50.0218067, 8.561791400000001 50.0218144, 8.565171899999999 50.0225946, 8.570838699999999 50.0239604, 8.5709453 50.0239668, 8.571024700000001 50.0239359, 8.572127500000001 50.0221253, 8.5726897 50.0219475, 8.5781519 50.0232686, 8.5810897 50.0239956, 8.5820294 50.0232389, 8.582708999999999 50.0227763, 8.582481 50.0225244, 8.58375 50.0220664, 8.584417500000001 50.0222899, 8.5851565 50.0222177, 8.585336099999999 50.0224079, 8.5856595 50.0222462, 8.586296900000001 50.0211608, 8.5864086 50.0210866, 8.5866302 50.0210077, 8.5868146 50.0209933, 8.5870734 50.0210172, 8.5873267 50.0210962, 8.587581800000001 50.0212123, 8.588714100000001 50.0222748, 8.5897346 50.0232212, 8.590907899999999 50.0243124, 8.5910476 50.0243183, 8.591066100000001 50.0243322, 8.5912314 50.0245894, 8.5912875 50.0260607, 8.5916693 50.0278206, 8.592465900000001 50.0301482, 8.5935562 50.0328262, 8.5936352 50.0327586, 8.593680000000001 50.0325556, 8.5939993 50.0332862, 8.593980999999999 50.033391, 8.5938728 50.0336017, 8.5936225 50.0337929, 8.592485999999999 50.0341405, 8.592404 50.034181, 8.5923961 50.0342327, 8.5926928 50.0344955, 8.5930576 50.0349163, 8.5933131 50.0351535, 8.5933574 50.0357432, 8.593764200000001 50.0363744, 8.5954867 50.0371112, 8.595790900000001 50.0374334, 8.5962592 50.0383357, 8.596326899999999 50.0384407, 8.596697000000001 50.039259, 8.596667500000001 50.0393227, 8.5969465 50.0397482, 8.5970668 50.0398498, 8.5973109 50.0402564, 8.5976841 50.0409608, 8.5979572 50.041462, 8.598157499999999 50.0418668, 8.5985665 50.0426559, 8.5988214 50.0431864, 8.599400299999999 50.0443578, 8.5996326 50.044802, 8.5998942 50.045324, 8.600054800000001 50.0455498, 8.600100400000001 50.0457496, 8.600272 50.0461354, 8.600352900000001 50.046404, 8.600696900000001 50.0471147, 8.6008598 50.047484, 8.6010288 50.047825, 8.6012702 50.0484657, 8.601589000000001 50.0492684, 8.601672499999999 50.0495801, 8.6016779 50.0499366, 8.6016967 50.0502638, 8.6016511 50.0506479, 8.6014821 50.0510957, 8.601307800000001 50.051354, 8.6010583 50.0515865, 8.6006158 50.051912, 8.6002107 50.0521187, 8.599816499999999 50.0522823, 8.5993578 50.0523942, 8.597976299999999 50.0525776, 8.597136900000001 50.0526546, 8.5967457 50.052671, 8.5966545 50.0527011, 8.596582099999999 50.0527278, 8.5965173 50.0527724, 8.5964762 50.0528096, 8.5964318 50.052855, 8.5962801 50.0528564, 8.596264100000001 50.0526539, 8.5963379 50.0526229, 8.596543 50.0525927, 8.597201500000001 50.0525566, 8.597540800000001 50.0525247, 8.5980089 50.0524868, 8.598039699999999 50.052467, 8.598668699999999 50.0523895, 8.599101900000001 50.0523249, 8.599430399999999 50.0522552, 8.599703999999999 50.0521777, 8.5999629 50.0520838, 8.6002364 50.051959, 8.600549600000001 50.0517856, 8.600778099999999 50.0516131, 8.600688099999999 50.0515677, 8.6006366 50.051578, 8.6006415 50.0514905, 8.600483199999999 50.0514449, 8.6003638 50.0514225, 8.6001324 50.0514216, 8.600118 50.0517332, 8.5999701 50.0517304, 8.599965600000001 50.0518283, 8.599853 50.0518261, 8.5998494 50.0519027, 8.5991537 50.0518895, 8.5991502 50.0519646, 8.599299500000001 50.0519674, 8.5992958 50.0520488, 8.599268500000001 50.0520483, 8.5992669 50.0520826, 8.599176399999999 50.0520809, 8.5991787 50.0520307, 8.5990439 50.0520281, 8.5990451 50.0520024, 8.5983939 50.0519899, 8.598381699999999 50.0522896, 8.598217699999999 50.0522901, 8.5981872 50.0523266, 8.598071900000001 50.0523731, 8.597768200000001 50.0524069, 8.5972726 50.0524403, 8.5965334 50.0524733, 8.5953816 50.0525247, 8.5939037 50.0525919, 8.5937938 50.0525884, 8.5937053 50.052566, 8.5936649 50.0525341, 8.5936454 50.0524952, 8.593624999999999 50.0521013, 8.5935772 50.0521005, 8.593498500000001 50.0520993, 8.5934978 50.0521188, 8.593448800000001 50.0521181, 8.5934495 50.0520985, 8.5933885 50.0520976, 8.5933168 50.0520965, 8.593317799999999 50.0520685, 8.5932928 50.0520681, 8.5932716 50.0520678, 8.593270800000001 50.0521325, 8.593291300000001 50.0523363, 8.593308 50.0523359, 8.5933478 50.0527309, 8.592725 50.0527568, 8.5927203 50.0527102, 8.5927186 50.052693, 8.5927148 50.0526556, 8.592711700000001 50.0526247, 8.5910259 50.0527272, 8.5883877 50.0529095, 8.587842500000001 50.0527866, 8.5878107 50.0528416, 8.5856142 50.0529096, 8.584232399999999 50.052911, 8.583891599999999 50.0529349, 8.583601099999999 50.0529385, 8.5824009 50.0528915, 8.582058200000001 50.0530793, 8.580820599999999 50.0530647, 8.580735499999999 50.0530113, 8.5801575 50.0530294, 8.580091700000001 50.053032, 8.579799400000001 50.0530397, 8.5795391 50.0530582, 8.5794143 50.0530711, 8.579344600000001 50.0530729, 8.579295 50.0530634, 8.5792521 50.0530427, 8.579214500000001 50.0530109, 8.5791877 50.0529713, 8.579181 50.0529325, 8.5791971 50.0528731, 8.579226800000001 50.0527258, 8.579265599999999 50.0527298, 8.5792907 50.0526283, 8.5792938 50.0526155, 8.579255 50.0526115, 8.5792749 50.0525123, 8.5793245 50.0523659, 8.579354 50.0523048, 8.5793835 50.0522824, 8.5794412 50.0522669, 8.5794757 50.05227, 8.579522300000001 50.0522742, 8.580255899999999 50.0523399, 8.580292500000001 50.0521752, 8.5803037 50.0521246, 8.5804958 50.0513054, 8.580299800000001 50.0512864, 8.580088 50.0512659, 8.579969699999999 50.0512545, 8.579926499999999 50.0512503, 8.5797802 50.0512362, 8.5796846 50.0512297, 8.5796528 50.0512598, 8.579569899999999 50.0512285, 8.5794959 50.0512006, 8.5794362 50.0511978, 8.5793473 50.0511908, 8.5792179 50.0511805, 8.5792269 50.051198, 8.579269099999999 50.0512802, 8.5792474 50.0512848, 8.579198399999999 50.0512952, 8.5791504 50.051309, 8.5791562 50.0513404, 8.579156899999999 50.0513623, 8.5791597 50.0514443, 8.579150800000001 50.0515763, 8.579095799999999 50.0516776, 8.579051700000001 50.0517715, 8.57902 50.0517936, 8.578951099999999 50.051968, 8.5790986 50.0520521, 8.5791179 50.052076, 8.5790503 50.0521548, 8.579008200000001 50.0521717, 8.5789461 50.0521832, 8.5785818 50.0522055, 8.5783197 50.0522183, 8.5779426 50.0522113, 8.577715400000001 50.0521995, 8.5772745 50.0521232, 8.576316800000001 50.0518985, 8.575631100000001 50.0517554, 8.575596900000001 50.0517528, 8.5755976 50.0517403, 8.5754997 50.0517347, 8.575431399999999 50.0517421, 8.5753602 50.0517498, 8.5752971 50.0517687, 8.575209299999999 50.0517511, 8.5752474 50.0516855, 8.5751221 50.0516555, 8.5751264 50.0516481, 8.574804800000001 50.0515706, 8.574759500000001 50.0515599, 8.5747129 50.0516462, 8.5746988 50.0516666, 8.573105099999999 50.0512925, 8.5730453 50.0512782, 8.57302 50.0512721, 8.572991699999999 50.0512653, 8.5702544 50.0506083, 8.5702391 50.0506046, 8.5701959 50.0505943, 8.570173199999999 50.0505889, 8.5701532 50.0505841, 8.5686125 50.0502152, 8.568588999999999 50.0502096, 8.568611799999999 50.0501704, 8.5684547 50.0501308, 8.5672783 50.0498604, 8.567590900000001 50.0492978, 8.567641999999999 50.049183, 8.567095800000001 50.0490497, 8.567076999999999 50.0490452, 8.566716599999999 50.0489591, 8.566691 50.0490025, 8.5665031 50.0493202, 8.566360899999999 50.0493701, 8.5662938 50.049439, 8.5659344 50.0495768, 8.565628800000001 50.0495581, 8.565500999999999 50.0495641, 8.5651916 50.0496581, 8.5651031 50.049538, 8.5649724 50.0495925, 8.5649219 50.0496095, 8.564940699999999 50.0496534, 8.564819699999999 50.0498607, 8.5646912 50.0498317, 8.5646784 50.0498586, 8.5646407 50.0499126, 8.5646038 50.0499529, 8.5645685 50.0499831, 8.564537100000001 50.0500101, 8.5645262 50.0500191, 8.5644803 50.0500502, 8.5644209 50.0501112, 8.5643466 50.0501809, 8.564031399999999 50.0503307, 8.5639623 50.0503251, 8.5639146 50.050302, 8.5632415 50.049935, 8.563159600000001 50.049889, 8.5628454 50.0497125, 8.5626298 50.0495913, 8.5625213 50.0495208, 8.5624006 50.0494046, 8.5623939 50.0493357, 8.5624556 50.0491841, 8.5624907 50.0490855, 8.562613799999999 50.048881, 8.5626546 50.0488159, 8.5627449 50.0486403, 8.562817600000001 50.0485167, 8.562671699999999 50.0484848, 8.5625892 50.0484668, 8.5624985 50.0484469, 8.5623778 50.0486648, 8.562185100000001 50.048619, 8.5620168 50.0489204, 8.562038899999999 50.0489254, 8.5620061 50.048984, 8.5619885 50.04898, 8.5619648 50.0490224, 8.5611023 50.0488237, 8.561126700000001 50.04878, 8.561106799999999 50.0487754, 8.5611421 50.0487123, 8.5609158 50.0486598, 8.561223500000001 50.0484914, 8.5611695 50.0482677, 8.561155299999999 50.0481968, 8.5610859 50.0481807, 8.5611108 50.0481369, 8.5605621 50.0480155, 8.5605463 50.0480466, 8.5604701 50.0480272, 8.560389600000001 50.0480565, 8.559979 50.0479665, 8.5599411 50.0479262, 8.558828999999999 50.0476598, 8.5587941 50.0477189, 8.5586012 50.0476735, 8.5580465 50.0479611, 8.558081100000001 50.0482532, 8.5577269 50.0481714, 8.5575764 50.0481856, 8.557471100000001 50.0481956, 8.552451 50.0470903, 8.551742600000001 50.0468577, 8.5472178 50.0457622, 8.547668099999999 50.0449609, 8.547276200000001 50.0448682, 8.547187299999999 50.0448467, 8.547200500000001 50.0448181, 8.5471635 50.0447389, 8.5467987 50.0446317, 8.5465906 50.0445781, 8.546323299999999 50.044673, 8.546120699999999 50.044735, 8.5458874 50.0448014, 8.5457184 50.0448427, 8.545564199999999 50.0448728, 8.5453583 50.0449081, 8.5451424 50.0449413, 8.5449594 50.0449646, 8.544764900000001 50.0449814, 8.544584499999999 50.0449921, 8.544433 50.0449964, 8.544205 50.0450025, 8.5441802 50.0450343, 8.544156299999999 50.0450267, 8.5439267 50.0449598, 8.543504799999999 50.0448231, 8.5434942 50.0448341, 8.543399900000001 50.0448295, 8.5432623 50.0449819, 8.5432366 50.0450105, 8.5430514 50.0449399, 8.543030099999999 50.0449385, 8.542644900000001 50.044914, 8.540919499999999 50.0448006, 8.5399289 50.0447368, 8.5395086 50.0445669, 8.53938 50.0445705, 8.539236600000001 50.0447029, 8.539162899999999 50.0447748, 8.538448300000001 50.0444884, 8.5383003 50.044485, 8.5382832 50.044502, 8.538111799999999 50.0446749, 8.537542500000001 50.0444381, 8.537351299999999 50.0444166, 8.5372348 50.0445423, 8.5372197 50.0445585, 8.5375441 50.0447038, 8.537616699999999 50.0447408, 8.537880100000001 50.04493, 8.540343 50.0460167, 8.539690500000001 50.0471589, 8.539806499999999 50.0471866, 8.5432953 50.0480184, 8.543321499999999 50.0480298, 8.543334400000001 50.0480406, 8.543319500000001 50.0481827, 8.5432235 50.0481932, 8.5397114 50.0473583, 8.539592799999999 50.04733, 8.5391595 50.0480885, 8.5390999 50.0481835, 8.5385688 50.0482159, 8.537969199999999 50.0482568, 8.537447200000001 50.0483089, 8.5363468 50.0484274, 8.536207299999999 50.0484343, 8.534351300000001 50.0483241, 8.534113899999999 50.0483103, 8.5339744 50.0482827, 8.5333025 50.0481205, 8.5332624 50.048119, 8.532770599999999 50.0480011, 8.5324081 50.0479142, 8.5309218 50.0475569, 8.5308885 50.0475456, 8.5302568 50.0473975, 8.530232 50.0473841, 8.529844000000001 50.0472923, 8.528036800000001 50.0468515, 8.525620099999999 50.0462736, 8.523213500000001 50.0456953, 8.5217013 50.045337, 8.519686999999999 50.0448534, 8.5176835 50.0443726, 8.516481600000001 50.0440991, 8.5150889 50.0437689, 8.5140233 50.0435203, 8.511915399999999 50.0430168, 8.509824399999999 50.0424944, 8.507354100000001 50.0419015, 8.5050816 50.0413575, 8.5044492 50.0412143, 8.504318 50.0407817, 8.503232799999999 50.0409193, 8.502277299999999 50.0406872, 8.500303499999999 50.0402109, 8.4982273 50.0397133, 8.4961132 50.0392102, 8.494967900000001 50.0389332, 8.493790499999999 50.0386571, 8.4926972 50.0383894, 8.491611499999999 50.0381318), (8.5347057 50.0434861, 8.5347217 50.0434702, 8.5347452 50.043447, 8.534776300000001 50.0434162, 8.534804100000001 50.0433887, 8.534837599999999 50.0433556, 8.5348781 50.0433155, 8.5357444 50.0436621, 8.535948299999999 50.0436748, 8.5360227 50.0435998, 8.5360909 50.0435311, 8.5365529 50.0437154, 8.5367104 50.0437274, 8.5367351 50.0437022, 8.536924300000001 50.0435087, 8.5373702 50.0436873, 8.537421399999999 50.0436365, 8.537456000000001 50.0436356, 8.5402798 50.04382, 8.540721400000001 50.0439931, 8.540725800000001 50.0439885, 8.540825099999999 50.0439914, 8.5409916 50.0438202, 8.5409462 50.0438013, 8.5364491 50.0420602, 8.5360026 50.0418761, 8.5359564 50.041857, 8.532752 50.0405829, 8.5323873 50.040428, 8.5313192 50.0400124, 8.5308698 50.0398441, 8.530404000000001 50.0397016, 8.529907700000001 50.0395748, 8.528229899999999 50.0391747, 8.5277788 50.039041, 8.5270966 50.0388778, 8.5264031 50.038689, 8.525758400000001 50.0385653, 8.5251737 50.0384254, 8.5245 50.0382061, 8.523809999999999 50.037932, 8.523119899999999 50.0376568, 8.522549700000001 50.03742, 8.5221339 50.0372567, 8.521707599999999 50.0370687, 8.5216704 50.0370952, 8.5214075 50.0369333, 8.521229399999999 50.0367896, 8.5210311 50.0366011, 8.5209274 50.0364871, 8.520825 50.0363295, 8.5207558 50.0362131, 8.520683500000001 50.0360656, 8.5206398 50.0358403, 8.520623499999999 50.0356693, 8.5204171 50.0356466, 8.5204442 50.0358979, 8.5199064 50.0358219, 8.517951099999999 50.0357069, 8.5176202 50.0357167, 8.5173828 50.035793, 8.5171697 50.0357206, 8.5161459 50.0360361, 8.516081099999999 50.0360634, 8.516213 50.036116, 8.516243299999999 50.0361748, 8.516251799999999 50.0362014, 8.516263500000001 50.0362369, 8.516244199999999 50.0362851, 8.516175499999999 50.036334, 8.516000200000001 50.0364044, 8.5140362 50.0370141, 8.513947 50.0370331, 8.5138599 50.0370297, 8.5133831 50.0369723, 8.513241600000001 50.0370103, 8.5131101 50.037053, 8.512907200000001 50.037125, 8.5126977 50.037219, 8.5125264 50.0373052, 8.5123844 50.0374292, 8.512325799999999 50.0376295, 8.5123921 50.0377771, 8.512474900000001 50.0378842, 8.5126641 50.0380056, 8.512937000000001 50.0381239, 8.513111 50.0381786, 8.5137488 50.0383338, 8.516122899999999 50.038881, 8.517966700000001 50.039328, 8.518202 50.038911, 8.5182666 50.0387947, 8.5183447 50.0387282, 8.518395 50.0387322, 8.5186435 50.0387637, 8.5188313 50.0387964, 8.519007 50.038834, 8.519928800000001 50.0390643, 8.519848700000001 50.0391877, 8.5197521 50.0393373, 8.520027600000001 50.0394031, 8.5202826 50.0393308, 8.520405500000001 50.0393129, 8.520501400000001 50.0392817, 8.520590500000001 50.0392396, 8.5206517 50.0391845, 8.520742500000001 50.0390609, 8.520934199999999 50.0390405, 8.521164799999999 50.0390057, 8.521205 50.0390591, 8.5212667 50.0391048, 8.5213418 50.0391323, 8.5213901 50.0391392, 8.5214578 50.0391392, 8.5214947 50.0391362, 8.5215303 50.0391396, 8.521563799999999 50.0391685, 8.521602 50.0391887, 8.5225034 50.039421, 8.5227547 50.0394857, 8.522851599999999 50.0395107, 8.522354699999999 50.0403806, 8.5260759 50.0412701, 8.5260932 50.0412744, 8.526148299999999 50.0412878, 8.529785499999999 50.04216, 8.5314634 50.0422551, 8.533769899999999 50.0431559, 8.534107799999999 50.0432353, 8.5347057 50.0434861))",Number of parked airplanes, Time series of airport throughput at Flughafen Frankfurt am Main,RED,Aerospacelab SPRL,DE6,Archived
"50.03417529740082,8.553651954534535",DE,,Frankfurt,Flughafen Frankfurt am Main,Airports: Throughput (archived),Count of airplanes on Sentinel-2 image,Sentinel-2,Sentinel 2 L2A,E13b2,2020-04-04T10:30:21,116.0583942,Average value for 2019,2019,100,"X in [91.03347729104996, 108.96652270895004] --> Normal, X < 91.03347729104996 --> Low, X > 108.96652270895004 --> High",High,"POLYGON ((8.491611499999999 50.0381318, 8.4914699 50.0382088, 8.491382700000001 50.0382202, 8.4900027 50.037066, 8.488170999999999 50.0354671, 8.4875016 50.0348721, 8.4884045 50.0344022, 8.4877501 50.033871, 8.492978799999999 50.0313608, 8.494729 50.0331922, 8.4959527 50.0338772, 8.496079099999999 50.0340778, 8.5025935 50.0356394, 8.508748900000001 50.0371085, 8.5089752 50.0371313, 8.5091453 50.0371169, 8.509326700000001 50.0370784, 8.511405999999999 50.0364279, 8.5114181 50.0364193, 8.5115175 50.0362395, 8.511661999999999 50.036108, 8.511860499999999 50.0360505, 8.512161000000001 50.0359546, 8.5126458 50.0358025, 8.5126787 50.0357944, 8.5127164 50.0357931, 8.5127641 50.035794, 8.5128051 50.0357935, 8.5128422 50.0357858, 8.512885199999999 50.0357715, 8.514150300000001 50.0353713, 8.514188799999999 50.0353647, 8.514234399999999 50.0353616, 8.514276799999999 50.0353634, 8.514305800000001 50.0353673, 8.514338199999999 50.0353753, 8.514809400000001 50.0355653, 8.5149428 50.0355227, 8.514968700000001 50.0355144, 8.5149867 50.0354957, 8.5150179 50.0354632, 8.5150457 50.0354342, 8.515079699999999 50.0353987, 8.5151919 50.0354432, 8.515342199999999 50.0353952, 8.515385500000001 50.0353501, 8.515450400000001 50.0352825, 8.5154525 50.0352803, 8.515559700000001 50.0353258, 8.515674600000001 50.035278, 8.5156987 50.0352814, 8.515807799999999 50.0351678, 8.5154654 50.0350286, 8.5171063 50.0345677, 8.517538800000001 50.034523, 8.5178057 50.0345264, 8.519172299999999 50.0346488, 8.5193949 50.034678, 8.520194200000001 50.0347831, 8.520203499999999 50.0348495, 8.520318899999999 50.0348563, 8.5203483 50.0349134, 8.5203588 50.0349925, 8.520545200000001 50.0349977, 8.520494299999999 50.0345093, 8.5204191 50.0338227, 8.5204352 50.0338012, 8.520305199999999 50.0325762, 8.5202393 50.0320774, 8.5199806 50.029505, 8.519949499999999 50.0291317, 8.519926999999999 50.0288873, 8.519932300000001 50.028833, 8.5199284 50.0287948, 8.519780799999999 50.0276062, 8.519692300000001 50.0267773, 8.519703099999999 50.0267436, 8.5196638 50.0267307, 8.5197828 50.0265808, 8.519819699999999 50.0265929, 8.5197419 50.0260269, 8.519584999999999 50.0258667, 8.5195281 50.0256531, 8.5193577 50.0248061, 8.5193052 50.0245451, 8.519316699999999 50.0245342, 8.519314700000001 50.0245182, 8.5193128 50.0245022, 8.5192946 50.0244929, 8.5192537 50.024215, 8.5192272 50.0239787, 8.5192227 50.0237935, 8.519247 50.0236282, 8.5192689 50.023515, 8.5193034 50.0233896, 8.5193624 50.023246, 8.519462900000001 50.0230802, 8.519587700000001 50.0229269, 8.519714199999999 50.0227927, 8.519842499999999 50.022689, 8.519995400000001 50.0225831, 8.520144200000001 50.0224909, 8.520326600000001 50.0223961, 8.5204513 50.022338, 8.5207088 50.022241, 8.520900599999999 50.0221867, 8.5211956 50.0221126, 8.5213941 50.0220695, 8.521732099999999 50.0220118, 8.522017699999999 50.0219713, 8.522357 50.0219342, 8.522617199999999 50.0219127, 8.5229458 50.0218929, 8.523237099999999 50.0218799, 8.523223399999999 50.0217559, 8.5232388 50.0210915, 8.5223963 50.0210538, 8.5220667 50.0210181, 8.5220062 50.0208294, 8.5232054 50.0208654, 8.523365099999999 50.0118255, 8.5219851 50.0118123, 8.5219947 50.0103817, 8.523355499999999 50.0104194, 8.523421300000001 49.9975356, 8.5222537 49.9975329, 8.522256199999999 49.9973253, 8.5223362 49.9971716, 8.5232277 49.9965444, 8.5233431 49.9962164, 8.5235889 49.9959626, 8.522989300000001 49.9944494, 8.5239092 49.9944039, 8.5238806 49.9941595, 8.525566100000001 49.9940545, 8.525919 49.9936448, 8.524976199999999 49.9931741, 8.5278943 49.9928084, 8.5283262 49.9928592, 8.5293533 49.993594, 8.529089900000001 49.9941087, 8.528684399999999 49.9940918, 8.5286264 49.9945218, 8.5289793 49.9946268, 8.528637 49.9953006, 8.529005700000001 49.9952905, 8.5287682 49.9959166, 8.5287212 49.995981, 8.5302591 49.9969823, 8.530216100000001 50.0013428, 8.530135100000001 50.0101605, 8.5300862 50.01517, 8.5300685 50.016437, 8.530020499999999 50.021279, 8.5314578 50.0213467, 8.531901899999999 50.0214461, 8.532185800000001 50.0215326, 8.532212599999999 50.0216446, 8.5325057 50.0229719, 8.532678300000001 50.0231096, 8.5319754 50.023094, 8.531564299999999 50.0229946, 8.5302816 50.0227236, 8.5294569 50.0225315, 8.5294072 50.0226133, 8.5293353 50.0227424, 8.530693299999999 50.0230251, 8.5320429 50.0233309, 8.534035299999999 50.0238208, 8.5351458 50.0240883, 8.5358164 50.0242538, 8.536103499999999 50.0243228, 8.536728 50.0244728, 8.5370864 50.024559, 8.539639599999999 50.0251702, 8.539692799999999 50.0251827, 8.540568800000001 50.023637, 8.541135499999999 50.0231674, 8.5473496 50.0230151, 8.549951699999999 50.0229407, 8.5501281 50.0229542, 8.551811000000001 50.022878, 8.5526433 50.0229187, 8.5546291 50.0232774, 8.555450799999999 50.0232875, 8.5566786 50.0231647, 8.5570126 50.0230794, 8.557148 50.0230449, 8.5574712 50.0229544, 8.5575785 50.0229467, 8.5576495 50.0229381, 8.5584033 50.0227399, 8.558467 50.0227516, 8.558636699999999 50.0227829, 8.5587994 50.0228128, 8.558977199999999 50.022518, 8.5589938 50.0225135, 8.561452299999999 50.0218356, 8.561620599999999 50.0218067, 8.561791400000001 50.0218144, 8.565171899999999 50.0225946, 8.570838699999999 50.0239604, 8.5709453 50.0239668, 8.571024700000001 50.0239359, 8.572127500000001 50.0221253, 8.5726897 50.0219475, 8.5781519 50.0232686, 8.5810897 50.0239956, 8.5820294 50.0232389, 8.582708999999999 50.0227763, 8.582481 50.0225244, 8.58375 50.0220664, 8.584417500000001 50.0222899, 8.5851565 50.0222177, 8.585336099999999 50.0224079, 8.5856595 50.0222462, 8.586296900000001 50.0211608, 8.5864086 50.0210866, 8.5866302 50.0210077, 8.5868146 50.0209933, 8.5870734 50.0210172, 8.5873267 50.0210962, 8.587581800000001 50.0212123, 8.588714100000001 50.0222748, 8.5897346 50.0232212, 8.590907899999999 50.0243124, 8.5910476 50.0243183, 8.591066100000001 50.0243322, 8.5912314 50.0245894, 8.5912875 50.0260607, 8.5916693 50.0278206, 8.592465900000001 50.0301482, 8.5935562 50.0328262, 8.5936352 50.0327586, 8.593680000000001 50.0325556, 8.5939993 50.0332862, 8.593980999999999 50.033391, 8.5938728 50.0336017, 8.5936225 50.0337929, 8.592485999999999 50.0341405, 8.592404 50.034181, 8.5923961 50.0342327, 8.5926928 50.0344955, 8.5930576 50.0349163, 8.5933131 50.0351535, 8.5933574 50.0357432, 8.593764200000001 50.0363744, 8.5954867 50.0371112, 8.595790900000001 50.0374334, 8.5962592 50.0383357, 8.596326899999999 50.0384407, 8.596697000000001 50.039259, 8.596667500000001 50.0393227, 8.5969465 50.0397482, 8.5970668 50.0398498, 8.5973109 50.0402564, 8.5976841 50.0409608, 8.5979572 50.041462, 8.598157499999999 50.0418668, 8.5985665 50.0426559, 8.5988214 50.0431864, 8.599400299999999 50.0443578, 8.5996326 50.044802, 8.5998942 50.045324, 8.600054800000001 50.0455498, 8.600100400000001 50.0457496, 8.600272 50.0461354, 8.600352900000001 50.046404, 8.600696900000001 50.0471147, 8.6008598 50.047484, 8.6010288 50.047825, 8.6012702 50.0484657, 8.601589000000001 50.0492684, 8.601672499999999 50.0495801, 8.6016779 50.0499366, 8.6016967 50.0502638, 8.6016511 50.0506479, 8.6014821 50.0510957, 8.601307800000001 50.051354, 8.6010583 50.0515865, 8.6006158 50.051912, 8.6002107 50.0521187, 8.599816499999999 50.0522823, 8.5993578 50.0523942, 8.597976299999999 50.0525776, 8.597136900000001 50.0526546, 8.5967457 50.052671, 8.5966545 50.0527011, 8.596582099999999 50.0527278, 8.5965173 50.0527724, 8.5964762 50.0528096, 8.5964318 50.052855, 8.5962801 50.0528564, 8.596264100000001 50.0526539, 8.5963379 50.0526229, 8.596543 50.0525927, 8.597201500000001 50.0525566, 8.597540800000001 50.0525247, 8.5980089 50.0524868, 8.598039699999999 50.052467, 8.598668699999999 50.0523895, 8.599101900000001 50.0523249, 8.599430399999999 50.0522552, 8.599703999999999 50.0521777, 8.5999629 50.0520838, 8.6002364 50.051959, 8.600549600000001 50.0517856, 8.600778099999999 50.0516131, 8.600688099999999 50.0515677, 8.6006366 50.051578, 8.6006415 50.0514905, 8.600483199999999 50.0514449, 8.6003638 50.0514225, 8.6001324 50.0514216, 8.600118 50.0517332, 8.5999701 50.0517304, 8.599965600000001 50.0518283, 8.599853 50.0518261, 8.5998494 50.0519027, 8.5991537 50.0518895, 8.5991502 50.0519646, 8.599299500000001 50.0519674, 8.5992958 50.0520488, 8.599268500000001 50.0520483, 8.5992669 50.0520826, 8.599176399999999 50.0520809, 8.5991787 50.0520307, 8.5990439 50.0520281, 8.5990451 50.0520024, 8.5983939 50.0519899, 8.598381699999999 50.0522896, 8.598217699999999 50.0522901, 8.5981872 50.0523266, 8.598071900000001 50.0523731, 8.597768200000001 50.0524069, 8.5972726 50.0524403, 8.5965334 50.0524733, 8.5953816 50.0525247, 8.5939037 50.0525919, 8.5937938 50.0525884, 8.5937053 50.052566, 8.5936649 50.0525341, 8.5936454 50.0524952, 8.593624999999999 50.0521013, 8.5935772 50.0521005, 8.593498500000001 50.0520993, 8.5934978 50.0521188, 8.593448800000001 50.0521181, 8.5934495 50.0520985, 8.5933885 50.0520976, 8.5933168 50.0520965, 8.593317799999999 50.0520685, 8.5932928 50.0520681, 8.5932716 50.0520678, 8.593270800000001 50.0521325, 8.593291300000001 50.0523363, 8.593308 50.0523359, 8.5933478 50.0527309, 8.592725 50.0527568, 8.5927203 50.0527102, 8.5927186 50.052693, 8.5927148 50.0526556, 8.592711700000001 50.0526247, 8.5910259 50.0527272, 8.5883877 50.0529095, 8.587842500000001 50.0527866, 8.5878107 50.0528416, 8.5856142 50.0529096, 8.584232399999999 50.052911, 8.583891599999999 50.0529349, 8.583601099999999 50.0529385, 8.5824009 50.0528915, 8.582058200000001 50.0530793, 8.580820599999999 50.0530647, 8.580735499999999 50.0530113, 8.5801575 50.0530294, 8.580091700000001 50.053032, 8.579799400000001 50.0530397, 8.5795391 50.0530582, 8.5794143 50.0530711, 8.579344600000001 50.0530729, 8.579295 50.0530634, 8.5792521 50.0530427, 8.579214500000001 50.0530109, 8.5791877 50.0529713, 8.579181 50.0529325, 8.5791971 50.0528731, 8.579226800000001 50.0527258, 8.579265599999999 50.0527298, 8.5792907 50.0526283, 8.5792938 50.0526155, 8.579255 50.0526115, 8.5792749 50.0525123, 8.5793245 50.0523659, 8.579354 50.0523048, 8.5793835 50.0522824, 8.5794412 50.0522669, 8.5794757 50.05227, 8.579522300000001 50.0522742, 8.580255899999999 50.0523399, 8.580292500000001 50.0521752, 8.5803037 50.0521246, 8.5804958 50.0513054, 8.580299800000001 50.0512864, 8.580088 50.0512659, 8.579969699999999 50.0512545, 8.579926499999999 50.0512503, 8.5797802 50.0512362, 8.5796846 50.0512297, 8.5796528 50.0512598, 8.579569899999999 50.0512285, 8.5794959 50.0512006, 8.5794362 50.0511978, 8.5793473 50.0511908, 8.5792179 50.0511805, 8.5792269 50.051198, 8.579269099999999 50.0512802, 8.5792474 50.0512848, 8.579198399999999 50.0512952, 8.5791504 50.051309, 8.5791562 50.0513404, 8.579156899999999 50.0513623, 8.5791597 50.0514443, 8.579150800000001 50.0515763, 8.579095799999999 50.0516776, 8.579051700000001 50.0517715, 8.57902 50.0517936, 8.578951099999999 50.051968, 8.5790986 50.0520521, 8.5791179 50.052076, 8.5790503 50.0521548, 8.579008200000001 50.0521717, 8.5789461 50.0521832, 8.5785818 50.0522055, 8.5783197 50.0522183, 8.5779426 50.0522113, 8.577715400000001 50.0521995, 8.5772745 50.0521232, 8.576316800000001 50.0518985, 8.575631100000001 50.0517554, 8.575596900000001 50.0517528, 8.5755976 50.0517403, 8.5754997 50.0517347, 8.575431399999999 50.0517421, 8.5753602 50.0517498, 8.5752971 50.0517687, 8.575209299999999 50.0517511, 8.5752474 50.0516855, 8.5751221 50.0516555, 8.5751264 50.0516481, 8.574804800000001 50.0515706, 8.574759500000001 50.0515599, 8.5747129 50.0516462, 8.5746988 50.0516666, 8.573105099999999 50.0512925, 8.5730453 50.0512782, 8.57302 50.0512721, 8.572991699999999 50.0512653, 8.5702544 50.0506083, 8.5702391 50.0506046, 8.5701959 50.0505943, 8.570173199999999 50.0505889, 8.5701532 50.0505841, 8.5686125 50.0502152, 8.568588999999999 50.0502096, 8.568611799999999 50.0501704, 8.5684547 50.0501308, 8.5672783 50.0498604, 8.567590900000001 50.0492978, 8.567641999999999 50.049183, 8.567095800000001 50.0490497, 8.567076999999999 50.0490452, 8.566716599999999 50.0489591, 8.566691 50.0490025, 8.5665031 50.0493202, 8.566360899999999 50.0493701, 8.5662938 50.049439, 8.5659344 50.0495768, 8.565628800000001 50.0495581, 8.565500999999999 50.0495641, 8.5651916 50.0496581, 8.5651031 50.049538, 8.5649724 50.0495925, 8.5649219 50.0496095, 8.564940699999999 50.0496534, 8.564819699999999 50.0498607, 8.5646912 50.0498317, 8.5646784 50.0498586, 8.5646407 50.0499126, 8.5646038 50.0499529, 8.5645685 50.0499831, 8.564537100000001 50.0500101, 8.5645262 50.0500191, 8.5644803 50.0500502, 8.5644209 50.0501112, 8.5643466 50.0501809, 8.564031399999999 50.0503307, 8.5639623 50.0503251, 8.5639146 50.050302, 8.5632415 50.049935, 8.563159600000001 50.049889, 8.5628454 50.0497125, 8.5626298 50.0495913, 8.5625213 50.0495208, 8.5624006 50.0494046, 8.5623939 50.0493357, 8.5624556 50.0491841, 8.5624907 50.0490855, 8.562613799999999 50.048881, 8.5626546 50.0488159, 8.5627449 50.0486403, 8.562817600000001 50.0485167, 8.562671699999999 50.0484848, 8.5625892 50.0484668, 8.5624985 50.0484469, 8.5623778 50.0486648, 8.562185100000001 50.048619, 8.5620168 50.0489204, 8.562038899999999 50.0489254, 8.5620061 50.048984, 8.5619885 50.04898, 8.5619648 50.0490224, 8.5611023 50.0488237, 8.561126700000001 50.04878, 8.561106799999999 50.0487754, 8.5611421 50.0487123, 8.5609158 50.0486598, 8.561223500000001 50.0484914, 8.5611695 50.0482677, 8.561155299999999 50.0481968, 8.5610859 50.0481807, 8.5611108 50.0481369, 8.5605621 50.0480155, 8.5605463 50.0480466, 8.5604701 50.0480272, 8.560389600000001 50.0480565, 8.559979 50.0479665, 8.5599411 50.0479262, 8.558828999999999 50.0476598, 8.5587941 50.0477189, 8.5586012 50.0476735, 8.5580465 50.0479611, 8.558081100000001 50.0482532, 8.5577269 50.0481714, 8.5575764 50.0481856, 8.557471100000001 50.0481956, 8.552451 50.0470903, 8.551742600000001 50.0468577, 8.5472178 50.0457622, 8.547668099999999 50.0449609, 8.547276200000001 50.0448682, 8.547187299999999 50.0448467, 8.547200500000001 50.0448181, 8.5471635 50.0447389, 8.5467987 50.0446317, 8.5465906 50.0445781, 8.546323299999999 50.044673, 8.546120699999999 50.044735, 8.5458874 50.0448014, 8.5457184 50.0448427, 8.545564199999999 50.0448728, 8.5453583 50.0449081, 8.5451424 50.0449413, 8.5449594 50.0449646, 8.544764900000001 50.0449814, 8.544584499999999 50.0449921, 8.544433 50.0449964, 8.544205 50.0450025, 8.5441802 50.0450343, 8.544156299999999 50.0450267, 8.5439267 50.0449598, 8.543504799999999 50.0448231, 8.5434942 50.0448341, 8.543399900000001 50.0448295, 8.5432623 50.0449819, 8.5432366 50.0450105, 8.5430514 50.0449399, 8.543030099999999 50.0449385, 8.542644900000001 50.044914, 8.540919499999999 50.0448006, 8.5399289 50.0447368, 8.5395086 50.0445669, 8.53938 50.0445705, 8.539236600000001 50.0447029, 8.539162899999999 50.0447748, 8.538448300000001 50.0444884, 8.5383003 50.044485, 8.5382832 50.044502, 8.538111799999999 50.0446749, 8.537542500000001 50.0444381, 8.537351299999999 50.0444166, 8.5372348 50.0445423, 8.5372197 50.0445585, 8.5375441 50.0447038, 8.537616699999999 50.0447408, 8.537880100000001 50.04493, 8.540343 50.0460167, 8.539690500000001 50.0471589, 8.539806499999999 50.0471866, 8.5432953 50.0480184, 8.543321499999999 50.0480298, 8.543334400000001 50.0480406, 8.543319500000001 50.0481827, 8.5432235 50.0481932, 8.5397114 50.0473583, 8.539592799999999 50.04733, 8.5391595 50.0480885, 8.5390999 50.0481835, 8.5385688 50.0482159, 8.537969199999999 50.0482568, 8.537447200000001 50.0483089, 8.5363468 50.0484274, 8.536207299999999 50.0484343, 8.534351300000001 50.0483241, 8.534113899999999 50.0483103, 8.5339744 50.0482827, 8.5333025 50.0481205, 8.5332624 50.048119, 8.532770599999999 50.0480011, 8.5324081 50.0479142, 8.5309218 50.0475569, 8.5308885 50.0475456, 8.5302568 50.0473975, 8.530232 50.0473841, 8.529844000000001 50.0472923, 8.528036800000001 50.0468515, 8.525620099999999 50.0462736, 8.523213500000001 50.0456953, 8.5217013 50.045337, 8.519686999999999 50.0448534, 8.5176835 50.0443726, 8.516481600000001 50.0440991, 8.5150889 50.0437689, 8.5140233 50.0435203, 8.511915399999999 50.0430168, 8.509824399999999 50.0424944, 8.507354100000001 50.0419015, 8.5050816 50.0413575, 8.5044492 50.0412143, 8.504318 50.0407817, 8.503232799999999 50.0409193, 8.502277299999999 50.0406872, 8.500303499999999 50.0402109, 8.4982273 50.0397133, 8.4961132 50.0392102, 8.494967900000001 50.0389332, 8.493790499999999 50.0386571, 8.4926972 50.0383894, 8.491611499999999 50.0381318), (8.5347057 50.0434861, 8.5347217 50.0434702, 8.5347452 50.043447, 8.534776300000001 50.0434162, 8.534804100000001 50.0433887, 8.534837599999999 50.0433556, 8.5348781 50.0433155, 8.5357444 50.0436621, 8.535948299999999 50.0436748, 8.5360227 50.0435998, 8.5360909 50.0435311, 8.5365529 50.0437154, 8.5367104 50.0437274, 8.5367351 50.0437022, 8.536924300000001 50.0435087, 8.5373702 50.0436873, 8.537421399999999 50.0436365, 8.537456000000001 50.0436356, 8.5402798 50.04382, 8.540721400000001 50.0439931, 8.540725800000001 50.0439885, 8.540825099999999 50.0439914, 8.5409916 50.0438202, 8.5409462 50.0438013, 8.5364491 50.0420602, 8.5360026 50.0418761, 8.5359564 50.041857, 8.532752 50.0405829, 8.5323873 50.040428, 8.5313192 50.0400124, 8.5308698 50.0398441, 8.530404000000001 50.0397016, 8.529907700000001 50.0395748, 8.528229899999999 50.0391747, 8.5277788 50.039041, 8.5270966 50.0388778, 8.5264031 50.038689, 8.525758400000001 50.0385653, 8.5251737 50.0384254, 8.5245 50.0382061, 8.523809999999999 50.037932, 8.523119899999999 50.0376568, 8.522549700000001 50.03742, 8.5221339 50.0372567, 8.521707599999999 50.0370687, 8.5216704 50.0370952, 8.5214075 50.0369333, 8.521229399999999 50.0367896, 8.5210311 50.0366011, 8.5209274 50.0364871, 8.520825 50.0363295, 8.5207558 50.0362131, 8.520683500000001 50.0360656, 8.5206398 50.0358403, 8.520623499999999 50.0356693, 8.5204171 50.0356466, 8.5204442 50.0358979, 8.5199064 50.0358219, 8.517951099999999 50.0357069, 8.5176202 50.0357167, 8.5173828 50.035793, 8.5171697 50.0357206, 8.5161459 50.0360361, 8.516081099999999 50.0360634, 8.516213 50.036116, 8.516243299999999 50.0361748, 8.516251799999999 50.0362014, 8.516263500000001 50.0362369, 8.516244199999999 50.0362851, 8.516175499999999 50.036334, 8.516000200000001 50.0364044, 8.5140362 50.0370141, 8.513947 50.0370331, 8.5138599 50.0370297, 8.5133831 50.0369723, 8.513241600000001 50.0370103, 8.5131101 50.037053, 8.512907200000001 50.037125, 8.5126977 50.037219, 8.5125264 50.0373052, 8.5123844 50.0374292, 8.512325799999999 50.0376295, 8.5123921 50.0377771, 8.512474900000001 50.0378842, 8.5126641 50.0380056, 8.512937000000001 50.0381239, 8.513111 50.0381786, 8.5137488 50.0383338, 8.516122899999999 50.038881, 8.517966700000001 50.039328, 8.518202 50.038911, 8.5182666 50.0387947, 8.5183447 50.0387282, 8.518395 50.0387322, 8.5186435 50.0387637, 8.5188313 50.0387964, 8.519007 50.038834, 8.519928800000001 50.0390643, 8.519848700000001 50.0391877, 8.5197521 50.0393373, 8.520027600000001 50.0394031, 8.5202826 50.0393308, 8.520405500000001 50.0393129, 8.520501400000001 50.0392817, 8.520590500000001 50.0392396, 8.5206517 50.0391845, 8.520742500000001 50.0390609, 8.520934199999999 50.0390405, 8.521164799999999 50.0390057, 8.521205 50.0390591, 8.5212667 50.0391048, 8.5213418 50.0391323, 8.5213901 50.0391392, 8.5214578 50.0391392, 8.5214947 50.0391362, 8.5215303 50.0391396, 8.521563799999999 50.0391685, 8.521602 50.0391887, 8.5225034 50.039421, 8.5227547 50.0394857, 8.522851599999999 50.0395107, 8.522354699999999 50.0403806, 8.5260759 50.0412701, 8.5260932 50.0412744, 8.526148299999999 50.0412878, 8.529785499999999 50.04216, 8.5314634 50.0422551, 8.533769899999999 50.0431559, 8.534107799999999 50.0432353, 8.5347057 50.0434861))",Number of parked airplanes, Time series of airport throughput at Flughafen Frankfurt am Main,RED,Aerospacelab SPRL,DE6,Archived
"50.03417529740082,8.553651954534535",DE,,Frankfurt,Flughafen Frankfurt am Main,Airports: Throughput (archived),Count of airplanes on Sentinel-2 image,Sentinel-2,Sentinel 2 L2A,E13b2,2020-04-09T10:25:59,110.5839416,Average value for 2019,2019,100,"X in [91.03347729104996, 108.96652270895004] --> Normal, X < 91.03347729104996 --> Low, X > 108.96652270895004 --> High",High,"POLYGON ((8.491611499999999 50.0381318, 8.4914699 50.0382088, 8.491382700000001 50.0382202, 8.4900027 50.037066, 8.488170999999999 50.0354671, 8.4875016 50.0348721, 8.4884045 50.0344022, 8.4877501 50.033871, 8.492978799999999 50.0313608, 8.494729 50.0331922, 8.4959527 50.0338772, 8.496079099999999 50.0340778, 8.5025935 50.0356394, 8.508748900000001 50.0371085, 8.5089752 50.0371313, 8.5091453 50.0371169, 8.509326700000001 50.0370784, 8.511405999999999 50.0364279, 8.5114181 50.0364193, 8.5115175 50.0362395, 8.511661999999999 50.036108, 8.511860499999999 50.0360505, 8.512161000000001 50.0359546, 8.5126458 50.0358025, 8.5126787 50.0357944, 8.5127164 50.0357931, 8.5127641 50.035794, 8.5128051 50.0357935, 8.5128422 50.0357858, 8.512885199999999 50.0357715, 8.514150300000001 50.0353713, 8.514188799999999 50.0353647, 8.514234399999999 50.0353616, 8.514276799999999 50.0353634, 8.514305800000001 50.0353673, 8.514338199999999 50.0353753, 8.514809400000001 50.0355653, 8.5149428 50.0355227, 8.514968700000001 50.0355144, 8.5149867 50.0354957, 8.5150179 50.0354632, 8.5150457 50.0354342, 8.515079699999999 50.0353987, 8.5151919 50.0354432, 8.515342199999999 50.0353952, 8.515385500000001 50.0353501, 8.515450400000001 50.0352825, 8.5154525 50.0352803, 8.515559700000001 50.0353258, 8.515674600000001 50.035278, 8.5156987 50.0352814, 8.515807799999999 50.0351678, 8.5154654 50.0350286, 8.5171063 50.0345677, 8.517538800000001 50.034523, 8.5178057 50.0345264, 8.519172299999999 50.0346488, 8.5193949 50.034678, 8.520194200000001 50.0347831, 8.520203499999999 50.0348495, 8.520318899999999 50.0348563, 8.5203483 50.0349134, 8.5203588 50.0349925, 8.520545200000001 50.0349977, 8.520494299999999 50.0345093, 8.5204191 50.0338227, 8.5204352 50.0338012, 8.520305199999999 50.0325762, 8.5202393 50.0320774, 8.5199806 50.029505, 8.519949499999999 50.0291317, 8.519926999999999 50.0288873, 8.519932300000001 50.028833, 8.5199284 50.0287948, 8.519780799999999 50.0276062, 8.519692300000001 50.0267773, 8.519703099999999 50.0267436, 8.5196638 50.0267307, 8.5197828 50.0265808, 8.519819699999999 50.0265929, 8.5197419 50.0260269, 8.519584999999999 50.0258667, 8.5195281 50.0256531, 8.5193577 50.0248061, 8.5193052 50.0245451, 8.519316699999999 50.0245342, 8.519314700000001 50.0245182, 8.5193128 50.0245022, 8.5192946 50.0244929, 8.5192537 50.024215, 8.5192272 50.0239787, 8.5192227 50.0237935, 8.519247 50.0236282, 8.5192689 50.023515, 8.5193034 50.0233896, 8.5193624 50.023246, 8.519462900000001 50.0230802, 8.519587700000001 50.0229269, 8.519714199999999 50.0227927, 8.519842499999999 50.022689, 8.519995400000001 50.0225831, 8.520144200000001 50.0224909, 8.520326600000001 50.0223961, 8.5204513 50.022338, 8.5207088 50.022241, 8.520900599999999 50.0221867, 8.5211956 50.0221126, 8.5213941 50.0220695, 8.521732099999999 50.0220118, 8.522017699999999 50.0219713, 8.522357 50.0219342, 8.522617199999999 50.0219127, 8.5229458 50.0218929, 8.523237099999999 50.0218799, 8.523223399999999 50.0217559, 8.5232388 50.0210915, 8.5223963 50.0210538, 8.5220667 50.0210181, 8.5220062 50.0208294, 8.5232054 50.0208654, 8.523365099999999 50.0118255, 8.5219851 50.0118123, 8.5219947 50.0103817, 8.523355499999999 50.0104194, 8.523421300000001 49.9975356, 8.5222537 49.9975329, 8.522256199999999 49.9973253, 8.5223362 49.9971716, 8.5232277 49.9965444, 8.5233431 49.9962164, 8.5235889 49.9959626, 8.522989300000001 49.9944494, 8.5239092 49.9944039, 8.5238806 49.9941595, 8.525566100000001 49.9940545, 8.525919 49.9936448, 8.524976199999999 49.9931741, 8.5278943 49.9928084, 8.5283262 49.9928592, 8.5293533 49.993594, 8.529089900000001 49.9941087, 8.528684399999999 49.9940918, 8.5286264 49.9945218, 8.5289793 49.9946268, 8.528637 49.9953006, 8.529005700000001 49.9952905, 8.5287682 49.9959166, 8.5287212 49.995981, 8.5302591 49.9969823, 8.530216100000001 50.0013428, 8.530135100000001 50.0101605, 8.5300862 50.01517, 8.5300685 50.016437, 8.530020499999999 50.021279, 8.5314578 50.0213467, 8.531901899999999 50.0214461, 8.532185800000001 50.0215326, 8.532212599999999 50.0216446, 8.5325057 50.0229719, 8.532678300000001 50.0231096, 8.5319754 50.023094, 8.531564299999999 50.0229946, 8.5302816 50.0227236, 8.5294569 50.0225315, 8.5294072 50.0226133, 8.5293353 50.0227424, 8.530693299999999 50.0230251, 8.5320429 50.0233309, 8.534035299999999 50.0238208, 8.5351458 50.0240883, 8.5358164 50.0242538, 8.536103499999999 50.0243228, 8.536728 50.0244728, 8.5370864 50.024559, 8.539639599999999 50.0251702, 8.539692799999999 50.0251827, 8.540568800000001 50.023637, 8.541135499999999 50.0231674, 8.5473496 50.0230151, 8.549951699999999 50.0229407, 8.5501281 50.0229542, 8.551811000000001 50.022878, 8.5526433 50.0229187, 8.5546291 50.0232774, 8.555450799999999 50.0232875, 8.5566786 50.0231647, 8.5570126 50.0230794, 8.557148 50.0230449, 8.5574712 50.0229544, 8.5575785 50.0229467, 8.5576495 50.0229381, 8.5584033 50.0227399, 8.558467 50.0227516, 8.558636699999999 50.0227829, 8.5587994 50.0228128, 8.558977199999999 50.022518, 8.5589938 50.0225135, 8.561452299999999 50.0218356, 8.561620599999999 50.0218067, 8.561791400000001 50.0218144, 8.565171899999999 50.0225946, 8.570838699999999 50.0239604, 8.5709453 50.0239668, 8.571024700000001 50.0239359, 8.572127500000001 50.0221253, 8.5726897 50.0219475, 8.5781519 50.0232686, 8.5810897 50.0239956, 8.5820294 50.0232389, 8.582708999999999 50.0227763, 8.582481 50.0225244, 8.58375 50.0220664, 8.584417500000001 50.0222899, 8.5851565 50.0222177, 8.585336099999999 50.0224079, 8.5856595 50.0222462, 8.586296900000001 50.0211608, 8.5864086 50.0210866, 8.5866302 50.0210077, 8.5868146 50.0209933, 8.5870734 50.0210172, 8.5873267 50.0210962, 8.587581800000001 50.0212123, 8.588714100000001 50.0222748, 8.5897346 50.0232212, 8.590907899999999 50.0243124, 8.5910476 50.0243183, 8.591066100000001 50.0243322, 8.5912314 50.0245894, 8.5912875 50.0260607, 8.5916693 50.0278206, 8.592465900000001 50.0301482, 8.5935562 50.0328262, 8.5936352 50.0327586, 8.593680000000001 50.0325556, 8.5939993 50.0332862, 8.593980999999999 50.033391, 8.5938728 50.0336017, 8.5936225 50.0337929, 8.592485999999999 50.0341405, 8.592404 50.034181, 8.5923961 50.0342327, 8.5926928 50.0344955, 8.5930576 50.0349163, 8.5933131 50.0351535, 8.5933574 50.0357432, 8.593764200000001 50.0363744, 8.5954867 50.0371112, 8.595790900000001 50.0374334, 8.5962592 50.0383357, 8.596326899999999 50.0384407, 8.596697000000001 50.039259, 8.596667500000001 50.0393227, 8.5969465 50.0397482, 8.5970668 50.0398498, 8.5973109 50.0402564, 8.5976841 50.0409608, 8.5979572 50.041462, 8.598157499999999 50.0418668, 8.5985665 50.0426559, 8.5988214 50.0431864, 8.599400299999999 50.0443578, 8.5996326 50.044802, 8.5998942 50.045324, 8.600054800000001 50.0455498, 8.600100400000001 50.0457496, 8.600272 50.0461354, 8.600352900000001 50.046404, 8.600696900000001 50.0471147, 8.6008598 50.047484, 8.6010288 50.047825, 8.6012702 50.0484657, 8.601589000000001 50.0492684, 8.601672499999999 50.0495801, 8.6016779 50.0499366, 8.6016967 50.0502638, 8.6016511 50.0506479, 8.6014821 50.0510957, 8.601307800000001 50.051354, 8.6010583 50.0515865, 8.6006158 50.051912, 8.6002107 50.0521187, 8.599816499999999 50.0522823, 8.5993578 50.0523942, 8.597976299999999 50.0525776, 8.597136900000001 50.0526546, 8.5967457 50.052671, 8.5966545 50.0527011, 8.596582099999999 50.0527278, 8.5965173 50.0527724, 8.5964762 50.0528096, 8.5964318 50.052855, 8.5962801 50.0528564, 8.596264100000001 50.0526539, 8.5963379 50.0526229, 8.596543 50.0525927, 8.597201500000001 50.0525566, 8.597540800000001 50.0525247, 8.5980089 50.0524868, 8.598039699999999 50.052467, 8.598668699999999 50.0523895, 8.599101900000001 50.0523249, 8.599430399999999 50.0522552, 8.599703999999999 50.0521777, 8.5999629 50.0520838, 8.6002364 50.051959, 8.600549600000001 50.0517856, 8.600778099999999 50.0516131, 8.600688099999999 50.0515677, 8.6006366 50.051578, 8.6006415 50.0514905, 8.600483199999999 50.0514449, 8.6003638 50.0514225, 8.6001324 50.0514216, 8.600118 50.0517332, 8.5999701 50.0517304, 8.599965600000001 50.0518283, 8.599853 50.0518261, 8.5998494 50.0519027, 8.5991537 50.0518895, 8.5991502 50.0519646, 8.599299500000001 50.0519674, 8.5992958 50.0520488, 8.599268500000001 50.0520483, 8.5992669 50.0520826, 8.599176399999999 50.0520809, 8.5991787 50.0520307, 8.5990439 50.0520281, 8.5990451 50.0520024, 8.5983939 50.0519899, 8.598381699999999 50.0522896, 8.598217699999999 50.0522901, 8.5981872 50.0523266, 8.598071900000001 50.0523731, 8.597768200000001 50.0524069, 8.5972726 50.0524403, 8.5965334 50.0524733, 8.5953816 50.0525247, 8.5939037 50.0525919, 8.5937938 50.0525884, 8.5937053 50.052566, 8.5936649 50.0525341, 8.5936454 50.0524952, 8.593624999999999 50.0521013, 8.5935772 50.0521005, 8.593498500000001 50.0520993, 8.5934978 50.0521188, 8.593448800000001 50.0521181, 8.5934495 50.0520985, 8.5933885 50.0520976, 8.5933168 50.0520965, 8.593317799999999 50.0520685, 8.5932928 50.0520681, 8.5932716 50.0520678, 8.593270800000001 50.0521325, 8.593291300000001 50.0523363, 8.593308 50.0523359, 8.5933478 50.0527309, 8.592725 50.0527568, 8.5927203 50.0527102, 8.5927186 50.052693, 8.5927148 50.0526556, 8.592711700000001 50.0526247, 8.5910259 50.0527272, 8.5883877 50.0529095, 8.587842500000001 50.0527866, 8.5878107 50.0528416, 8.5856142 50.0529096, 8.584232399999999 50.052911, 8.583891599999999 50.0529349, 8.583601099999999 50.0529385, 8.5824009 50.0528915, 8.582058200000001 50.0530793, 8.580820599999999 50.0530647, 8.580735499999999 50.0530113, 8.5801575 50.0530294, 8.580091700000001 50.053032, 8.579799400000001 50.0530397, 8.5795391 50.0530582, 8.5794143 50.0530711, 8.579344600000001 50.0530729, 8.579295 50.0530634, 8.5792521 50.0530427, 8.579214500000001 50.0530109, 8.5791877 50.0529713, 8.579181 50.0529325, 8.5791971 50.0528731, 8.579226800000001 50.0527258, 8.579265599999999 50.0527298, 8.5792907 50.0526283, 8.5792938 50.0526155, 8.579255 50.0526115, 8.5792749 50.0525123, 8.5793245 50.0523659, 8.579354 50.0523048, 8.5793835 50.0522824, 8.5794412 50.0522669, 8.5794757 50.05227, 8.579522300000001 50.0522742, 8.580255899999999 50.0523399, 8.580292500000001 50.0521752, 8.5803037 50.0521246, 8.5804958 50.0513054, 8.580299800000001 50.0512864, 8.580088 50.0512659, 8.579969699999999 50.0512545, 8.579926499999999 50.0512503, 8.5797802 50.0512362, 8.5796846 50.0512297, 8.5796528 50.0512598, 8.579569899999999 50.0512285, 8.5794959 50.0512006, 8.5794362 50.0511978, 8.5793473 50.0511908, 8.5792179 50.0511805, 8.5792269 50.051198, 8.579269099999999 50.0512802, 8.5792474 50.0512848, 8.579198399999999 50.0512952, 8.5791504 50.051309, 8.5791562 50.0513404, 8.579156899999999 50.0513623, 8.5791597 50.0514443, 8.579150800000001 50.0515763, 8.579095799999999 50.0516776, 8.579051700000001 50.0517715, 8.57902 50.0517936, 8.578951099999999 50.051968, 8.5790986 50.0520521, 8.5791179 50.052076, 8.5790503 50.0521548, 8.579008200000001 50.0521717, 8.5789461 50.0521832, 8.5785818 50.0522055, 8.5783197 50.0522183, 8.5779426 50.0522113, 8.577715400000001 50.0521995, 8.5772745 50.0521232, 8.576316800000001 50.0518985, 8.575631100000001 50.0517554, 8.575596900000001 50.0517528, 8.5755976 50.0517403, 8.5754997 50.0517347, 8.575431399999999 50.0517421, 8.5753602 50.0517498, 8.5752971 50.0517687, 8.575209299999999 50.0517511, 8.5752474 50.0516855, 8.5751221 50.0516555, 8.5751264 50.0516481, 8.574804800000001 50.0515706, 8.574759500000001 50.0515599, 8.5747129 50.0516462, 8.5746988 50.0516666, 8.573105099999999 50.0512925, 8.5730453 50.0512782, 8.57302 50.0512721, 8.572991699999999 50.0512653, 8.5702544 50.0506083, 8.5702391 50.0506046, 8.5701959 50.0505943, 8.570173199999999 50.0505889, 8.5701532 50.0505841, 8.5686125 50.0502152, 8.568588999999999 50.0502096, 8.568611799999999 50.0501704, 8.5684547 50.0501308, 8.5672783 50.0498604, 8.567590900000001 50.0492978, 8.567641999999999 50.049183, 8.567095800000001 50.0490497, 8.567076999999999 50.0490452, 8.566716599999999 50.0489591, 8.566691 50.0490025, 8.5665031 50.0493202, 8.566360899999999 50.0493701, 8.5662938 50.049439, 8.5659344 50.0495768, 8.565628800000001 50.0495581, 8.565500999999999 50.0495641, 8.5651916 50.0496581, 8.5651031 50.049538, 8.5649724 50.0495925, 8.5649219 50.0496095, 8.564940699999999 50.0496534, 8.564819699999999 50.0498607, 8.5646912 50.0498317, 8.5646784 50.0498586, 8.5646407 50.0499126, 8.5646038 50.0499529, 8.5645685 50.0499831, 8.564537100000001 50.0500101, 8.5645262 50.0500191, 8.5644803 50.0500502, 8.5644209 50.0501112, 8.5643466 50.0501809, 8.564031399999999 50.0503307, 8.5639623 50.0503251, 8.5639146 50.050302, 8.5632415 50.049935, 8.563159600000001 50.049889, 8.5628454 50.0497125, 8.5626298 50.0495913, 8.5625213 50.0495208, 8.5624006 50.0494046, 8.5623939 50.0493357, 8.5624556 50.0491841, 8.5624907 50.0490855, 8.562613799999999 50.048881, 8.5626546 50.0488159, 8.5627449 50.0486403, 8.562817600000001 50.0485167, 8.562671699999999 50.0484848, 8.5625892 50.0484668, 8.5624985 50.0484469, 8.5623778 50.0486648, 8.562185100000001 50.048619, 8.5620168 50.0489204, 8.562038899999999 50.0489254, 8.5620061 50.048984, 8.5619885 50.04898, 8.5619648 50.0490224, 8.5611023 50.0488237, 8.561126700000001 50.04878, 8.561106799999999 50.0487754, 8.5611421 50.0487123, 8.5609158 50.0486598, 8.561223500000001 50.0484914, 8.5611695 50.0482677, 8.561155299999999 50.0481968, 8.5610859 50.0481807, 8.5611108 50.0481369, 8.5605621 50.0480155, 8.5605463 50.0480466, 8.5604701 50.0480272, 8.560389600000001 50.0480565, 8.559979 50.0479665, 8.5599411 50.0479262, 8.558828999999999 50.0476598, 8.5587941 50.0477189, 8.5586012 50.0476735, 8.5580465 50.0479611, 8.558081100000001 50.0482532, 8.5577269 50.0481714, 8.5575764 50.0481856, 8.557471100000001 50.0481956, 8.552451 50.0470903, 8.551742600000001 50.0468577, 8.5472178 50.0457622, 8.547668099999999 50.0449609, 8.547276200000001 50.0448682, 8.547187299999999 50.0448467, 8.547200500000001 50.0448181, 8.5471635 50.0447389, 8.5467987 50.0446317, 8.5465906 50.0445781, 8.546323299999999 50.044673, 8.546120699999999 50.044735, 8.5458874 50.0448014, 8.5457184 50.0448427, 8.545564199999999 50.0448728, 8.5453583 50.0449081, 8.5451424 50.0449413, 8.5449594 50.0449646, 8.544764900000001 50.0449814, 8.544584499999999 50.0449921, 8.544433 50.0449964, 8.544205 50.0450025, 8.5441802 50.0450343, 8.544156299999999 50.0450267, 8.5439267 50.0449598, 8.543504799999999 50.0448231, 8.5434942 50.0448341, 8.543399900000001 50.0448295, 8.5432623 50.0449819, 8.5432366 50.0450105, 8.5430514 50.0449399, 8.543030099999999 50.0449385, 8.542644900000001 50.044914, 8.540919499999999 50.0448006, 8.5399289 50.0447368, 8.5395086 50.0445669, 8.53938 50.0445705, 8.539236600000001 50.0447029, 8.539162899999999 50.0447748, 8.538448300000001 50.0444884, 8.5383003 50.044485, 8.5382832 50.044502, 8.538111799999999 50.0446749, 8.537542500000001 50.0444381, 8.537351299999999 50.0444166, 8.5372348 50.0445423, 8.5372197 50.0445585, 8.5375441 50.0447038, 8.537616699999999 50.0447408, 8.537880100000001 50.04493, 8.540343 50.0460167, 8.539690500000001 50.0471589, 8.539806499999999 50.0471866, 8.5432953 50.0480184, 8.543321499999999 50.0480298, 8.543334400000001 50.0480406, 8.543319500000001 50.0481827, 8.5432235 50.0481932, 8.5397114 50.0473583, 8.539592799999999 50.04733, 8.5391595 50.0480885, 8.5390999 50.0481835, 8.5385688 50.0482159, 8.537969199999999 50.0482568, 8.537447200000001 50.0483089, 8.5363468 50.0484274, 8.536207299999999 50.0484343, 8.534351300000001 50.0483241, 8.534113899999999 50.0483103, 8.5339744 50.0482827, 8.5333025 50.0481205, 8.5332624 50.048119, 8.532770599999999 50.0480011, 8.5324081 50.0479142, 8.5309218 50.0475569, 8.5308885 50.0475456, 8.5302568 50.0473975, 8.530232 50.0473841, 8.529844000000001 50.0472923, 8.528036800000001 50.0468515, 8.525620099999999 50.0462736, 8.523213500000001 50.0456953, 8.5217013 50.045337, 8.519686999999999 50.0448534, 8.5176835 50.0443726, 8.516481600000001 50.0440991, 8.5150889 50.0437689, 8.5140233 50.0435203, 8.511915399999999 50.0430168, 8.509824399999999 50.0424944, 8.507354100000001 50.0419015, 8.5050816 50.0413575, 8.5044492 50.0412143, 8.504318 50.0407817, 8.503232799999999 50.0409193, 8.502277299999999 50.0406872, 8.500303499999999 50.0402109, 8.4982273 50.0397133, 8.4961132 50.0392102, 8.494967900000001 50.0389332, 8.493790499999999 50.0386571, 8.4926972 50.0383894, 8.491611499999999 50.0381318), (8.5347057 50.0434861, 8.5347217 50.0434702, 8.5347452 50.043447, 8.534776300000001 50.0434162, 8.534804100000001 50.0433887, 8.534837599999999 50.0433556, 8.5348781 50.0433155, 8.5357444 50.0436621, 8.535948299999999 50.0436748, 8.5360227 50.0435998, 8.5360909 50.0435311, 8.5365529 50.0437154, 8.5367104 50.0437274, 8.5367351 50.0437022, 8.536924300000001 50.0435087, 8.5373702 50.0436873, 8.537421399999999 50.0436365, 8.537456000000001 50.0436356, 8.5402798 50.04382, 8.540721400000001 50.0439931, 8.540725800000001 50.0439885, 8.540825099999999 50.0439914, 8.5409916 50.0438202, 8.5409462 50.0438013, 8.5364491 50.0420602, 8.5360026 50.0418761, 8.5359564 50.041857, 8.532752 50.0405829, 8.5323873 50.040428, 8.5313192 50.0400124, 8.5308698 50.0398441, 8.530404000000001 50.0397016, 8.529907700000001 50.0395748, 8.528229899999999 50.0391747, 8.5277788 50.039041, 8.5270966 50.0388778, 8.5264031 50.038689, 8.525758400000001 50.0385653, 8.5251737 50.0384254, 8.5245 50.0382061, 8.523809999999999 50.037932, 8.523119899999999 50.0376568, 8.522549700000001 50.03742, 8.5221339 50.0372567, 8.521707599999999 50.0370687, 8.5216704 50.0370952, 8.5214075 50.0369333, 8.521229399999999 50.0367896, 8.5210311 50.0366011, 8.5209274 50.0364871, 8.520825 50.0363295, 8.5207558 50.0362131, 8.520683500000001 50.0360656, 8.5206398 50.0358403, 8.520623499999999 50.0356693, 8.5204171 50.0356466, 8.5204442 50.0358979, 8.5199064 50.0358219, 8.517951099999999 50.0357069, 8.5176202 50.0357167, 8.5173828 50.035793, 8.5171697 50.0357206, 8.5161459 50.0360361, 8.516081099999999 50.0360634, 8.516213 50.036116, 8.516243299999999 50.0361748, 8.516251799999999 50.0362014, 8.516263500000001 50.0362369, 8.516244199999999 50.0362851, 8.516175499999999 50.036334, 8.516000200000001 50.0364044, 8.5140362 50.0370141, 8.513947 50.0370331, 8.5138599 50.0370297, 8.5133831 50.0369723, 8.513241600000001 50.0370103, 8.5131101 50.037053, 8.512907200000001 50.037125, 8.5126977 50.037219, 8.5125264 50.0373052, 8.5123844 50.0374292, 8.512325799999999 50.0376295, 8.5123921 50.0377771, 8.512474900000001 50.0378842, 8.5126641 50.0380056, 8.512937000000001 50.0381239, 8.513111 50.0381786, 8.5137488 50.0383338, 8.516122899999999 50.038881, 8.517966700000001 50.039328, 8.518202 50.038911, 8.5182666 50.0387947, 8.5183447 50.0387282, 8.518395 50.0387322, 8.5186435 50.0387637, 8.5188313 50.0387964, 8.519007 50.038834, 8.519928800000001 50.0390643, 8.519848700000001 50.0391877, 8.5197521 50.0393373, 8.520027600000001 50.0394031, 8.5202826 50.0393308, 8.520405500000001 50.0393129, 8.520501400000001 50.0392817, 8.520590500000001 50.0392396, 8.5206517 50.0391845, 8.520742500000001 50.0390609, 8.520934199999999 50.0390405, 8.521164799999999 50.0390057, 8.521205 50.0390591, 8.5212667 50.0391048, 8.5213418 50.0391323, 8.5213901 50.0391392, 8.5214578 50.0391392, 8.5214947 50.0391362, 8.5215303 50.0391396, 8.521563799999999 50.0391685, 8.521602 50.0391887, 8.5225034 50.039421, 8.5227547 50.0394857, 8.522851599999999 50.0395107, 8.522354699999999 50.0403806, 8.5260759 50.0412701, 8.5260932 50.0412744, 8.526148299999999 50.0412878, 8.529785499999999 50.04216, 8.5314634 50.0422551, 8.533769899999999 50.0431559, 8.534107799999999 50.0432353, 8.5347057 50.0434861))",Number of parked airplanes, Time series of airport throughput at Flughafen Frankfurt am Main,RED,Aerospacelab SPRL,DE6,Archived
"50.03417529740082,8.553651954534535",DE,,Frankfurt,Flughafen Frankfurt am Main,Airports: Throughput (archived),Count of airplanes on Sentinel-2 image,Sentinel-2,Sentinel 2 L2A,E13b2,2020-05-19T10:25:59,99.6350365,Average value for 2019,2019,100,"X in [91.03347729104996, 108.96652270895004] --> Normal, X < 91.03347729104996 --> Low, X > 108.96652270895004 --> High",Normal,"POLYGON ((8.491611499999999 50.0381318, 8.4914699 50.0382088, 8.491382700000001 50.0382202, 8.4900027 50.037066, 8.488170999999999 50.0354671, 8.4875016 50.0348721, 8.4884045 50.0344022, 8.4877501 50.033871, 8.492978799999999 50.0313608, 8.494729 50.0331922, 8.4959527 50.0338772, 8.496079099999999 50.0340778, 8.5025935 50.0356394, 8.508748900000001 50.0371085, 8.5089752 50.0371313, 8.5091453 50.0371169, 8.509326700000001 50.0370784, 8.511405999999999 50.0364279, 8.5114181 50.0364193, 8.5115175 50.0362395, 8.511661999999999 50.036108, 8.511860499999999 50.0360505, 8.512161000000001 50.0359546, 8.5126458 50.0358025, 8.5126787 50.0357944, 8.5127164 50.0357931, 8.5127641 50.035794, 8.5128051 50.0357935, 8.5128422 50.0357858, 8.512885199999999 50.0357715, 8.514150300000001 50.0353713, 8.514188799999999 50.0353647, 8.514234399999999 50.0353616, 8.514276799999999 50.0353634, 8.514305800000001 50.0353673, 8.514338199999999 50.0353753, 8.514809400000001 50.0355653, 8.5149428 50.0355227, 8.514968700000001 50.0355144, 8.5149867 50.0354957, 8.5150179 50.0354632, 8.5150457 50.0354342, 8.515079699999999 50.0353987, 8.5151919 50.0354432, 8.515342199999999 50.0353952, 8.515385500000001 50.0353501, 8.515450400000001 50.0352825, 8.5154525 50.0352803, 8.515559700000001 50.0353258, 8.515674600000001 50.035278, 8.5156987 50.0352814, 8.515807799999999 50.0351678, 8.5154654 50.0350286, 8.5171063 50.0345677, 8.517538800000001 50.034523, 8.5178057 50.0345264, 8.519172299999999 50.0346488, 8.5193949 50.034678, 8.520194200000001 50.0347831, 8.520203499999999 50.0348495, 8.520318899999999 50.0348563, 8.5203483 50.0349134, 8.5203588 50.0349925, 8.520545200000001 50.0349977, 8.520494299999999 50.0345093, 8.5204191 50.0338227, 8.5204352 50.0338012, 8.520305199999999 50.0325762, 8.5202393 50.0320774, 8.5199806 50.029505, 8.519949499999999 50.0291317, 8.519926999999999 50.0288873, 8.519932300000001 50.028833, 8.5199284 50.0287948, 8.519780799999999 50.0276062, 8.519692300000001 50.0267773, 8.519703099999999 50.0267436, 8.5196638 50.0267307, 8.5197828 50.0265808, 8.519819699999999 50.0265929, 8.5197419 50.0260269, 8.519584999999999 50.0258667, 8.5195281 50.0256531, 8.5193577 50.0248061, 8.5193052 50.0245451, 8.519316699999999 50.0245342, 8.519314700000001 50.0245182, 8.5193128 50.0245022, 8.5192946 50.0244929, 8.5192537 50.024215, 8.5192272 50.0239787, 8.5192227 50.0237935, 8.519247 50.0236282, 8.5192689 50.023515, 8.5193034 50.0233896, 8.5193624 50.023246, 8.519462900000001 50.0230802, 8.519587700000001 50.0229269, 8.519714199999999 50.0227927, 8.519842499999999 50.022689, 8.519995400000001 50.0225831, 8.520144200000001 50.0224909, 8.520326600000001 50.0223961, 8.5204513 50.022338, 8.5207088 50.022241, 8.520900599999999 50.0221867, 8.5211956 50.0221126, 8.5213941 50.0220695, 8.521732099999999 50.0220118, 8.522017699999999 50.0219713, 8.522357 50.0219342, 8.522617199999999 50.0219127, 8.5229458 50.0218929, 8.523237099999999 50.0218799, 8.523223399999999 50.0217559, 8.5232388 50.0210915, 8.5223963 50.0210538, 8.5220667 50.0210181, 8.5220062 50.0208294, 8.5232054 50.0208654, 8.523365099999999 50.0118255, 8.5219851 50.0118123, 8.5219947 50.0103817, 8.523355499999999 50.0104194, 8.523421300000001 49.9975356, 8.5222537 49.9975329, 8.522256199999999 49.9973253, 8.5223362 49.9971716, 8.5232277 49.9965444, 8.5233431 49.9962164, 8.5235889 49.9959626, 8.522989300000001 49.9944494, 8.5239092 49.9944039, 8.5238806 49.9941595, 8.525566100000001 49.9940545, 8.525919 49.9936448, 8.524976199999999 49.9931741, 8.5278943 49.9928084, 8.5283262 49.9928592, 8.5293533 49.993594, 8.529089900000001 49.9941087, 8.528684399999999 49.9940918, 8.5286264 49.9945218, 8.5289793 49.9946268, 8.528637 49.9953006, 8.529005700000001 49.9952905, 8.5287682 49.9959166, 8.5287212 49.995981, 8.5302591 49.9969823, 8.530216100000001 50.0013428, 8.530135100000001 50.0101605, 8.5300862 50.01517, 8.5300685 50.016437, 8.530020499999999 50.021279, 8.5314578 50.0213467, 8.531901899999999 50.0214461, 8.532185800000001 50.0215326, 8.532212599999999 50.0216446, 8.5325057 50.0229719, 8.532678300000001 50.0231096, 8.5319754 50.023094, 8.531564299999999 50.0229946, 8.5302816 50.0227236, 8.5294569 50.0225315, 8.5294072 50.0226133, 8.5293353 50.0227424, 8.530693299999999 50.0230251, 8.5320429 50.0233309, 8.534035299999999 50.0238208, 8.5351458 50.0240883, 8.5358164 50.0242538, 8.536103499999999 50.0243228, 8.536728 50.0244728, 8.5370864 50.024559, 8.539639599999999 50.0251702, 8.539692799999999 50.0251827, 8.540568800000001 50.023637, 8.541135499999999 50.0231674, 8.5473496 50.0230151, 8.549951699999999 50.0229407, 8.5501281 50.0229542, 8.551811000000001 50.022878, 8.5526433 50.0229187, 8.5546291 50.0232774, 8.555450799999999 50.0232875, 8.5566786 50.0231647, 8.5570126 50.0230794, 8.557148 50.0230449, 8.5574712 50.0229544, 8.5575785 50.0229467, 8.5576495 50.0229381, 8.5584033 50.0227399, 8.558467 50.0227516, 8.558636699999999 50.0227829, 8.5587994 50.0228128, 8.558977199999999 50.022518, 8.5589938 50.0225135, 8.561452299999999 50.0218356, 8.561620599999999 50.0218067, 8.561791400000001 50.0218144, 8.565171899999999 50.0225946, 8.570838699999999 50.0239604, 8.5709453 50.0239668, 8.571024700000001 50.0239359, 8.572127500000001 50.0221253, 8.5726897 50.0219475, 8.5781519 50.0232686, 8.5810897 50.0239956, 8.5820294 50.0232389, 8.582708999999999 50.0227763, 8.582481 50.0225244, 8.58375 50.0220664, 8.584417500000001 50.0222899, 8.5851565 50.0222177, 8.585336099999999 50.0224079, 8.5856595 50.0222462, 8.586296900000001 50.0211608, 8.5864086 50.0210866, 8.5866302 50.0210077, 8.5868146 50.0209933, 8.5870734 50.0210172, 8.5873267 50.0210962, 8.587581800000001 50.0212123, 8.588714100000001 50.0222748, 8.5897346 50.0232212, 8.590907899999999 50.0243124, 8.5910476 50.0243183, 8.591066100000001 50.0243322, 8.5912314 50.0245894, 8.5912875 50.0260607, 8.5916693 50.0278206, 8.592465900000001 50.0301482, 8.5935562 50.0328262, 8.5936352 50.0327586, 8.593680000000001 50.0325556, 8.5939993 50.0332862, 8.593980999999999 50.033391, 8.5938728 50.0336017, 8.5936225 50.0337929, 8.592485999999999 50.0341405, 8.592404 50.034181, 8.5923961 50.0342327, 8.5926928 50.0344955, 8.5930576 50.0349163, 8.5933131 50.0351535, 8.5933574 50.0357432, 8.593764200000001 50.0363744, 8.5954867 50.0371112, 8.595790900000001 50.0374334, 8.5962592 50.0383357, 8.596326899999999 50.0384407, 8.596697000000001 50.039259, 8.596667500000001 50.0393227, 8.5969465 50.0397482, 8.5970668 50.0398498, 8.5973109 50.0402564, 8.5976841 50.0409608, 8.5979572 50.041462, 8.598157499999999 50.0418668, 8.5985665 50.0426559, 8.5988214 50.0431864, 8.599400299999999 50.0443578, 8.5996326 50.044802, 8.5998942 50.045324, 8.600054800000001 50.0455498, 8.600100400000001 50.0457496, 8.600272 50.0461354, 8.600352900000001 50.046404, 8.600696900000001 50.0471147, 8.6008598 50.047484, 8.6010288 50.047825, 8.6012702 50.0484657, 8.601589000000001 50.0492684, 8.601672499999999 50.0495801, 8.6016779 50.0499366, 8.6016967 50.0502638, 8.6016511 50.0506479, 8.6014821 50.0510957, 8.601307800000001 50.051354, 8.6010583 50.0515865, 8.6006158 50.051912, 8.6002107 50.0521187, 8.599816499999999 50.0522823, 8.5993578 50.0523942, 8.597976299999999 50.0525776, 8.597136900000001 50.0526546, 8.5967457 50.052671, 8.5966545 50.0527011, 8.596582099999999 50.0527278, 8.5965173 50.0527724, 8.5964762 50.0528096, 8.5964318 50.052855, 8.5962801 50.0528564, 8.596264100000001 50.0526539, 8.5963379 50.0526229, 8.596543 50.0525927, 8.597201500000001 50.0525566, 8.597540800000001 50.0525247, 8.5980089 50.0524868, 8.598039699999999 50.052467, 8.598668699999999 50.0523895, 8.599101900000001 50.0523249, 8.599430399999999 50.0522552, 8.599703999999999 50.0521777, 8.5999629 50.0520838, 8.6002364 50.051959, 8.600549600000001 50.0517856, 8.600778099999999 50.0516131, 8.600688099999999 50.0515677, 8.6006366 50.051578, 8.6006415 50.0514905, 8.600483199999999 50.0514449, 8.6003638 50.0514225, 8.6001324 50.0514216, 8.600118 50.0517332, 8.5999701 50.0517304, 8.599965600000001 50.0518283, 8.599853 50.0518261, 8.5998494 50.0519027, 8.5991537 50.0518895, 8.5991502 50.0519646, 8.599299500000001 50.0519674, 8.5992958 50.0520488, 8.599268500000001 50.0520483, 8.5992669 50.0520826, 8.599176399999999 50.0520809, 8.5991787 50.0520307, 8.5990439 50.0520281, 8.5990451 50.0520024, 8.5983939 50.0519899, 8.598381699999999 50.0522896, 8.598217699999999 50.0522901, 8.5981872 50.0523266, 8.598071900000001 50.0523731, 8.597768200000001 50.0524069, 8.5972726 50.0524403, 8.5965334 50.0524733, 8.5953816 50.0525247, 8.5939037 50.0525919, 8.5937938 50.0525884, 8.5937053 50.052566, 8.5936649 50.0525341, 8.5936454 50.0524952, 8.593624999999999 50.0521013, 8.5935772 50.0521005, 8.593498500000001 50.0520993, 8.5934978 50.0521188, 8.593448800000001 50.0521181, 8.5934495 50.0520985, 8.5933885 50.0520976, 8.5933168 50.0520965, 8.593317799999999 50.0520685, 8.5932928 50.0520681, 8.5932716 50.0520678, 8.593270800000001 50.0521325, 8.593291300000001 50.0523363, 8.593308 50.0523359, 8.5933478 50.0527309, 8.592725 50.0527568, 8.5927203 50.0527102, 8.5927186 50.052693, 8.5927148 50.0526556, 8.592711700000001 50.0526247, 8.5910259 50.0527272, 8.5883877 50.0529095, 8.587842500000001 50.0527866, 8.5878107 50.0528416, 8.5856142 50.0529096, 8.584232399999999 50.052911, 8.583891599999999 50.0529349, 8.583601099999999 50.0529385, 8.5824009 50.0528915, 8.582058200000001 50.0530793, 8.580820599999999 50.0530647, 8.580735499999999 50.0530113, 8.5801575 50.0530294, 8.580091700000001 50.053032, 8.579799400000001 50.0530397, 8.5795391 50.0530582, 8.5794143 50.0530711, 8.579344600000001 50.0530729, 8.579295 50.0530634, 8.5792521 50.0530427, 8.579214500000001 50.0530109, 8.5791877 50.0529713, 8.579181 50.0529325, 8.5791971 50.0528731, 8.579226800000001 50.0527258, 8.579265599999999 50.0527298, 8.5792907 50.0526283, 8.5792938 50.0526155, 8.579255 50.0526115, 8.5792749 50.0525123, 8.5793245 50.0523659, 8.579354 50.0523048, 8.5793835 50.0522824, 8.5794412 50.0522669, 8.5794757 50.05227, 8.579522300000001 50.0522742, 8.580255899999999 50.0523399, 8.580292500000001 50.0521752, 8.5803037 50.0521246, 8.5804958 50.0513054, 8.580299800000001 50.0512864, 8.580088 50.0512659, 8.579969699999999 50.0512545, 8.579926499999999 50.0512503, 8.5797802 50.0512362, 8.5796846 50.0512297, 8.5796528 50.0512598, 8.579569899999999 50.0512285, 8.5794959 50.0512006, 8.5794362 50.0511978, 8.5793473 50.0511908, 8.5792179 50.0511805, 8.5792269 50.051198, 8.579269099999999 50.0512802, 8.5792474 50.0512848, 8.579198399999999 50.0512952, 8.5791504 50.051309, 8.5791562 50.0513404, 8.579156899999999 50.0513623, 8.5791597 50.0514443, 8.579150800000001 50.0515763, 8.579095799999999 50.0516776, 8.579051700000001 50.0517715, 8.57902 50.0517936, 8.578951099999999 50.051968, 8.5790986 50.0520521, 8.5791179 50.052076, 8.5790503 50.0521548, 8.579008200000001 50.0521717, 8.5789461 50.0521832, 8.5785818 50.0522055, 8.5783197 50.0522183, 8.5779426 50.0522113, 8.577715400000001 50.0521995, 8.5772745 50.0521232, 8.576316800000001 50.0518985, 8.575631100000001 50.0517554, 8.575596900000001 50.0517528, 8.5755976 50.0517403, 8.5754997 50.0517347, 8.575431399999999 50.0517421, 8.5753602 50.0517498, 8.5752971 50.0517687, 8.575209299999999 50.0517511, 8.5752474 50.0516855, 8.5751221 50.0516555, 8.5751264 50.0516481, 8.574804800000001 50.0515706, 8.574759500000001 50.0515599, 8.5747129 50.0516462, 8.5746988 50.0516666, 8.573105099999999 50.0512925, 8.5730453 50.0512782, 8.57302 50.0512721, 8.572991699999999 50.0512653, 8.5702544 50.0506083, 8.5702391 50.0506046, 8.5701959 50.0505943, 8.570173199999999 50.0505889, 8.5701532 50.0505841, 8.5686125 50.0502152, 8.568588999999999 50.0502096, 8.568611799999999 50.0501704, 8.5684547 50.0501308, 8.5672783 50.0498604, 8.567590900000001 50.0492978, 8.567641999999999 50.049183, 8.567095800000001 50.0490497, 8.567076999999999 50.0490452, 8.566716599999999 50.0489591, 8.566691 50.0490025, 8.5665031 50.0493202, 8.566360899999999 50.0493701, 8.5662938 50.049439, 8.5659344 50.0495768, 8.565628800000001 50.0495581, 8.565500999999999 50.0495641, 8.5651916 50.0496581, 8.5651031 50.049538, 8.5649724 50.0495925, 8.5649219 50.0496095, 8.564940699999999 50.0496534, 8.564819699999999 50.0498607, 8.5646912 50.0498317, 8.5646784 50.0498586, 8.5646407 50.0499126, 8.5646038 50.0499529, 8.5645685 50.0499831, 8.564537100000001 50.0500101, 8.5645262 50.0500191, 8.5644803 50.0500502, 8.5644209 50.0501112, 8.5643466 50.0501809, 8.564031399999999 50.0503307, 8.5639623 50.0503251, 8.5639146 50.050302, 8.5632415 50.049935, 8.563159600000001 50.049889, 8.5628454 50.0497125, 8.5626298 50.0495913, 8.5625213 50.0495208, 8.5624006 50.0494046, 8.5623939 50.0493357, 8.5624556 50.0491841, 8.5624907 50.0490855, 8.562613799999999 50.048881, 8.5626546 50.0488159, 8.5627449 50.0486403, 8.562817600000001 50.0485167, 8.562671699999999 50.0484848, 8.5625892 50.0484668, 8.5624985 50.0484469, 8.5623778 50.0486648, 8.562185100000001 50.048619, 8.5620168 50.0489204, 8.562038899999999 50.0489254, 8.5620061 50.048984, 8.5619885 50.04898, 8.5619648 50.0490224, 8.5611023 50.0488237, 8.561126700000001 50.04878, 8.561106799999999 50.0487754, 8.5611421 50.0487123, 8.5609158 50.0486598, 8.561223500000001 50.0484914, 8.5611695 50.0482677, 8.561155299999999 50.0481968, 8.5610859 50.0481807, 8.5611108 50.0481369, 8.5605621 50.0480155, 8.5605463 50.0480466, 8.5604701 50.0480272, 8.560389600000001 50.0480565, 8.559979 50.0479665, 8.5599411 50.0479262, 8.558828999999999 50.0476598, 8.5587941 50.0477189, 8.5586012 50.0476735, 8.5580465 50.0479611, 8.558081100000001 50.0482532, 8.5577269 50.0481714, 8.5575764 50.0481856, 8.557471100000001 50.0481956, 8.552451 50.0470903, 8.551742600000001 50.0468577, 8.5472178 50.0457622, 8.547668099999999 50.0449609, 8.547276200000001 50.0448682, 8.547187299999999 50.0448467, 8.547200500000001 50.0448181, 8.5471635 50.0447389, 8.5467987 50.0446317, 8.5465906 50.0445781, 8.546323299999999 50.044673, 8.546120699999999 50.044735, 8.5458874 50.0448014, 8.5457184 50.0448427, 8.545564199999999 50.0448728, 8.5453583 50.0449081, 8.5451424 50.0449413, 8.5449594 50.0449646, 8.544764900000001 50.0449814, 8.544584499999999 50.0449921, 8.544433 50.0449964, 8.544205 50.0450025, 8.5441802 50.0450343, 8.544156299999999 50.0450267, 8.5439267 50.0449598, 8.543504799999999 50.0448231, 8.5434942 50.0448341, 8.543399900000001 50.0448295, 8.5432623 50.0449819, 8.5432366 50.0450105, 8.5430514 50.0449399, 8.543030099999999 50.0449385, 8.542644900000001 50.044914, 8.540919499999999 50.0448006, 8.5399289 50.0447368, 8.5395086 50.0445669, 8.53938 50.0445705, 8.539236600000001 50.0447029, 8.539162899999999 50.0447748, 8.538448300000001 50.0444884, 8.5383003 50.044485, 8.5382832 50.044502, 8.538111799999999 50.0446749, 8.537542500000001 50.0444381, 8.537351299999999 50.0444166, 8.5372348 50.0445423, 8.5372197 50.0445585, 8.5375441 50.0447038, 8.537616699999999 50.0447408, 8.537880100000001 50.04493, 8.540343 50.0460167, 8.539690500000001 50.0471589, 8.539806499999999 50.0471866, 8.5432953 50.0480184, 8.543321499999999 50.0480298, 8.543334400000001 50.0480406, 8.543319500000001 50.0481827, 8.5432235 50.0481932, 8.5397114 50.0473583, 8.539592799999999 50.04733, 8.5391595 50.0480885, 8.5390999 50.0481835, 8.5385688 50.0482159, 8.537969199999999 50.0482568, 8.537447200000001 50.0483089, 8.5363468 50.0484274, 8.536207299999999 50.0484343, 8.534351300000001 50.0483241, 8.534113899999999 50.0483103, 8.5339744 50.0482827, 8.5333025 50.0481205, 8.5332624 50.048119, 8.532770599999999 50.0480011, 8.5324081 50.0479142, 8.5309218 50.0475569, 8.5308885 50.0475456, 8.5302568 50.0473975, 8.530232 50.0473841, 8.529844000000001 50.0472923, 8.528036800000001 50.0468515, 8.525620099999999 50.0462736, 8.523213500000001 50.0456953, 8.5217013 50.045337, 8.519686999999999 50.0448534, 8.5176835 50.0443726, 8.516481600000001 50.0440991, 8.5150889 50.0437689, 8.5140233 50.0435203, 8.511915399999999 50.0430168, 8.509824399999999 50.0424944, 8.507354100000001 50.0419015, 8.5050816 50.0413575, 8.5044492 50.0412143, 8.504318 50.0407817, 8.503232799999999 50.0409193, 8.502277299999999 50.0406872, 8.500303499999999 50.0402109, 8.4982273 50.0397133, 8.4961132 50.0392102, 8.494967900000001 50.0389332, 8.493790499999999 50.0386571, 8.4926972 50.0383894, 8.491611499999999 50.0381318), (8.5347057 50.0434861, 8.5347217 50.0434702, 8.5347452 50.043447, 8.534776300000001 50.0434162, 8.534804100000001 50.0433887, 8.534837599999999 50.0433556, 8.5348781 50.0433155, 8.5357444 50.0436621, 8.535948299999999 50.0436748, 8.5360227 50.0435998, 8.5360909 50.0435311, 8.5365529 50.0437154, 8.5367104 50.0437274, 8.5367351 50.0437022, 8.536924300000001 50.0435087, 8.5373702 50.0436873, 8.537421399999999 50.0436365, 8.537456000000001 50.0436356, 8.5402798 50.04382, 8.540721400000001 50.0439931, 8.540725800000001 50.0439885, 8.540825099999999 50.0439914, 8.5409916 50.0438202, 8.5409462 50.0438013, 8.5364491 50.0420602, 8.5360026 50.0418761, 8.5359564 50.041857, 8.532752 50.0405829, 8.5323873 50.040428, 8.5313192 50.0400124, 8.5308698 50.0398441, 8.530404000000001 50.0397016, 8.529907700000001 50.0395748, 8.528229899999999 50.0391747, 8.5277788 50.039041, 8.5270966 50.0388778, 8.5264031 50.038689, 8.525758400000001 50.0385653, 8.5251737 50.0384254, 8.5245 50.0382061, 8.523809999999999 50.037932, 8.523119899999999 50.0376568, 8.522549700000001 50.03742, 8.5221339 50.0372567, 8.521707599999999 50.0370687, 8.5216704 50.0370952, 8.5214075 50.0369333, 8.521229399999999 50.0367896, 8.5210311 50.0366011, 8.5209274 50.0364871, 8.520825 50.0363295, 8.5207558 50.0362131, 8.520683500000001 50.0360656, 8.5206398 50.0358403, 8.520623499999999 50.0356693, 8.5204171 50.0356466, 8.5204442 50.0358979, 8.5199064 50.0358219, 8.517951099999999 50.0357069, 8.5176202 50.0357167, 8.5173828 50.035793, 8.5171697 50.0357206, 8.5161459 50.0360361, 8.516081099999999 50.0360634, 8.516213 50.036116, 8.516243299999999 50.0361748, 8.516251799999999 50.0362014, 8.516263500000001 50.0362369, 8.516244199999999 50.0362851, 8.516175499999999 50.036334, 8.516000200000001 50.0364044, 8.5140362 50.0370141, 8.513947 50.0370331, 8.5138599 50.0370297, 8.5133831 50.0369723, 8.513241600000001 50.0370103, 8.5131101 50.037053, 8.512907200000001 50.037125, 8.5126977 50.037219, 8.5125264 50.0373052, 8.5123844 50.0374292, 8.512325799999999 50.0376295, 8.5123921 50.0377771, 8.512474900000001 50.0378842, 8.5126641 50.0380056, 8.512937000000001 50.0381239, 8.513111 50.0381786, 8.5137488 50.0383338, 8.516122899999999 50.038881, 8.517966700000001 50.039328, 8.518202 50.038911, 8.5182666 50.0387947, 8.5183447 50.0387282, 8.518395 50.0387322, 8.5186435 50.0387637, 8.5188313 50.0387964, 8.519007 50.038834, 8.519928800000001 50.0390643, 8.519848700000001 50.0391877, 8.5197521 50.0393373, 8.520027600000001 50.0394031, 8.5202826 50.0393308, 8.520405500000001 50.0393129, 8.520501400000001 50.0392817, 8.520590500000001 50.0392396, 8.5206517 50.0391845, 8.520742500000001 50.0390609, 8.520934199999999 50.0390405, 8.521164799999999 50.0390057, 8.521205 50.0390591, 8.5212667 50.0391048, 8.5213418 50.0391323, 8.5213901 50.0391392, 8.5214578 50.0391392, 8.5214947 50.0391362, 8.5215303 50.0391396, 8.521563799999999 50.0391685, 8.521602 50.0391887, 8.5225034 50.039421, 8.5227547 50.0394857, 8.522851599999999 50.0395107, 8.522354699999999 50.0403806, 8.5260759 50.0412701, 8.5260932 50.0412744, 8.526148299999999 50.0412878, 8.529785499999999 50.04216, 8.5314634 50.0422551, 8.533769899999999 50.0431559, 8.534107799999999 50.0432353, 8.5347057 50.0434861))",Number of parked airplanes, Time series of airport throughput at Flughafen Frankfurt am Main,BLUE,Aerospacelab SPRL,DE6,Archived
"48.35344398201118,11.781958961375517",DE,,München,Flughafen München,Airports: Throughput (archived),Count of airplanes on Sentinel-2 image,Sentinel-2,Sentinel 2 L2A,E13b2,2019-06-13T10:10:31,114.8466258,Average value for 2019,2019,100,"X in [68.4022768103396, 131.5977231896604] --> Normal, X < 68.4022768103396 --> Low, X > 131.5977231896604 --> High",Normal,"POLYGON ((11.749214 48.3523665, 11.7492202 48.3522464, 11.7492057 48.352171, 11.7491823 48.3520956, 11.749148 48.3520247, 11.7491005 48.3519567, 11.7490398 48.3518946, 11.7489702 48.3518413, 11.7489046 48.3517947, 11.7488303 48.351754, 11.748747 48.3517177, 11.7486594 48.3516873, 11.7485745 48.3516648, 11.7484432 48.3516392, 11.7482932 48.3516234, 11.7465419 48.351602, 11.7434631 48.3513726, 11.7422222 48.351199, 11.7420259 48.3503036, 11.7431662 48.3504085, 11.7429103 48.3479944, 11.7414363 48.3437105, 11.7415796 48.3428342, 11.7412227 48.3427217, 11.7412377 48.3426188, 11.7394866 48.3424874, 11.7393963 48.3424797, 11.7393234 48.342468, 11.7392476 48.3424545, 11.7391806 48.342437, 11.7391194 48.3424196, 11.739064 48.3424002, 11.7389999 48.3423712, 11.736366 48.3409342, 11.7365525 48.339848, 11.7369704 48.3374217, 11.7377982 48.3369845, 11.7379513 48.3369355, 11.758499 48.3385235, 11.7725432 48.3396034, 11.7795112 48.3401391, 11.7796524 48.3400611, 11.7797384 48.3395065, 11.7793479 48.3394874, 11.779543 48.338294, 11.780343 48.3378595, 11.7815692 48.3379568, 11.7819692 48.338307, 11.7821643 48.3387307, 11.7819887 48.3397857, 11.7802162 48.339643, 11.7798525 48.3395286, 11.7797741 48.3400685, 11.7798653 48.3401676, 11.7936851 48.3412346, 11.8086685 48.3423864, 11.808818 48.3423981, 11.8175182 48.3430599, 11.8177913 48.3431033, 11.8178605 48.3431263, 11.8192932 48.344001, 11.819329 48.3441128, 11.8191006 48.3454239, 11.818777 48.3472824, 11.8166185 48.3484275, 11.811315 48.34802, 11.8110073 48.3480174, 11.8107727 48.3480711, 11.8106078 48.3481417, 11.8076861 48.3496853, 11.8071952 48.3496476, 11.8070612 48.3502717, 11.8075756 48.3506999, 11.8059437 48.3602815, 11.8062517 48.3606564, 11.8070578 48.3608096, 11.8069706 48.3611125, 11.8141886 48.3616534, 11.8245629 48.3624748, 11.8253546 48.3626799, 11.8291225 48.3636561, 11.8294281 48.3637353, 11.8335135 48.36447, 11.8343656 48.3647863, 11.8348516 48.3653758, 11.8356841 48.367442, 11.8355256 48.3683372, 11.8353473 48.3693689, 11.8331941 48.3705121, 11.8212564 48.3695993, 11.81618 48.3692561, 11.8028162 48.3682287, 11.8025941 48.3682143, 11.794146 48.3675521, 11.7941036 48.3675169, 11.7900627 48.3672178, 11.7897478 48.3671947, 11.7863715 48.3669573, 11.7747185 48.3660202, 11.7660924 48.3653568, 11.7623151 48.3650581, 11.7530465 48.3643549, 11.7529331 48.3643474, 11.7523157 48.3638317, 11.7524078 48.3634218, 11.7526307 48.3623672, 11.7526382 48.3623323, 11.7526445 48.3623028, 11.7535629 48.3579881, 11.7536547 48.3575566, 11.7537026 48.3573329, 11.7523082 48.3572264, 11.752321 48.3571082, 11.7496019 48.3569301, 11.7499382 48.3549411, 11.7492234 48.354629, 11.7491839 48.3545576, 11.7490877 48.3543667, 11.7490724 48.3543472, 11.7489366 48.3540518, 11.7490031 48.3534829, 11.749214 48.3523665))",Number of parked airplanes, Time series of airport throughput at Flughafen München,BLUE,Aerospacelab SPRL,DE12,Archived
"48.35344398201118,11.781958961375517",DE,,München,Flughafen München,Airports: Throughput (archived),Count of airplanes on Sentinel-2 image,Sentinel-2,Sentinel 2 L2A,E13b2,2019-06-18T10:10:29,112.6380368,Average value for 2019,2019,100,"X in [68.4022768103396, 131.5977231896604] --> Normal, X < 68.4022768103396 --> Low, X > 131.5977231896604 --> High",Normal,"POLYGON ((11.749214 48.3523665, 11.7492202 48.3522464, 11.7492057 48.352171, 11.7491823 48.3520956, 11.749148 48.3520247, 11.7491005 48.3519567, 11.7490398 48.3518946, 11.7489702 48.3518413, 11.7489046 48.3517947, 11.7488303 48.351754, 11.748747 48.3517177, 11.7486594 48.3516873, 11.7485745 48.3516648, 11.7484432 48.3516392, 11.7482932 48.3516234, 11.7465419 48.351602, 11.7434631 48.3513726, 11.7422222 48.351199, 11.7420259 48.3503036, 11.7431662 48.3504085, 11.7429103 48.3479944, 11.7414363 48.3437105, 11.7415796 48.3428342, 11.7412227 48.3427217, 11.7412377 48.3426188, 11.7394866 48.3424874, 11.7393963 48.3424797, 11.7393234 48.342468, 11.7392476 48.3424545, 11.7391806 48.342437, 11.7391194 48.3424196, 11.739064 48.3424002, 11.7389999 48.3423712, 11.736366 48.3409342, 11.7365525 48.339848, 11.7369704 48.3374217, 11.7377982 48.3369845, 11.7379513 48.3369355, 11.758499 48.3385235, 11.7725432 48.3396034, 11.7795112 48.3401391, 11.7796524 48.3400611, 11.7797384 48.3395065, 11.7793479 48.3394874, 11.779543 48.338294, 11.780343 48.3378595, 11.7815692 48.3379568, 11.7819692 48.338307, 11.7821643 48.3387307, 11.7819887 48.3397857, 11.7802162 48.339643, 11.7798525 48.3395286, 11.7797741 48.3400685, 11.7798653 48.3401676, 11.7936851 48.3412346, 11.8086685 48.3423864, 11.808818 48.3423981, 11.8175182 48.3430599, 11.8177913 48.3431033, 11.8178605 48.3431263, 11.8192932 48.344001, 11.819329 48.3441128, 11.8191006 48.3454239, 11.818777 48.3472824, 11.8166185 48.3484275, 11.811315 48.34802, 11.8110073 48.3480174, 11.8107727 48.3480711, 11.8106078 48.3481417, 11.8076861 48.3496853, 11.8071952 48.3496476, 11.8070612 48.3502717, 11.8075756 48.3506999, 11.8059437 48.3602815, 11.8062517 48.3606564, 11.8070578 48.3608096, 11.8069706 48.3611125, 11.8141886 48.3616534, 11.8245629 48.3624748, 11.8253546 48.3626799, 11.8291225 48.3636561, 11.8294281 48.3637353, 11.8335135 48.36447, 11.8343656 48.3647863, 11.8348516 48.3653758, 11.8356841 48.367442, 11.8355256 48.3683372, 11.8353473 48.3693689, 11.8331941 48.3705121, 11.8212564 48.3695993, 11.81618 48.3692561, 11.8028162 48.3682287, 11.8025941 48.3682143, 11.794146 48.3675521, 11.7941036 48.3675169, 11.7900627 48.3672178, 11.7897478 48.3671947, 11.7863715 48.3669573, 11.7747185 48.3660202, 11.7660924 48.3653568, 11.7623151 48.3650581, 11.7530465 48.3643549, 11.7529331 48.3643474, 11.7523157 48.3638317, 11.7524078 48.3634218, 11.7526307 48.3623672, 11.7526382 48.3623323, 11.7526445 48.3623028, 11.7535629 48.3579881, 11.7536547 48.3575566, 11.7537026 48.3573329, 11.7523082 48.3572264, 11.752321 48.3571082, 11.7496019 48.3569301, 11.7499382 48.3549411, 11.7492234 48.354629, 11.7491839 48.3545576, 11.7490877 48.3543667, 11.7490724 48.3543472, 11.7489366 48.3540518, 11.7490031 48.3534829, 11.749214 48.3523665))",Number of parked airplanes, Time series of airport throughput at Flughafen München,BLUE,Aerospacelab SPRL,DE12,Archived
"48.35344398201118,11.781958961375517",DE,,München,Flughafen München,Airports: Throughput (archived),Count of airplanes on Sentinel-2 image,Sentinel-2,Sentinel 2 L2A,E13b2,2019-06-26T10:20:31,118.1595092,Average value for 2019,2019,100,"X in [68.4022768103396, 131.5977231896604] --> Normal, X < 68.4022768103396 --> Low, X > 131.5977231896604 --> High",Normal,"POLYGON ((11.749214 48.3523665, 11.7492202 48.3522464, 11.7492057 48.352171, 11.7491823 48.3520956, 11.749148 48.3520247, 11.7491005 48.3519567, 11.7490398 48.3518946, 11.7489702 48.3518413, 11.7489046 48.3517947, 11.7488303 48.351754, 11.748747 48.3517177, 11.7486594 48.3516873, 11.7485745 48.3516648, 11.7484432 48.3516392, 11.7482932 48.3516234, 11.7465419 48.351602, 11.7434631 48.3513726, 11.7422222 48.351199, 11.7420259 48.3503036, 11.7431662 48.3504085, 11.7429103 48.3479944, 11.7414363 48.3437105, 11.7415796 48.3428342, 11.7412227 48.3427217, 11.7412377 48.3426188, 11.7394866 48.3424874, 11.7393963 48.3424797, 11.7393234 48.342468, 11.7392476 48.3424545, 11.7391806 48.342437, 11.7391194 48.3424196, 11.739064 48.3424002, 11.7389999 48.3423712, 11.736366 48.3409342, 11.7365525 48.339848, 11.7369704 48.3374217, 11.7377982 48.3369845, 11.7379513 48.3369355, 11.758499 48.3385235, 11.7725432 48.3396034, 11.7795112 48.3401391, 11.7796524 48.3400611, 11.7797384 48.3395065, 11.7793479 48.3394874, 11.779543 48.338294, 11.780343 48.3378595, 11.7815692 48.3379568, 11.7819692 48.338307, 11.7821643 48.3387307, 11.7819887 48.3397857, 11.7802162 48.339643, 11.7798525 48.3395286, 11.7797741 48.3400685, 11.7798653 48.3401676, 11.7936851 48.3412346, 11.8086685 48.3423864, 11.808818 48.3423981, 11.8175182 48.3430599, 11.8177913 48.3431033, 11.8178605 48.3431263, 11.8192932 48.344001, 11.819329 48.3441128, 11.8191006 48.3454239, 11.818777 48.3472824, 11.8166185 48.3484275, 11.811315 48.34802, 11.8110073 48.3480174, 11.8107727 48.3480711, 11.8106078 48.3481417, 11.8076861 48.3496853, 11.8071952 48.3496476, 11.8070612 48.3502717, 11.8075756 48.3506999, 11.8059437 48.3602815, 11.8062517 48.3606564, 11.8070578 48.3608096, 11.8069706 48.3611125, 11.8141886 48.3616534, 11.8245629 48.3624748, 11.8253546 48.3626799, 11.8291225 48.3636561, 11.8294281 48.3637353, 11.8335135 48.36447, 11.8343656 48.3647863, 11.8348516 48.3653758, 11.8356841 48.367442, 11.8355256 48.3683372, 11.8353473 48.3693689, 11.8331941 48.3705121, 11.8212564 48.3695993, 11.81618 48.3692561, 11.8028162 48.3682287, 11.8025941 48.3682143, 11.794146 48.3675521, 11.7941036 48.3675169, 11.7900627 48.3672178, 11.7897478 48.3671947, 11.7863715 48.3669573, 11.7747185 48.3660202, 11.7660924 48.3653568, 11.7623151 48.3650581, 11.7530465 48.3643549, 11.7529331 48.3643474, 11.7523157 48.3638317, 11.7524078 48.3634218, 11.7526307 48.3623672, 11.7526382 48.3623323, 11.7526445 48.3623028, 11.7535629 48.3579881, 11.7536547 48.3575566, 11.7537026 48.3573329, 11.7523082 48.3572264, 11.752321 48.3571082, 11.7496019 48.3569301, 11.7499382 48.3549411, 11.7492234 48.354629, 11.7491839 48.3545576, 11.7490877 48.3543667, 11.7490724 48.3543472, 11.7489366 48.3540518, 11.7490031 48.3534829, 11.749214 48.3523665))",Number of parked airplanes, Time series of airport throughput at Flughafen München,BLUE,Aerospacelab SPRL,DE12,Archived
"48.35344398201118,11.781958961375517",DE,,München,Flughafen München,Airports: Throughput (archived),Count of airplanes on Sentinel-2 image,Sentinel-2,Sentinel 2 L2A,E13b2,2019-06-28T10:10:39,117.0552147,Average value for 2019,2019,100,"X in [68.4022768103396, 131.5977231896604] --> Normal, X < 68.4022768103396 --> Low, X > 131.5977231896604 --> High",Normal,"POLYGON ((11.749214 48.3523665, 11.7492202 48.3522464, 11.7492057 48.352171, 11.7491823 48.3520956, 11.749148 48.3520247, 11.7491005 48.3519567, 11.7490398 48.3518946, 11.7489702 48.3518413, 11.7489046 48.3517947, 11.7488303 48.351754, 11.748747 48.3517177, 11.7486594 48.3516873, 11.7485745 48.3516648, 11.7484432 48.3516392, 11.7482932 48.3516234, 11.7465419 48.351602, 11.7434631 48.3513726, 11.7422222 48.351199, 11.7420259 48.3503036, 11.7431662 48.3504085, 11.7429103 48.3479944, 11.7414363 48.3437105, 11.7415796 48.3428342, 11.7412227 48.3427217, 11.7412377 48.3426188, 11.7394866 48.3424874, 11.7393963 48.3424797, 11.7393234 48.342468, 11.7392476 48.3424545, 11.7391806 48.342437, 11.7391194 48.3424196, 11.739064 48.3424002, 11.7389999 48.3423712, 11.736366 48.3409342, 11.7365525 48.339848, 11.7369704 48.3374217, 11.7377982 48.3369845, 11.7379513 48.3369355, 11.758499 48.3385235, 11.7725432 48.3396034, 11.7795112 48.3401391, 11.7796524 48.3400611, 11.7797384 48.3395065, 11.7793479 48.3394874, 11.779543 48.338294, 11.780343 48.3378595, 11.7815692 48.3379568, 11.7819692 48.338307, 11.7821643 48.3387307, 11.7819887 48.3397857, 11.7802162 48.339643, 11.7798525 48.3395286, 11.7797741 48.3400685, 11.7798653 48.3401676, 11.7936851 48.3412346, 11.8086685 48.3423864, 11.808818 48.3423981, 11.8175182 48.3430599, 11.8177913 48.3431033, 11.8178605 48.3431263, 11.8192932 48.344001, 11.819329 48.3441128, 11.8191006 48.3454239, 11.818777 48.3472824, 11.8166185 48.3484275, 11.811315 48.34802, 11.8110073 48.3480174, 11.8107727 48.3480711, 11.8106078 48.3481417, 11.8076861 48.3496853, 11.8071952 48.3496476, 11.8070612 48.3502717, 11.8075756 48.3506999, 11.8059437 48.3602815, 11.8062517 48.3606564, 11.8070578 48.3608096, 11.8069706 48.3611125, 11.8141886 48.3616534, 11.8245629 48.3624748, 11.8253546 48.3626799, 11.8291225 48.3636561, 11.8294281 48.3637353, 11.8335135 48.36447, 11.8343656 48.3647863, 11.8348516 48.3653758, 11.8356841 48.367442, 11.8355256 48.3683372, 11.8353473 48.3693689, 11.8331941 48.3705121, 11.8212564 48.3695993, 11.81618 48.3692561, 11.8028162 48.3682287, 11.8025941 48.3682143, 11.794146 48.3675521, 11.7941036 48.3675169, 11.7900627 48.3672178, 11.7897478 48.3671947, 11.7863715 48.3669573, 11.7747185 48.3660202, 11.7660924 48.3653568, 11.7623151 48.3650581, 11.7530465 48.3643549, 11.7529331 48.3643474, 11.7523157 48.3638317, 11.7524078 48.3634218, 11.7526307 48.3623672, 11.7526382 48.3623323, 11.7526445 48.3623028, 11.7535629 48.3579881, 11.7536547 48.3575566, 11.7537026 48.3573329, 11.7523082 48.3572264, 11.752321 48.3571082, 11.7496019 48.3569301, 11.7499382 48.3549411, 11.7492234 48.354629, 11.7491839 48.3545576, 11.7490877 48.3543667, 11.7490724 48.3543472, 11.7489366 48.3540518, 11.7490031 48.3534829, 11.749214 48.3523665))",Number of parked airplanes, Time series of airport throughput at Flughafen München,BLUE,Aerospacelab SPRL,DE12,Archived
"48.35344398201118,11.781958961375517",DE,,München,Flughafen München,Airports: Throughput (archived),Count of airplanes on Sentinel-2 image,Sentinel-2,Sentinel 2 L2A,E13b2,2019-07-23T10:10:31,112.6380368,Average value for 2019,2019,100,"X in [68.4022768103396, 131.5977231896604] --> Normal, X < 68.4022768103396 --> Low, X > 131.5977231896604 --> High",Normal,"POLYGON ((11.749214 48.3523665, 11.7492202 48.3522464, 11.7492057 48.352171, 11.7491823 48.3520956, 11.749148 48.3520247, 11.7491005 48.3519567, 11.7490398 48.3518946, 11.7489702 48.3518413, 11.7489046 48.3517947, 11.7488303 48.351754, 11.748747 48.3517177, 11.7486594 48.3516873, 11.7485745 48.3516648, 11.7484432 48.3516392, 11.7482932 48.3516234, 11.7465419 48.351602, 11.7434631 48.3513726, 11.7422222 48.351199, 11.7420259 48.3503036, 11.7431662 48.3504085, 11.7429103 48.3479944, 11.7414363 48.3437105, 11.7415796 48.3428342, 11.7412227 48.3427217, 11.7412377 48.3426188, 11.7394866 48.3424874, 11.7393963 48.3424797, 11.7393234 48.342468, 11.7392476 48.3424545, 11.7391806 48.342437, 11.7391194 48.3424196, 11.739064 48.3424002, 11.7389999 48.3423712, 11.736366 48.3409342, 11.7365525 48.339848, 11.7369704 48.3374217, 11.7377982 48.3369845, 11.7379513 48.3369355, 11.758499 48.3385235, 11.7725432 48.3396034, 11.7795112 48.3401391, 11.7796524 48.3400611, 11.7797384 48.3395065, 11.7793479 48.3394874, 11.779543 48.338294, 11.780343 48.3378595, 11.7815692 48.3379568, 11.7819692 48.338307, 11.7821643 48.3387307, 11.7819887 48.3397857, 11.7802162 48.339643, 11.7798525 48.3395286, 11.7797741 48.3400685, 11.7798653 48.3401676, 11.7936851 48.3412346, 11.8086685 48.3423864, 11.808818 48.3423981, 11.8175182 48.3430599, 11.8177913 48.3431033, 11.8178605 48.3431263, 11.8192932 48.344001, 11.819329 48.3441128, 11.8191006 48.3454239, 11.818777 48.3472824, 11.8166185 48.3484275, 11.811315 48.34802, 11.8110073 48.3480174, 11.8107727 48.3480711, 11.8106078 48.3481417, 11.8076861 48.3496853, 11.8071952 48.3496476, 11.8070612 48.3502717, 11.8075756 48.3506999, 11.8059437 48.3602815, 11.8062517 48.3606564, 11.8070578 48.3608096, 11.8069706 48.3611125, 11.8141886 48.3616534, 11.8245629 48.3624748, 11.8253546 48.3626799, 11.8291225 48.3636561, 11.8294281 48.3637353, 11.8335135 48.36447, 11.8343656 48.3647863, 11.8348516 48.3653758, 11.8356841 48.367442, 11.8355256 48.3683372, 11.8353473 48.3693689, 11.8331941 48.3705121, 11.8212564 48.3695993, 11.81618 48.3692561, 11.8028162 48.3682287, 11.8025941 48.3682143, 11.794146 48.3675521, 11.7941036 48.3675169, 11.7900627 48.3672178, 11.7897478 48.3671947, 11.7863715 48.3669573, 11.7747185 48.3660202, 11.7660924 48.3653568, 11.7623151 48.3650581, 11.7530465 48.3643549, 11.7529331 48.3643474, 11.7523157 48.3638317, 11.7524078 48.3634218, 11.7526307 48.3623672, 11.7526382 48.3623323, 11.7526445 48.3623028, 11.7535629 48.3579881, 11.7536547 48.3575566, 11.7537026 48.3573329, 11.7523082 48.3572264, 11.752321 48.3571082, 11.7496019 48.3569301, 11.7499382 48.3549411, 11.7492234 48.354629, 11.7491839 48.3545576, 11.7490877 48.3543667, 11.7490724 48.3543472, 11.7489366 48.3540518, 11.7490031 48.3534829, 11.749214 48.3523665))",Number of parked airplanes, Time series of airport throughput at Flughafen München,BLUE,Aerospacelab SPRL,DE12,Archived
"48.35344398201118,11.781958961375517",DE,,München,Flughafen München,Airports: Throughput (archived),Count of airplanes on Sentinel-2 image,Sentinel-2,Sentinel 2 L2A,E13b2,2019-07-26T10:20:31,61.8404908,Average value for 2019,2019,100,"X in [68.4022768103396, 131.5977231896604] --> Normal, X < 68.4022768103396 --> Low, X > 131.5977231896604 --> High",Low,"POLYGON ((11.749214 48.3523665, 11.7492202 48.3522464, 11.7492057 48.352171, 11.7491823 48.3520956, 11.749148 48.3520247, 11.7491005 48.3519567, 11.7490398 48.3518946, 11.7489702 48.3518413, 11.7489046 48.3517947, 11.7488303 48.351754, 11.748747 48.3517177, 11.7486594 48.3516873, 11.7485745 48.3516648, 11.7484432 48.3516392, 11.7482932 48.3516234, 11.7465419 48.351602, 11.7434631 48.3513726, 11.7422222 48.351199, 11.7420259 48.3503036, 11.7431662 48.3504085, 11.7429103 48.3479944, 11.7414363 48.3437105, 11.7415796 48.3428342, 11.7412227 48.3427217, 11.7412377 48.3426188, 11.7394866 48.3424874, 11.7393963 48.3424797, 11.7393234 48.342468, 11.7392476 48.3424545, 11.7391806 48.342437, 11.7391194 48.3424196, 11.739064 48.3424002, 11.7389999 48.3423712, 11.736366 48.3409342, 11.7365525 48.339848, 11.7369704 48.3374217, 11.7377982 48.3369845, 11.7379513 48.3369355, 11.758499 48.3385235, 11.7725432 48.3396034, 11.7795112 48.3401391, 11.7796524 48.3400611, 11.7797384 48.3395065, 11.7793479 48.3394874, 11.779543 48.338294, 11.780343 48.3378595, 11.7815692 48.3379568, 11.7819692 48.338307, 11.7821643 48.3387307, 11.7819887 48.3397857, 11.7802162 48.339643, 11.7798525 48.3395286, 11.7797741 48.3400685, 11.7798653 48.3401676, 11.7936851 48.3412346, 11.8086685 48.3423864, 11.808818 48.3423981, 11.8175182 48.3430599, 11.8177913 48.3431033, 11.8178605 48.3431263, 11.8192932 48.344001, 11.819329 48.3441128, 11.8191006 48.3454239, 11.818777 48.3472824, 11.8166185 48.3484275, 11.811315 48.34802, 11.8110073 48.3480174, 11.8107727 48.3480711, 11.8106078 48.3481417, 11.8076861 48.3496853, 11.8071952 48.3496476, 11.8070612 48.3502717, 11.8075756 48.3506999, 11.8059437 48.3602815, 11.8062517 48.3606564, 11.8070578 48.3608096, 11.8069706 48.3611125, 11.8141886 48.3616534, 11.8245629 48.3624748, 11.8253546 48.3626799, 11.8291225 48.3636561, 11.8294281 48.3637353, 11.8335135 48.36447, 11.8343656 48.3647863, 11.8348516 48.3653758, 11.8356841 48.367442, 11.8355256 48.3683372, 11.8353473 48.3693689, 11.8331941 48.3705121, 11.8212564 48.3695993, 11.81618 48.3692561, 11.8028162 48.3682287, 11.8025941 48.3682143, 11.794146 48.3675521, 11.7941036 48.3675169, 11.7900627 48.3672178, 11.7897478 48.3671947, 11.7863715 48.3669573, 11.7747185 48.3660202, 11.7660924 48.3653568, 11.7623151 48.3650581, 11.7530465 48.3643549, 11.7529331 48.3643474, 11.7523157 48.3638317, 11.7524078 48.3634218, 11.7526307 48.3623672, 11.7526382 48.3623323, 11.7526445 48.3623028, 11.7535629 48.3579881, 11.7536547 48.3575566, 11.7537026 48.3573329, 11.7523082 48.3572264, 11.752321 48.3571082, 11.7496019 48.3569301, 11.7499382 48.3549411, 11.7492234 48.354629, 11.7491839 48.3545576, 11.7490877 48.3543667, 11.7490724 48.3543472, 11.7489366 48.3540518, 11.7490031 48.3534829, 11.749214 48.3523665))",Number of parked airplanes, Time series of airport throughput at Flughafen München,GREEN,Aerospacelab SPRL,DE12,Archived
"48.35344398201118,11.781958961375517",DE,,München,Flughafen München,Airports: Throughput (archived),Count of airplanes on Sentinel-2 image,Sentinel-2,Sentinel 2 L2A,E13b2,2019-08-27T10:10:29,168.9570552,Average value for 2019,2019,100,"X in [68.4022768103396, 131.5977231896604] --> Normal, X < 68.4022768103396 --> Low, X > 131.5977231896604 --> High",High,"POLYGON ((11.749214 48.3523665, 11.7492202 48.3522464, 11.7492057 48.352171, 11.7491823 48.3520956, 11.749148 48.3520247, 11.7491005 48.3519567, 11.7490398 48.3518946, 11.7489702 48.3518413, 11.7489046 48.3517947, 11.7488303 48.351754, 11.748747 48.3517177, 11.7486594 48.3516873, 11.7485745 48.3516648, 11.7484432 48.3516392, 11.7482932 48.3516234, 11.7465419 48.351602, 11.7434631 48.3513726, 11.7422222 48.351199, 11.7420259 48.3503036, 11.7431662 48.3504085, 11.7429103 48.3479944, 11.7414363 48.3437105, 11.7415796 48.3428342, 11.7412227 48.3427217, 11.7412377 48.3426188, 11.7394866 48.3424874, 11.7393963 48.3424797, 11.7393234 48.342468, 11.7392476 48.3424545, 11.7391806 48.342437, 11.7391194 48.3424196, 11.739064 48.3424002, 11.7389999 48.3423712, 11.736366 48.3409342, 11.7365525 48.339848, 11.7369704 48.3374217, 11.7377982 48.3369845, 11.7379513 48.3369355, 11.758499 48.3385235, 11.7725432 48.3396034, 11.7795112 48.3401391, 11.7796524 48.3400611, 11.7797384 48.3395065, 11.7793479 48.3394874, 11.779543 48.338294, 11.780343 48.3378595, 11.7815692 48.3379568, 11.7819692 48.338307, 11.7821643 48.3387307, 11.7819887 48.3397857, 11.7802162 48.339643, 11.7798525 48.3395286, 11.7797741 48.3400685, 11.7798653 48.3401676, 11.7936851 48.3412346, 11.8086685 48.3423864, 11.808818 48.3423981, 11.8175182 48.3430599, 11.8177913 48.3431033, 11.8178605 48.3431263, 11.8192932 48.344001, 11.819329 48.3441128, 11.8191006 48.3454239, 11.818777 48.3472824, 11.8166185 48.3484275, 11.811315 48.34802, 11.8110073 48.3480174, 11.8107727 48.3480711, 11.8106078 48.3481417, 11.8076861 48.3496853, 11.8071952 48.3496476, 11.8070612 48.3502717, 11.8075756 48.3506999, 11.8059437 48.3602815, 11.8062517 48.3606564, 11.8070578 48.3608096, 11.8069706 48.3611125, 11.8141886 48.3616534, 11.8245629 48.3624748, 11.8253546 48.3626799, 11.8291225 48.3636561, 11.8294281 48.3637353, 11.8335135 48.36447, 11.8343656 48.3647863, 11.8348516 48.3653758, 11.8356841 48.367442, 11.8355256 48.3683372, 11.8353473 48.3693689, 11.8331941 48.3705121, 11.8212564 48.3695993, 11.81618 48.3692561, 11.8028162 48.3682287, 11.8025941 48.3682143, 11.794146 48.3675521, 11.7941036 48.3675169, 11.7900627 48.3672178, 11.7897478 48.3671947, 11.7863715 48.3669573, 11.7747185 48.3660202, 11.7660924 48.3653568, 11.7623151 48.3650581, 11.7530465 48.3643549, 11.7529331 48.3643474, 11.7523157 48.3638317, 11.7524078 48.3634218, 11.7526307 48.3623672, 11.7526382 48.3623323, 11.7526445 48.3623028, 11.7535629 48.3579881, 11.7536547 48.3575566, 11.7537026 48.3573329, 11.7523082 48.3572264, 11.752321 48.3571082, 11.7496019 48.3569301, 11.7499382 48.3549411, 11.7492234 48.354629, 11.7491839 48.3545576, 11.7490877 48.3543667, 11.7490724 48.3543472, 11.7489366 48.3540518, 11.7490031 48.3534829, 11.749214 48.3523665))",Number of parked airplanes, Time series of airport throughput at Flughafen München,RED,Aerospacelab SPRL,DE12,Archived
"48.35344398201118,11.781958961375517",DE,,München,Flughafen München,Airports: Throughput (archived),Count of airplanes on Sentinel-2 image,Sentinel-2,Sentinel 2 L2A,E13b2,2019-08-30T10:20:29,111.5337423,Average value for 2019,2019,100,"X in [68.4022768103396, 131.5977231896604] --> Normal, X < 68.4022768103396 --> Low, X > 131.5977231896604 --> High",Normal,"POLYGON ((11.749214 48.3523665, 11.7492202 48.3522464, 11.7492057 48.352171, 11.7491823 48.3520956, 11.749148 48.3520247, 11.7491005 48.3519567, 11.7490398 48.3518946, 11.7489702 48.3518413, 11.7489046 48.3517947, 11.7488303 48.351754, 11.748747 48.3517177, 11.7486594 48.3516873, 11.7485745 48.3516648, 11.7484432 48.3516392, 11.7482932 48.3516234, 11.7465419 48.351602, 11.7434631 48.3513726, 11.7422222 48.351199, 11.7420259 48.3503036, 11.7431662 48.3504085, 11.7429103 48.3479944, 11.7414363 48.3437105, 11.7415796 48.3428342, 11.7412227 48.3427217, 11.7412377 48.3426188, 11.7394866 48.3424874, 11.7393963 48.3424797, 11.7393234 48.342468, 11.7392476 48.3424545, 11.7391806 48.342437, 11.7391194 48.3424196, 11.739064 48.3424002, 11.7389999 48.3423712, 11.736366 48.3409342, 11.7365525 48.339848, 11.7369704 48.3374217, 11.7377982 48.3369845, 11.7379513 48.3369355, 11.758499 48.3385235, 11.7725432 48.3396034, 11.7795112 48.3401391, 11.7796524 48.3400611, 11.7797384 48.3395065, 11.7793479 48.3394874, 11.779543 48.338294, 11.780343 48.3378595, 11.7815692 48.3379568, 11.7819692 48.338307, 11.7821643 48.3387307, 11.7819887 48.3397857, 11.7802162 48.339643, 11.7798525 48.3395286, 11.7797741 48.3400685, 11.7798653 48.3401676, 11.7936851 48.3412346, 11.8086685 48.3423864, 11.808818 48.3423981, 11.8175182 48.3430599, 11.8177913 48.3431033, 11.8178605 48.3431263, 11.8192932 48.344001, 11.819329 48.3441128, 11.8191006 48.3454239, 11.818777 48.3472824, 11.8166185 48.3484275, 11.811315 48.34802, 11.8110073 48.3480174, 11.8107727 48.3480711, 11.8106078 48.3481417, 11.8076861 48.3496853, 11.8071952 48.3496476, 11.8070612 48.3502717, 11.8075756 48.3506999, 11.8059437 48.3602815, 11.8062517 48.3606564, 11.8070578 48.3608096, 11.8069706 48.3611125, 11.8141886 48.3616534, 11.8245629 48.3624748, 11.8253546 48.3626799, 11.8291225 48.3636561, 11.8294281 48.3637353, 11.8335135 48.36447, 11.8343656 48.3647863, 11.8348516 48.3653758, 11.8356841 48.367442, 11.8355256 48.3683372, 11.8353473 48.3693689, 11.8331941 48.3705121, 11.8212564 48.3695993, 11.81618 48.3692561, 11.8028162 48.3682287, 11.8025941 48.3682143, 11.794146 48.3675521, 11.7941036 48.3675169, 11.7900627 48.3672178, 11.7897478 48.3671947, 11.7863715 48.3669573, 11.7747185 48.3660202, 11.7660924 48.3653568, 11.7623151 48.3650581, 11.7530465 48.3643549, 11.7529331 48.3643474, 11.7523157 48.3638317, 11.7524078 48.3634218, 11.7526307 48.3623672, 11.7526382 48.3623323, 11.7526445 48.3623028, 11.7535629 48.3579881, 11.7536547 48.3575566, 11.7537026 48.3573329, 11.7523082 48.3572264, 11.752321 48.3571082, 11.7496019 48.3569301, 11.7499382 48.3549411, 11.7492234 48.354629, 11.7491839 48.3545576, 11.7490877 48.3543667, 11.7490724 48.3543472, 11.7489366 48.3540518, 11.7490031 48.3534829, 11.749214 48.3523665))",Number of parked airplanes, Time series of airport throughput at Flughafen München,BLUE,Aerospacelab SPRL,DE12,Archived
"48.35344398201118,11.781958961375517",DE,,München,Flughafen München,Airports: Throughput (archived),Count of airplanes on Sentinel-2 image,Sentinel-2,Sentinel 2 L2A,E13b2,2019-09-04T10:20:21,107.1165644,Average value for 2019,2019,100,"X in [68.4022768103396, 131.5977231896604] --> Normal, X < 68.4022768103396 --> Low, X > 131.5977231896604 --> High",Normal,"POLYGON ((11.749214 48.3523665, 11.7492202 48.3522464, 11.7492057 48.352171, 11.7491823 48.3520956, 11.749148 48.3520247, 11.7491005 48.3519567, 11.7490398 48.3518946, 11.7489702 48.3518413, 11.7489046 48.3517947, 11.7488303 48.351754, 11.748747 48.3517177, 11.7486594 48.3516873, 11.7485745 48.3516648, 11.7484432 48.3516392, 11.7482932 48.3516234, 11.7465419 48.351602, 11.7434631 48.3513726, 11.7422222 48.351199, 11.7420259 48.3503036, 11.7431662 48.3504085, 11.7429103 48.3479944, 11.7414363 48.3437105, 11.7415796 48.3428342, 11.7412227 48.3427217, 11.7412377 48.3426188, 11.7394866 48.3424874, 11.7393963 48.3424797, 11.7393234 48.342468, 11.7392476 48.3424545, 11.7391806 48.342437, 11.7391194 48.3424196, 11.739064 48.3424002, 11.7389999 48.3423712, 11.736366 48.3409342, 11.7365525 48.339848, 11.7369704 48.3374217, 11.7377982 48.3369845, 11.7379513 48.3369355, 11.758499 48.3385235, 11.7725432 48.3396034, 11.7795112 48.3401391, 11.7796524 48.3400611, 11.7797384 48.3395065, 11.7793479 48.3394874, 11.779543 48.338294, 11.780343 48.3378595, 11.7815692 48.3379568, 11.7819692 48.338307, 11.7821643 48.3387307, 11.7819887 48.3397857, 11.7802162 48.339643, 11.7798525 48.3395286, 11.7797741 48.3400685, 11.7798653 48.3401676, 11.7936851 48.3412346, 11.8086685 48.3423864, 11.808818 48.3423981, 11.8175182 48.3430599, 11.8177913 48.3431033, 11.8178605 48.3431263, 11.8192932 48.344001, 11.819329 48.3441128, 11.8191006 48.3454239, 11.818777 48.3472824, 11.8166185 48.3484275, 11.811315 48.34802, 11.8110073 48.3480174, 11.8107727 48.3480711, 11.8106078 48.3481417, 11.8076861 48.3496853, 11.8071952 48.3496476, 11.8070612 48.3502717, 11.8075756 48.3506999, 11.8059437 48.3602815, 11.8062517 48.3606564, 11.8070578 48.3608096, 11.8069706 48.3611125, 11.8141886 48.3616534, 11.8245629 48.3624748, 11.8253546 48.3626799, 11.8291225 48.3636561, 11.8294281 48.3637353, 11.8335135 48.36447, 11.8343656 48.3647863, 11.8348516 48.3653758, 11.8356841 48.367442, 11.8355256 48.3683372, 11.8353473 48.3693689, 11.8331941 48.3705121, 11.8212564 48.3695993, 11.81618 48.3692561, 11.8028162 48.3682287, 11.8025941 48.3682143, 11.794146 48.3675521, 11.7941036 48.3675169, 11.7900627 48.3672178, 11.7897478 48.3671947, 11.7863715 48.3669573, 11.7747185 48.3660202, 11.7660924 48.3653568, 11.7623151 48.3650581, 11.7530465 48.3643549, 11.7529331 48.3643474, 11.7523157 48.3638317, 11.7524078 48.3634218, 11.7526307 48.3623672, 11.7526382 48.3623323, 11.7526445 48.3623028, 11.7535629 48.3579881, 11.7536547 48.3575566, 11.7537026 48.3573329, 11.7523082 48.3572264, 11.752321 48.3571082, 11.7496019 48.3569301, 11.7499382 48.3549411, 11.7492234 48.354629, 11.7491839 48.3545576, 11.7490877 48.3543667, 11.7490724 48.3543472, 11.7489366 48.3540518, 11.7490031 48.3534829, 11.749214 48.3523665))",Number of parked airplanes, Time series of airport throughput at Flughafen München,BLUE,Aerospacelab SPRL,DE12,Archived
"48.35344398201118,11.781958961375517",DE,,München,Flughafen München,Airports: Throughput (archived),Count of airplanes on Sentinel-2 image,Sentinel-2,Sentinel 2 L2A,E13b2,2019-09-11T10:10:21,67.36196319,Average value for 2019,2019,100,"X in [68.4022768103396, 131.5977231896604] --> Normal, X < 68.4022768103396 --> Low, X > 131.5977231896604 --> High",Low,"POLYGON ((11.749214 48.3523665, 11.7492202 48.3522464, 11.7492057 48.352171, 11.7491823 48.3520956, 11.749148 48.3520247, 11.7491005 48.3519567, 11.7490398 48.3518946, 11.7489702 48.3518413, 11.7489046 48.3517947, 11.7488303 48.351754, 11.748747 48.3517177, 11.7486594 48.3516873, 11.7485745 48.3516648, 11.7484432 48.3516392, 11.7482932 48.3516234, 11.7465419 48.351602, 11.7434631 48.3513726, 11.7422222 48.351199, 11.7420259 48.3503036, 11.7431662 48.3504085, 11.7429103 48.3479944, 11.7414363 48.3437105, 11.7415796 48.3428342, 11.7412227 48.3427217, 11.7412377 48.3426188, 11.7394866 48.3424874, 11.7393963 48.3424797, 11.7393234 48.342468, 11.7392476 48.3424545, 11.7391806 48.342437, 11.7391194 48.3424196, 11.739064 48.3424002, 11.7389999 48.3423712, 11.736366 48.3409342, 11.7365525 48.339848, 11.7369704 48.3374217, 11.7377982 48.3369845, 11.7379513 48.3369355, 11.758499 48.3385235, 11.7725432 48.3396034, 11.7795112 48.3401391, 11.7796524 48.3400611, 11.7797384 48.3395065, 11.7793479 48.3394874, 11.779543 48.338294, 11.780343 48.3378595, 11.7815692 48.3379568, 11.7819692 48.338307, 11.7821643 48.3387307, 11.7819887 48.3397857, 11.7802162 48.339643, 11.7798525 48.3395286, 11.7797741 48.3400685, 11.7798653 48.3401676, 11.7936851 48.3412346, 11.8086685 48.3423864, 11.808818 48.3423981, 11.8175182 48.3430599, 11.8177913 48.3431033, 11.8178605 48.3431263, 11.8192932 48.344001, 11.819329 48.3441128, 11.8191006 48.3454239, 11.818777 48.3472824, 11.8166185 48.3484275, 11.811315 48.34802, 11.8110073 48.3480174, 11.8107727 48.3480711, 11.8106078 48.3481417, 11.8076861 48.3496853, 11.8071952 48.3496476, 11.8070612 48.3502717, 11.8075756 48.3506999, 11.8059437 48.3602815, 11.8062517 48.3606564, 11.8070578 48.3608096, 11.8069706 48.3611125, 11.8141886 48.3616534, 11.8245629 48.3624748, 11.8253546 48.3626799, 11.8291225 48.3636561, 11.8294281 48.3637353, 11.8335135 48.36447, 11.8343656 48.3647863, 11.8348516 48.3653758, 11.8356841 48.367442, 11.8355256 48.3683372, 11.8353473 48.3693689, 11.8331941 48.3705121, 11.8212564 48.3695993, 11.81618 48.3692561, 11.8028162 48.3682287, 11.8025941 48.3682143, 11.794146 48.3675521, 11.7941036 48.3675169, 11.7900627 48.3672178, 11.7897478 48.3671947, 11.7863715 48.3669573, 11.7747185 48.3660202, 11.7660924 48.3653568, 11.7623151 48.3650581, 11.7530465 48.3643549, 11.7529331 48.3643474, 11.7523157 48.3638317, 11.7524078 48.3634218, 11.7526307 48.3623672, 11.7526382 48.3623323, 11.7526445 48.3623028, 11.7535629 48.3579881, 11.7536547 48.3575566, 11.7537026 48.3573329, 11.7523082 48.3572264, 11.752321 48.3571082, 11.7496019 48.3569301, 11.7499382 48.3549411, 11.7492234 48.354629, 11.7491839 48.3545576, 11.7490877 48.3543667, 11.7490724 48.3543472, 11.7489366 48.3540518, 11.7490031 48.3534829, 11.749214 48.3523665))",Number of parked airplanes, Time series of airport throughput at Flughafen München,GREEN,Aerospacelab SPRL,DE12,Archived
"48.35344398201118,11.781958961375517",DE,,München,Flughafen München,Airports: Throughput (archived),Count of airplanes on Sentinel-2 image,Sentinel-2,Sentinel 2 L2A,E13b2,2019-09-21T10:10:31,119.2638037,Average value for 2019,2019,100,"X in [68.4022768103396, 131.5977231896604] --> Normal, X < 68.4022768103396 --> Low, X > 131.5977231896604 --> High",Normal,"POLYGON ((11.749214 48.3523665, 11.7492202 48.3522464, 11.7492057 48.352171, 11.7491823 48.3520956, 11.749148 48.3520247, 11.7491005 48.3519567, 11.7490398 48.3518946, 11.7489702 48.3518413, 11.7489046 48.3517947, 11.7488303 48.351754, 11.748747 48.3517177, 11.7486594 48.3516873, 11.7485745 48.3516648, 11.7484432 48.3516392, 11.7482932 48.3516234, 11.7465419 48.351602, 11.7434631 48.3513726, 11.7422222 48.351199, 11.7420259 48.3503036, 11.7431662 48.3504085, 11.7429103 48.3479944, 11.7414363 48.3437105, 11.7415796 48.3428342, 11.7412227 48.3427217, 11.7412377 48.3426188, 11.7394866 48.3424874, 11.7393963 48.3424797, 11.7393234 48.342468, 11.7392476 48.3424545, 11.7391806 48.342437, 11.7391194 48.3424196, 11.739064 48.3424002, 11.7389999 48.3423712, 11.736366 48.3409342, 11.7365525 48.339848, 11.7369704 48.3374217, 11.7377982 48.3369845, 11.7379513 48.3369355, 11.758499 48.3385235, 11.7725432 48.3396034, 11.7795112 48.3401391, 11.7796524 48.3400611, 11.7797384 48.3395065, 11.7793479 48.3394874, 11.779543 48.338294, 11.780343 48.3378595, 11.7815692 48.3379568, 11.7819692 48.338307, 11.7821643 48.3387307, 11.7819887 48.3397857, 11.7802162 48.339643, 11.7798525 48.3395286, 11.7797741 48.3400685, 11.7798653 48.3401676, 11.7936851 48.3412346, 11.8086685 48.3423864, 11.808818 48.3423981, 11.8175182 48.3430599, 11.8177913 48.3431033, 11.8178605 48.3431263, 11.8192932 48.344001, 11.819329 48.3441128, 11.8191006 48.3454239, 11.818777 48.3472824, 11.8166185 48.3484275, 11.811315 48.34802, 11.8110073 48.3480174, 11.8107727 48.3480711, 11.8106078 48.3481417, 11.8076861 48.3496853, 11.8071952 48.3496476, 11.8070612 48.3502717, 11.8075756 48.3506999, 11.8059437 48.3602815, 11.8062517 48.3606564, 11.8070578 48.3608096, 11.8069706 48.3611125, 11.8141886 48.3616534, 11.8245629 48.3624748, 11.8253546 48.3626799, 11.8291225 48.3636561, 11.8294281 48.3637353, 11.8335135 48.36447, 11.8343656 48.3647863, 11.8348516 48.3653758, 11.8356841 48.367442, 11.8355256 48.3683372, 11.8353473 48.3693689, 11.8331941 48.3705121, 11.8212564 48.3695993, 11.81618 48.3692561, 11.8028162 48.3682287, 11.8025941 48.3682143, 11.794146 48.3675521, 11.7941036 48.3675169, 11.7900627 48.3672178, 11.7897478 48.3671947, 11.7863715 48.3669573, 11.7747185 48.3660202, 11.7660924 48.3653568, 11.7623151 48.3650581, 11.7530465 48.3643549, 11.7529331 48.3643474, 11.7523157 48.3638317, 11.7524078 48.3634218, 11.7526307 48.3623672, 11.7526382 48.3623323, 11.7526445 48.3623028, 11.7535629 48.3579881, 11.7536547 48.3575566, 11.7537026 48.3573329, 11.7523082 48.3572264, 11.752321 48.3571082, 11.7496019 48.3569301, 11.7499382 48.3549411, 11.7492234 48.354629, 11.7491839 48.3545576, 11.7490877 48.3543667, 11.7490724 48.3543472, 11.7489366 48.3540518, 11.7490031 48.3534829, 11.749214 48.3523665))",Number of parked airplanes, Time series of airport throughput at Flughafen München,BLUE,Aerospacelab SPRL,DE12,Archived
"48.35344398201118,11.781958961375517",DE,,München,Flughafen München,Airports: Throughput (archived),Count of airplanes on Sentinel-2 image,Sentinel-2,Sentinel 2 L2A,E13b2,2019-10-01T10:10:31,128.0981595,Average value for 2019,2019,100,"X in [68.4022768103396, 131.5977231896604] --> Normal, X < 68.4022768103396 --> Low, X > 131.5977231896604 --> High",Normal,"POLYGON ((11.749214 48.3523665, 11.7492202 48.3522464, 11.7492057 48.352171, 11.7491823 48.3520956, 11.749148 48.3520247, 11.7491005 48.3519567, 11.7490398 48.3518946, 11.7489702 48.3518413, 11.7489046 48.3517947, 11.7488303 48.351754, 11.748747 48.3517177, 11.7486594 48.3516873, 11.7485745 48.3516648, 11.7484432 48.3516392, 11.7482932 48.3516234, 11.7465419 48.351602, 11.7434631 48.3513726, 11.7422222 48.351199, 11.7420259 48.3503036, 11.7431662 48.3504085, 11.7429103 48.3479944, 11.7414363 48.3437105, 11.7415796 48.3428342, 11.7412227 48.3427217, 11.7412377 48.3426188, 11.7394866 48.3424874, 11.7393963 48.3424797, 11.7393234 48.342468, 11.7392476 48.3424545, 11.7391806 48.342437, 11.7391194 48.3424196, 11.739064 48.3424002, 11.7389999 48.3423712, 11.736366 48.3409342, 11.7365525 48.339848, 11.7369704 48.3374217, 11.7377982 48.3369845, 11.7379513 48.3369355, 11.758499 48.3385235, 11.7725432 48.3396034, 11.7795112 48.3401391, 11.7796524 48.3400611, 11.7797384 48.3395065, 11.7793479 48.3394874, 11.779543 48.338294, 11.780343 48.3378595, 11.7815692 48.3379568, 11.7819692 48.338307, 11.7821643 48.3387307, 11.7819887 48.3397857, 11.7802162 48.339643, 11.7798525 48.3395286, 11.7797741 48.3400685, 11.7798653 48.3401676, 11.7936851 48.3412346, 11.8086685 48.3423864, 11.808818 48.3423981, 11.8175182 48.3430599, 11.8177913 48.3431033, 11.8178605 48.3431263, 11.8192932 48.344001, 11.819329 48.3441128, 11.8191006 48.3454239, 11.818777 48.3472824, 11.8166185 48.3484275, 11.811315 48.34802, 11.8110073 48.3480174, 11.8107727 48.3480711, 11.8106078 48.3481417, 11.8076861 48.3496853, 11.8071952 48.3496476, 11.8070612 48.3502717, 11.8075756 48.3506999, 11.8059437 48.3602815, 11.8062517 48.3606564, 11.8070578 48.3608096, 11.8069706 48.3611125, 11.8141886 48.3616534, 11.8245629 48.3624748, 11.8253546 48.3626799, 11.8291225 48.3636561, 11.8294281 48.3637353, 11.8335135 48.36447, 11.8343656 48.3647863, 11.8348516 48.3653758, 11.8356841 48.367442, 11.8355256 48.3683372, 11.8353473 48.3693689, 11.8331941 48.3705121, 11.8212564 48.3695993, 11.81618 48.3692561, 11.8028162 48.3682287, 11.8025941 48.3682143, 11.794146 48.3675521, 11.7941036 48.3675169, 11.7900627 48.3672178, 11.7897478 48.3671947, 11.7863715 48.3669573, 11.7747185 48.3660202, 11.7660924 48.3653568, 11.7623151 48.3650581, 11.7530465 48.3643549, 11.7529331 48.3643474, 11.7523157 48.3638317, 11.7524078 48.3634218, 11.7526307 48.3623672, 11.7526382 48.3623323, 11.7526445 48.3623028, 11.7535629 48.3579881, 11.7536547 48.3575566, 11.7537026 48.3573329, 11.7523082 48.3572264, 11.752321 48.3571082, 11.7496019 48.3569301, 11.7499382 48.3549411, 11.7492234 48.354629, 11.7491839 48.3545576, 11.7490877 48.3543667, 11.7490724 48.3543472, 11.7489366 48.3540518, 11.7490031 48.3534829, 11.749214 48.3523665))",Number of parked airplanes, Time series of airport throughput at Flughafen München,BLUE,Aerospacelab SPRL,DE12,Archived
"48.35344398201118,11.781958961375517",DE,,München,Flughafen München,Airports: Throughput (archived),Count of airplanes on Sentinel-2 image,Sentinel-2,Sentinel 2 L2A,E13b2,2019-10-14T10:20:31,115.9509202,Average value for 2019,2019,100,"X in [68.4022768103396, 131.5977231896604] --> Normal, X < 68.4022768103396 --> Low, X > 131.5977231896604 --> High",Normal,"POLYGON ((11.749214 48.3523665, 11.7492202 48.3522464, 11.7492057 48.352171, 11.7491823 48.3520956, 11.749148 48.3520247, 11.7491005 48.3519567, 11.7490398 48.3518946, 11.7489702 48.3518413, 11.7489046 48.3517947, 11.7488303 48.351754, 11.748747 48.3517177, 11.7486594 48.3516873, 11.7485745 48.3516648, 11.7484432 48.3516392, 11.7482932 48.3516234, 11.7465419 48.351602, 11.7434631 48.3513726, 11.7422222 48.351199, 11.7420259 48.3503036, 11.7431662 48.3504085, 11.7429103 48.3479944, 11.7414363 48.3437105, 11.7415796 48.3428342, 11.7412227 48.3427217, 11.7412377 48.3426188, 11.7394866 48.3424874, 11.7393963 48.3424797, 11.7393234 48.342468, 11.7392476 48.3424545, 11.7391806 48.342437, 11.7391194 48.3424196, 11.739064 48.3424002, 11.7389999 48.3423712, 11.736366 48.3409342, 11.7365525 48.339848, 11.7369704 48.3374217, 11.7377982 48.3369845, 11.7379513 48.3369355, 11.758499 48.3385235, 11.7725432 48.3396034, 11.7795112 48.3401391, 11.7796524 48.3400611, 11.7797384 48.3395065, 11.7793479 48.3394874, 11.779543 48.338294, 11.780343 48.3378595, 11.7815692 48.3379568, 11.7819692 48.338307, 11.7821643 48.3387307, 11.7819887 48.3397857, 11.7802162 48.339643, 11.7798525 48.3395286, 11.7797741 48.3400685, 11.7798653 48.3401676, 11.7936851 48.3412346, 11.8086685 48.3423864, 11.808818 48.3423981, 11.8175182 48.3430599, 11.8177913 48.3431033, 11.8178605 48.3431263, 11.8192932 48.344001, 11.819329 48.3441128, 11.8191006 48.3454239, 11.818777 48.3472824, 11.8166185 48.3484275, 11.811315 48.34802, 11.8110073 48.3480174, 11.8107727 48.3480711, 11.8106078 48.3481417, 11.8076861 48.3496853, 11.8071952 48.3496476, 11.8070612 48.3502717, 11.8075756 48.3506999, 11.8059437 48.3602815, 11.8062517 48.3606564, 11.8070578 48.3608096, 11.8069706 48.3611125, 11.8141886 48.3616534, 11.8245629 48.3624748, 11.8253546 48.3626799, 11.8291225 48.3636561, 11.8294281 48.3637353, 11.8335135 48.36447, 11.8343656 48.3647863, 11.8348516 48.3653758, 11.8356841 48.367442, 11.8355256 48.3683372, 11.8353473 48.3693689, 11.8331941 48.3705121, 11.8212564 48.3695993, 11.81618 48.3692561, 11.8028162 48.3682287, 11.8025941 48.3682143, 11.794146 48.3675521, 11.7941036 48.3675169, 11.7900627 48.3672178, 11.7897478 48.3671947, 11.7863715 48.3669573, 11.7747185 48.3660202, 11.7660924 48.3653568, 11.7623151 48.3650581, 11.7530465 48.3643549, 11.7529331 48.3643474, 11.7523157 48.3638317, 11.7524078 48.3634218, 11.7526307 48.3623672, 11.7526382 48.3623323, 11.7526445 48.3623028, 11.7535629 48.3579881, 11.7536547 48.3575566, 11.7537026 48.3573329, 11.7523082 48.3572264, 11.752321 48.3571082, 11.7496019 48.3569301, 11.7499382 48.3549411, 11.7492234 48.354629, 11.7491839 48.3545576, 11.7490877 48.3543667, 11.7490724 48.3543472, 11.7489366 48.3540518, 11.7490031 48.3534829, 11.749214 48.3523665))",Number of parked airplanes, Time series of airport throughput at Flughafen München,BLUE,Aerospacelab SPRL,DE12,Archived
"48.35344398201118,11.781958961375517",DE,,München,Flughafen München,Airports: Throughput (archived),Count of airplanes on Sentinel-2 image,Sentinel-2,Sentinel 2 L2A,E13b2,2019-10-16T10:10:29,101.595092,Average value for 2019,2019,100,"X in [68.4022768103396, 131.5977231896604] --> Normal, X < 68.4022768103396 --> Low, X > 131.5977231896604 --> High",Normal,"POLYGON ((11.749214 48.3523665, 11.7492202 48.3522464, 11.7492057 48.352171, 11.7491823 48.3520956, 11.749148 48.3520247, 11.7491005 48.3519567, 11.7490398 48.3518946, 11.7489702 48.3518413, 11.7489046 48.3517947, 11.7488303 48.351754, 11.748747 48.3517177, 11.7486594 48.3516873, 11.7485745 48.3516648, 11.7484432 48.3516392, 11.7482932 48.3516234, 11.7465419 48.351602, 11.7434631 48.3513726, 11.7422222 48.351199, 11.7420259 48.3503036, 11.7431662 48.3504085, 11.7429103 48.3479944, 11.7414363 48.3437105, 11.7415796 48.3428342, 11.7412227 48.3427217, 11.7412377 48.3426188, 11.7394866 48.3424874, 11.7393963 48.3424797, 11.7393234 48.342468, 11.7392476 48.3424545, 11.7391806 48.342437, 11.7391194 48.3424196, 11.739064 48.3424002, 11.7389999 48.3423712, 11.736366 48.3409342, 11.7365525 48.339848, 11.7369704 48.3374217, 11.7377982 48.3369845, 11.7379513 48.3369355, 11.758499 48.3385235, 11.7725432 48.3396034, 11.7795112 48.3401391, 11.7796524 48.3400611, 11.7797384 48.3395065, 11.7793479 48.3394874, 11.779543 48.338294, 11.780343 48.3378595, 11.7815692 48.3379568, 11.7819692 48.338307, 11.7821643 48.3387307, 11.7819887 48.3397857, 11.7802162 48.339643, 11.7798525 48.3395286, 11.7797741 48.3400685, 11.7798653 48.3401676, 11.7936851 48.3412346, 11.8086685 48.3423864, 11.808818 48.3423981, 11.8175182 48.3430599, 11.8177913 48.3431033, 11.8178605 48.3431263, 11.8192932 48.344001, 11.819329 48.3441128, 11.8191006 48.3454239, 11.818777 48.3472824, 11.8166185 48.3484275, 11.811315 48.34802, 11.8110073 48.3480174, 11.8107727 48.3480711, 11.8106078 48.3481417, 11.8076861 48.3496853, 11.8071952 48.3496476, 11.8070612 48.3502717, 11.8075756 48.3506999, 11.8059437 48.3602815, 11.8062517 48.3606564, 11.8070578 48.3608096, 11.8069706 48.3611125, 11.8141886 48.3616534, 11.8245629 48.3624748, 11.8253546 48.3626799, 11.8291225 48.3636561, 11.8294281 48.3637353, 11.8335135 48.36447, 11.8343656 48.3647863, 11.8348516 48.3653758, 11.8356841 48.367442, 11.8355256 48.3683372, 11.8353473 48.3693689, 11.8331941 48.3705121, 11.8212564 48.3695993, 11.81618 48.3692561, 11.8028162 48.3682287, 11.8025941 48.3682143, 11.794146 48.3675521, 11.7941036 48.3675169, 11.7900627 48.3672178, 11.7897478 48.3671947, 11.7863715 48.3669573, 11.7747185 48.3660202, 11.7660924 48.3653568, 11.7623151 48.3650581, 11.7530465 48.3643549, 11.7529331 48.3643474, 11.7523157 48.3638317, 11.7524078 48.3634218, 11.7526307 48.3623672, 11.7526382 48.3623323, 11.7526445 48.3623028, 11.7535629 48.3579881, 11.7536547 48.3575566, 11.7537026 48.3573329, 11.7523082 48.3572264, 11.752321 48.3571082, 11.7496019 48.3569301, 11.7499382 48.3549411, 11.7492234 48.354629, 11.7491839 48.3545576, 11.7490877 48.3543667, 11.7490724 48.3543472, 11.7489366 48.3540518, 11.7490031 48.3534829, 11.749214 48.3523665))",Number of parked airplanes, Time series of airport throughput at Flughafen München,BLUE,Aerospacelab SPRL,DE12,Archived
"48.35344398201118,11.781958961375517",DE,,München,Flughafen München,Airports: Throughput (archived),Count of airplanes on Sentinel-2 image,Sentinel-2,Sentinel 2 L2A,E13b2,2019-11-18T10:22:19,45.27607362,Average value for 2019,2019,100,"X in [68.4022768103396, 131.5977231896604] --> Normal, X < 68.4022768103396 --> Low, X > 131.5977231896604 --> High",Low,"POLYGON ((11.749214 48.3523665, 11.7492202 48.3522464, 11.7492057 48.352171, 11.7491823 48.3520956, 11.749148 48.3520247, 11.7491005 48.3519567, 11.7490398 48.3518946, 11.7489702 48.3518413, 11.7489046 48.3517947, 11.7488303 48.351754, 11.748747 48.3517177, 11.7486594 48.3516873, 11.7485745 48.3516648, 11.7484432 48.3516392, 11.7482932 48.3516234, 11.7465419 48.351602, 11.7434631 48.3513726, 11.7422222 48.351199, 11.7420259 48.3503036, 11.7431662 48.3504085, 11.7429103 48.3479944, 11.7414363 48.3437105, 11.7415796 48.3428342, 11.7412227 48.3427217, 11.7412377 48.3426188, 11.7394866 48.3424874, 11.7393963 48.3424797, 11.7393234 48.342468, 11.7392476 48.3424545, 11.7391806 48.342437, 11.7391194 48.3424196, 11.739064 48.3424002, 11.7389999 48.3423712, 11.736366 48.3409342, 11.7365525 48.339848, 11.7369704 48.3374217, 11.7377982 48.3369845, 11.7379513 48.3369355, 11.758499 48.3385235, 11.7725432 48.3396034, 11.7795112 48.3401391, 11.7796524 48.3400611, 11.7797384 48.3395065, 11.7793479 48.3394874, 11.779543 48.338294, 11.780343 48.3378595, 11.7815692 48.3379568, 11.7819692 48.338307, 11.7821643 48.3387307, 11.7819887 48.3397857, 11.7802162 48.339643, 11.7798525 48.3395286, 11.7797741 48.3400685, 11.7798653 48.3401676, 11.7936851 48.3412346, 11.8086685 48.3423864, 11.808818 48.3423981, 11.8175182 48.3430599, 11.8177913 48.3431033, 11.8178605 48.3431263, 11.8192932 48.344001, 11.819329 48.3441128, 11.8191006 48.3454239, 11.818777 48.3472824, 11.8166185 48.3484275, 11.811315 48.34802, 11.8110073 48.3480174, 11.8107727 48.3480711, 11.8106078 48.3481417, 11.8076861 48.3496853, 11.8071952 48.3496476, 11.8070612 48.3502717, 11.8075756 48.3506999, 11.8059437 48.3602815, 11.8062517 48.3606564, 11.8070578 48.3608096, 11.8069706 48.3611125, 11.8141886 48.3616534, 11.8245629 48.3624748, 11.8253546 48.3626799, 11.8291225 48.3636561, 11.8294281 48.3637353, 11.8335135 48.36447, 11.8343656 48.3647863, 11.8348516 48.3653758, 11.8356841 48.367442, 11.8355256 48.3683372, 11.8353473 48.3693689, 11.8331941 48.3705121, 11.8212564 48.3695993, 11.81618 48.3692561, 11.8028162 48.3682287, 11.8025941 48.3682143, 11.794146 48.3675521, 11.7941036 48.3675169, 11.7900627 48.3672178, 11.7897478 48.3671947, 11.7863715 48.3669573, 11.7747185 48.3660202, 11.7660924 48.3653568, 11.7623151 48.3650581, 11.7530465 48.3643549, 11.7529331 48.3643474, 11.7523157 48.3638317, 11.7524078 48.3634218, 11.7526307 48.3623672, 11.7526382 48.3623323, 11.7526445 48.3623028, 11.7535629 48.3579881, 11.7536547 48.3575566, 11.7537026 48.3573329, 11.7523082 48.3572264, 11.752321 48.3571082, 11.7496019 48.3569301, 11.7499382 48.3549411, 11.7492234 48.354629, 11.7491839 48.3545576, 11.7490877 48.3543667, 11.7490724 48.3543472, 11.7489366 48.3540518, 11.7490031 48.3534829, 11.749214 48.3523665))",Number of parked airplanes, Time series of airport throughput at Flughafen München,GREEN,Aerospacelab SPRL,DE12,Archived
"48.35344398201118,11.781958961375517",DE,,München,Flughafen München,Airports: Throughput (archived),Count of airplanes on Sentinel-2 image,Sentinel-2,Sentinel 2 L2A,E13b2,2019-12-03T10:24:01,64.04907975,Average value for 2019,2019,100,"X in [68.4022768103396, 131.5977231896604] --> Normal, X < 68.4022768103396 --> Low, X > 131.5977231896604 --> High",Low,"POLYGON ((11.749214 48.3523665, 11.7492202 48.3522464, 11.7492057 48.352171, 11.7491823 48.3520956, 11.749148 48.3520247, 11.7491005 48.3519567, 11.7490398 48.3518946, 11.7489702 48.3518413, 11.7489046 48.3517947, 11.7488303 48.351754, 11.748747 48.3517177, 11.7486594 48.3516873, 11.7485745 48.3516648, 11.7484432 48.3516392, 11.7482932 48.3516234, 11.7465419 48.351602, 11.7434631 48.3513726, 11.7422222 48.351199, 11.7420259 48.3503036, 11.7431662 48.3504085, 11.7429103 48.3479944, 11.7414363 48.3437105, 11.7415796 48.3428342, 11.7412227 48.3427217, 11.7412377 48.3426188, 11.7394866 48.3424874, 11.7393963 48.3424797, 11.7393234 48.342468, 11.7392476 48.3424545, 11.7391806 48.342437, 11.7391194 48.3424196, 11.739064 48.3424002, 11.7389999 48.3423712, 11.736366 48.3409342, 11.7365525 48.339848, 11.7369704 48.3374217, 11.7377982 48.3369845, 11.7379513 48.3369355, 11.758499 48.3385235, 11.7725432 48.3396034, 11.7795112 48.3401391, 11.7796524 48.3400611, 11.7797384 48.3395065, 11.7793479 48.3394874, 11.779543 48.338294, 11.780343 48.3378595, 11.7815692 48.3379568, 11.7819692 48.338307, 11.7821643 48.3387307, 11.7819887 48.3397857, 11.7802162 48.339643, 11.7798525 48.3395286, 11.7797741 48.3400685, 11.7798653 48.3401676, 11.7936851 48.3412346, 11.8086685 48.3423864, 11.808818 48.3423981, 11.8175182 48.3430599, 11.8177913 48.3431033, 11.8178605 48.3431263, 11.8192932 48.344001, 11.819329 48.3441128, 11.8191006 48.3454239, 11.818777 48.3472824, 11.8166185 48.3484275, 11.811315 48.34802, 11.8110073 48.3480174, 11.8107727 48.3480711, 11.8106078 48.3481417, 11.8076861 48.3496853, 11.8071952 48.3496476, 11.8070612 48.3502717, 11.8075756 48.3506999, 11.8059437 48.3602815, 11.8062517 48.3606564, 11.8070578 48.3608096, 11.8069706 48.3611125, 11.8141886 48.3616534, 11.8245629 48.3624748, 11.8253546 48.3626799, 11.8291225 48.3636561, 11.8294281 48.3637353, 11.8335135 48.36447, 11.8343656 48.3647863, 11.8348516 48.3653758, 11.8356841 48.367442, 11.8355256 48.3683372, 11.8353473 48.3693689, 11.8331941 48.3705121, 11.8212564 48.3695993, 11.81618 48.3692561, 11.8028162 48.3682287, 11.8025941 48.3682143, 11.794146 48.3675521, 11.7941036 48.3675169, 11.7900627 48.3672178, 11.7897478 48.3671947, 11.7863715 48.3669573, 11.7747185 48.3660202, 11.7660924 48.3653568, 11.7623151 48.3650581, 11.7530465 48.3643549, 11.7529331 48.3643474, 11.7523157 48.3638317, 11.7524078 48.3634218, 11.7526307 48.3623672, 11.7526382 48.3623323, 11.7526445 48.3623028, 11.7535629 48.3579881, 11.7536547 48.3575566, 11.7537026 48.3573329, 11.7523082 48.3572264, 11.752321 48.3571082, 11.7496019 48.3569301, 11.7499382 48.3549411, 11.7492234 48.354629, 11.7491839 48.3545576, 11.7490877 48.3543667, 11.7490724 48.3543472, 11.7489366 48.3540518, 11.7490031 48.3534829, 11.749214 48.3523665))",Number of parked airplanes, Time series of airport throughput at Flughafen München,GREEN,Aerospacelab SPRL,DE12,Archived
"48.35344398201118,11.781958961375517",DE,,München,Flughafen München,Airports: Throughput (archived),Count of airplanes on Sentinel-2 image,Sentinel-2,Sentinel 2 L2A,E13b2,2019-12-18T10:23:39,51.90184049,Average value for 2019,2019,100,"X in [68.4022768103396, 131.5977231896604] --> Normal, X < 68.4022768103396 --> Low, X > 131.5977231896604 --> High",Low,"POLYGON ((11.749214 48.3523665, 11.7492202 48.3522464, 11.7492057 48.352171, 11.7491823 48.3520956, 11.749148 48.3520247, 11.7491005 48.3519567, 11.7490398 48.3518946, 11.7489702 48.3518413, 11.7489046 48.3517947, 11.7488303 48.351754, 11.748747 48.3517177, 11.7486594 48.3516873, 11.7485745 48.3516648, 11.7484432 48.3516392, 11.7482932 48.3516234, 11.7465419 48.351602, 11.7434631 48.3513726, 11.7422222 48.351199, 11.7420259 48.3503036, 11.7431662 48.3504085, 11.7429103 48.3479944, 11.7414363 48.3437105, 11.7415796 48.3428342, 11.7412227 48.3427217, 11.7412377 48.3426188, 11.7394866 48.3424874, 11.7393963 48.3424797, 11.7393234 48.342468, 11.7392476 48.3424545, 11.7391806 48.342437, 11.7391194 48.3424196, 11.739064 48.3424002, 11.7389999 48.3423712, 11.736366 48.3409342, 11.7365525 48.339848, 11.7369704 48.3374217, 11.7377982 48.3369845, 11.7379513 48.3369355, 11.758499 48.3385235, 11.7725432 48.3396034, 11.7795112 48.3401391, 11.7796524 48.3400611, 11.7797384 48.3395065, 11.7793479 48.3394874, 11.779543 48.338294, 11.780343 48.3378595, 11.7815692 48.3379568, 11.7819692 48.338307, 11.7821643 48.3387307, 11.7819887 48.3397857, 11.7802162 48.339643, 11.7798525 48.3395286, 11.7797741 48.3400685, 11.7798653 48.3401676, 11.7936851 48.3412346, 11.8086685 48.3423864, 11.808818 48.3423981, 11.8175182 48.3430599, 11.8177913 48.3431033, 11.8178605 48.3431263, 11.8192932 48.344001, 11.819329 48.3441128, 11.8191006 48.3454239, 11.818777 48.3472824, 11.8166185 48.3484275, 11.811315 48.34802, 11.8110073 48.3480174, 11.8107727 48.3480711, 11.8106078 48.3481417, 11.8076861 48.3496853, 11.8071952 48.3496476, 11.8070612 48.3502717, 11.8075756 48.3506999, 11.8059437 48.3602815, 11.8062517 48.3606564, 11.8070578 48.3608096, 11.8069706 48.3611125, 11.8141886 48.3616534, 11.8245629 48.3624748, 11.8253546 48.3626799, 11.8291225 48.3636561, 11.8294281 48.3637353, 11.8335135 48.36447, 11.8343656 48.3647863, 11.8348516 48.3653758, 11.8356841 48.367442, 11.8355256 48.3683372, 11.8353473 48.3693689, 11.8331941 48.3705121, 11.8212564 48.3695993, 11.81618 48.3692561, 11.8028162 48.3682287, 11.8025941 48.3682143, 11.794146 48.3675521, 11.7941036 48.3675169, 11.7900627 48.3672178, 11.7897478 48.3671947, 11.7863715 48.3669573, 11.7747185 48.3660202, 11.7660924 48.3653568, 11.7623151 48.3650581, 11.7530465 48.3643549, 11.7529331 48.3643474, 11.7523157 48.3638317, 11.7524078 48.3634218, 11.7526307 48.3623672, 11.7526382 48.3623323, 11.7526445 48.3623028, 11.7535629 48.3579881, 11.7536547 48.3575566, 11.7537026 48.3573329, 11.7523082 48.3572264, 11.752321 48.3571082, 11.7496019 48.3569301, 11.7499382 48.3549411, 11.7492234 48.354629, 11.7491839 48.3545576, 11.7490877 48.3543667, 11.7490724 48.3543472, 11.7489366 48.3540518, 11.7490031 48.3534829, 11.749214 48.3523665))",Number of parked airplanes, Time series of airport throughput at Flughafen München,GREEN,Aerospacelab SPRL,DE12,Archived
"48.35344398201118,11.781958961375517",DE,,München,Flughafen München,Airports: Throughput (archived),Count of airplanes on Sentinel-2 image,Sentinel-2,Sentinel 2 L2A,E13b2,2019-12-30T10:14:21,81.71779141,Average value for 2019,2019,100,"X in [68.4022768103396, 131.5977231896604] --> Normal, X < 68.4022768103396 --> Low, X > 131.5977231896604 --> High",Normal,"POLYGON ((11.749214 48.3523665, 11.7492202 48.3522464, 11.7492057 48.352171, 11.7491823 48.3520956, 11.749148 48.3520247, 11.7491005 48.3519567, 11.7490398 48.3518946, 11.7489702 48.3518413, 11.7489046 48.3517947, 11.7488303 48.351754, 11.748747 48.3517177, 11.7486594 48.3516873, 11.7485745 48.3516648, 11.7484432 48.3516392, 11.7482932 48.3516234, 11.7465419 48.351602, 11.7434631 48.3513726, 11.7422222 48.351199, 11.7420259 48.3503036, 11.7431662 48.3504085, 11.7429103 48.3479944, 11.7414363 48.3437105, 11.7415796 48.3428342, 11.7412227 48.3427217, 11.7412377 48.3426188, 11.7394866 48.3424874, 11.7393963 48.3424797, 11.7393234 48.342468, 11.7392476 48.3424545, 11.7391806 48.342437, 11.7391194 48.3424196, 11.739064 48.3424002, 11.7389999 48.3423712, 11.736366 48.3409342, 11.7365525 48.339848, 11.7369704 48.3374217, 11.7377982 48.3369845, 11.7379513 48.3369355, 11.758499 48.3385235, 11.7725432 48.3396034, 11.7795112 48.3401391, 11.7796524 48.3400611, 11.7797384 48.3395065, 11.7793479 48.3394874, 11.779543 48.338294, 11.780343 48.3378595, 11.7815692 48.3379568, 11.7819692 48.338307, 11.7821643 48.3387307, 11.7819887 48.3397857, 11.7802162 48.339643, 11.7798525 48.3395286, 11.7797741 48.3400685, 11.7798653 48.3401676, 11.7936851 48.3412346, 11.8086685 48.3423864, 11.808818 48.3423981, 11.8175182 48.3430599, 11.8177913 48.3431033, 11.8178605 48.3431263, 11.8192932 48.344001, 11.819329 48.3441128, 11.8191006 48.3454239, 11.818777 48.3472824, 11.8166185 48.3484275, 11.811315 48.34802, 11.8110073 48.3480174, 11.8107727 48.3480711, 11.8106078 48.3481417, 11.8076861 48.3496853, 11.8071952 48.3496476, 11.8070612 48.3502717, 11.8075756 48.3506999, 11.8059437 48.3602815, 11.8062517 48.3606564, 11.8070578 48.3608096, 11.8069706 48.3611125, 11.8141886 48.3616534, 11.8245629 48.3624748, 11.8253546 48.3626799, 11.8291225 48.3636561, 11.8294281 48.3637353, 11.8335135 48.36447, 11.8343656 48.3647863, 11.8348516 48.3653758, 11.8356841 48.367442, 11.8355256 48.3683372, 11.8353473 48.3693689, 11.8331941 48.3705121, 11.8212564 48.3695993, 11.81618 48.3692561, 11.8028162 48.3682287, 11.8025941 48.3682143, 11.794146 48.3675521, 11.7941036 48.3675169, 11.7900627 48.3672178, 11.7897478 48.3671947, 11.7863715 48.3669573, 11.7747185 48.3660202, 11.7660924 48.3653568, 11.7623151 48.3650581, 11.7530465 48.3643549, 11.7529331 48.3643474, 11.7523157 48.3638317, 11.7524078 48.3634218, 11.7526307 48.3623672, 11.7526382 48.3623323, 11.7526445 48.3623028, 11.7535629 48.3579881, 11.7536547 48.3575566, 11.7537026 48.3573329, 11.7523082 48.3572264, 11.752321 48.3571082, 11.7496019 48.3569301, 11.7499382 48.3549411, 11.7492234 48.354629, 11.7491839 48.3545576, 11.7490877 48.3543667, 11.7490724 48.3543472, 11.7489366 48.3540518, 11.7490031 48.3534829, 11.749214 48.3523665))",Number of parked airplanes, Time series of airport throughput at Flughafen München,BLUE,Aerospacelab SPRL,DE12,Archived
"48.35344398201118,11.781958961375517",DE,,München,Flughafen München,Airports: Throughput (archived),Count of airplanes on Sentinel-2 image,Sentinel-2,Sentinel 2 L2A,E13b2,2020-02-06T10:21:09,96.07361963,Average value for 2019,2019,100,"X in [68.4022768103396, 131.5977231896604] --> Normal, X < 68.4022768103396 --> Low, X > 131.5977231896604 --> High",Normal,"POLYGON ((11.749214 48.3523665, 11.7492202 48.3522464, 11.7492057 48.352171, 11.7491823 48.3520956, 11.749148 48.3520247, 11.7491005 48.3519567, 11.7490398 48.3518946, 11.7489702 48.3518413, 11.7489046 48.3517947, 11.7488303 48.351754, 11.748747 48.3517177, 11.7486594 48.3516873, 11.7485745 48.3516648, 11.7484432 48.3516392, 11.7482932 48.3516234, 11.7465419 48.351602, 11.7434631 48.3513726, 11.7422222 48.351199, 11.7420259 48.3503036, 11.7431662 48.3504085, 11.7429103 48.3479944, 11.7414363 48.3437105, 11.7415796 48.3428342, 11.7412227 48.3427217, 11.7412377 48.3426188, 11.7394866 48.3424874, 11.7393963 48.3424797, 11.7393234 48.342468, 11.7392476 48.3424545, 11.7391806 48.342437, 11.7391194 48.3424196, 11.739064 48.3424002, 11.7389999 48.3423712, 11.736366 48.3409342, 11.7365525 48.339848, 11.7369704 48.3374217, 11.7377982 48.3369845, 11.7379513 48.3369355, 11.758499 48.3385235, 11.7725432 48.3396034, 11.7795112 48.3401391, 11.7796524 48.3400611, 11.7797384 48.3395065, 11.7793479 48.3394874, 11.779543 48.338294, 11.780343 48.3378595, 11.7815692 48.3379568, 11.7819692 48.338307, 11.7821643 48.3387307, 11.7819887 48.3397857, 11.7802162 48.339643, 11.7798525 48.3395286, 11.7797741 48.3400685, 11.7798653 48.3401676, 11.7936851 48.3412346, 11.8086685 48.3423864, 11.808818 48.3423981, 11.8175182 48.3430599, 11.8177913 48.3431033, 11.8178605 48.3431263, 11.8192932 48.344001, 11.819329 48.3441128, 11.8191006 48.3454239, 11.818777 48.3472824, 11.8166185 48.3484275, 11.811315 48.34802, 11.8110073 48.3480174, 11.8107727 48.3480711, 11.8106078 48.3481417, 11.8076861 48.3496853, 11.8071952 48.3496476, 11.8070612 48.3502717, 11.8075756 48.3506999, 11.8059437 48.3602815, 11.8062517 48.3606564, 11.8070578 48.3608096, 11.8069706 48.3611125, 11.8141886 48.3616534, 11.8245629 48.3624748, 11.8253546 48.3626799, 11.8291225 48.3636561, 11.8294281 48.3637353, 11.8335135 48.36447, 11.8343656 48.3647863, 11.8348516 48.3653758, 11.8356841 48.367442, 11.8355256 48.3683372, 11.8353473 48.3693689, 11.8331941 48.3705121, 11.8212564 48.3695993, 11.81618 48.3692561, 11.8028162 48.3682287, 11.8025941 48.3682143, 11.794146 48.3675521, 11.7941036 48.3675169, 11.7900627 48.3672178, 11.7897478 48.3671947, 11.7863715 48.3669573, 11.7747185 48.3660202, 11.7660924 48.3653568, 11.7623151 48.3650581, 11.7530465 48.3643549, 11.7529331 48.3643474, 11.7523157 48.3638317, 11.7524078 48.3634218, 11.7526307 48.3623672, 11.7526382 48.3623323, 11.7526445 48.3623028, 11.7535629 48.3579881, 11.7536547 48.3575566, 11.7537026 48.3573329, 11.7523082 48.3572264, 11.752321 48.3571082, 11.7496019 48.3569301, 11.7499382 48.3549411, 11.7492234 48.354629, 11.7491839 48.3545576, 11.7490877 48.3543667, 11.7490724 48.3543472, 11.7489366 48.3540518, 11.7490031 48.3534829, 11.749214 48.3523665))",Number of parked airplanes, Time series of airport throughput at Flughafen München,BLUE,Aerospacelab SPRL,DE12,Archived
"48.35344398201118,11.781958961375517",DE,,München,Flughafen München,Airports: Throughput (archived),Count of airplanes on Sentinel-2 image,Sentinel-2,Sentinel 2 L2A,E13b2,2020-02-08T10:11:51,100.4907975,Average value for 2019,2019,100,"X in [68.4022768103396, 131.5977231896604] --> Normal, X < 68.4022768103396 --> Low, X > 131.5977231896604 --> High",Normal,"POLYGON ((11.749214 48.3523665, 11.7492202 48.3522464, 11.7492057 48.352171, 11.7491823 48.3520956, 11.749148 48.3520247, 11.7491005 48.3519567, 11.7490398 48.3518946, 11.7489702 48.3518413, 11.7489046 48.3517947, 11.7488303 48.351754, 11.748747 48.3517177, 11.7486594 48.3516873, 11.7485745 48.3516648, 11.7484432 48.3516392, 11.7482932 48.3516234, 11.7465419 48.351602, 11.7434631 48.3513726, 11.7422222 48.351199, 11.7420259 48.3503036, 11.7431662 48.3504085, 11.7429103 48.3479944, 11.7414363 48.3437105, 11.7415796 48.3428342, 11.7412227 48.3427217, 11.7412377 48.3426188, 11.7394866 48.3424874, 11.7393963 48.3424797, 11.7393234 48.342468, 11.7392476 48.3424545, 11.7391806 48.342437, 11.7391194 48.3424196, 11.739064 48.3424002, 11.7389999 48.3423712, 11.736366 48.3409342, 11.7365525 48.339848, 11.7369704 48.3374217, 11.7377982 48.3369845, 11.7379513 48.3369355, 11.758499 48.3385235, 11.7725432 48.3396034, 11.7795112 48.3401391, 11.7796524 48.3400611, 11.7797384 48.3395065, 11.7793479 48.3394874, 11.779543 48.338294, 11.780343 48.3378595, 11.7815692 48.3379568, 11.7819692 48.338307, 11.7821643 48.3387307, 11.7819887 48.3397857, 11.7802162 48.339643, 11.7798525 48.3395286, 11.7797741 48.3400685, 11.7798653 48.3401676, 11.7936851 48.3412346, 11.8086685 48.3423864, 11.808818 48.3423981, 11.8175182 48.3430599, 11.8177913 48.3431033, 11.8178605 48.3431263, 11.8192932 48.344001, 11.819329 48.3441128, 11.8191006 48.3454239, 11.818777 48.3472824, 11.8166185 48.3484275, 11.811315 48.34802, 11.8110073 48.3480174, 11.8107727 48.3480711, 11.8106078 48.3481417, 11.8076861 48.3496853, 11.8071952 48.3496476, 11.8070612 48.3502717, 11.8075756 48.3506999, 11.8059437 48.3602815, 11.8062517 48.3606564, 11.8070578 48.3608096, 11.8069706 48.3611125, 11.8141886 48.3616534, 11.8245629 48.3624748, 11.8253546 48.3626799, 11.8291225 48.3636561, 11.8294281 48.3637353, 11.8335135 48.36447, 11.8343656 48.3647863, 11.8348516 48.3653758, 11.8356841 48.367442, 11.8355256 48.3683372, 11.8353473 48.3693689, 11.8331941 48.3705121, 11.8212564 48.3695993, 11.81618 48.3692561, 11.8028162 48.3682287, 11.8025941 48.3682143, 11.794146 48.3675521, 11.7941036 48.3675169, 11.7900627 48.3672178, 11.7897478 48.3671947, 11.7863715 48.3669573, 11.7747185 48.3660202, 11.7660924 48.3653568, 11.7623151 48.3650581, 11.7530465 48.3643549, 11.7529331 48.3643474, 11.7523157 48.3638317, 11.7524078 48.3634218, 11.7526307 48.3623672, 11.7526382 48.3623323, 11.7526445 48.3623028, 11.7535629 48.3579881, 11.7536547 48.3575566, 11.7537026 48.3573329, 11.7523082 48.3572264, 11.752321 48.3571082, 11.7496019 48.3569301, 11.7499382 48.3549411, 11.7492234 48.354629, 11.7491839 48.3545576, 11.7490877 48.3543667, 11.7490724 48.3543472, 11.7489366 48.3540518, 11.7490031 48.3534829, 11.749214 48.3523665))",Number of parked airplanes, Time series of airport throughput at Flughafen München,BLUE,Aerospacelab SPRL,DE12,Archived
"48.35344398201118,11.781958961375517",DE,,München,Flughafen München,Airports: Throughput (archived),Count of airplanes on Sentinel-2 image,Sentinel-2,Sentinel 2 L2A,E13b2,2020-03-19T10:10:21,152.392638,Average value for 2019,2019,100,"X in [68.4022768103396, 131.5977231896604] --> Normal, X < 68.4022768103396 --> Low, X > 131.5977231896604 --> High",High,"POLYGON ((11.749214 48.3523665, 11.7492202 48.3522464, 11.7492057 48.352171, 11.7491823 48.3520956, 11.749148 48.3520247, 11.7491005 48.3519567, 11.7490398 48.3518946, 11.7489702 48.3518413, 11.7489046 48.3517947, 11.7488303 48.351754, 11.748747 48.3517177, 11.7486594 48.3516873, 11.7485745 48.3516648, 11.7484432 48.3516392, 11.7482932 48.3516234, 11.7465419 48.351602, 11.7434631 48.3513726, 11.7422222 48.351199, 11.7420259 48.3503036, 11.7431662 48.3504085, 11.7429103 48.3479944, 11.7414363 48.3437105, 11.7415796 48.3428342, 11.7412227 48.3427217, 11.7412377 48.3426188, 11.7394866 48.3424874, 11.7393963 48.3424797, 11.7393234 48.342468, 11.7392476 48.3424545, 11.7391806 48.342437, 11.7391194 48.3424196, 11.739064 48.3424002, 11.7389999 48.3423712, 11.736366 48.3409342, 11.7365525 48.339848, 11.7369704 48.3374217, 11.7377982 48.3369845, 11.7379513 48.3369355, 11.758499 48.3385235, 11.7725432 48.3396034, 11.7795112 48.3401391, 11.7796524 48.3400611, 11.7797384 48.3395065, 11.7793479 48.3394874, 11.779543 48.338294, 11.780343 48.3378595, 11.7815692 48.3379568, 11.7819692 48.338307, 11.7821643 48.3387307, 11.7819887 48.3397857, 11.7802162 48.339643, 11.7798525 48.3395286, 11.7797741 48.3400685, 11.7798653 48.3401676, 11.7936851 48.3412346, 11.8086685 48.3423864, 11.808818 48.3423981, 11.8175182 48.3430599, 11.8177913 48.3431033, 11.8178605 48.3431263, 11.8192932 48.344001, 11.819329 48.3441128, 11.8191006 48.3454239, 11.818777 48.3472824, 11.8166185 48.3484275, 11.811315 48.34802, 11.8110073 48.3480174, 11.8107727 48.3480711, 11.8106078 48.3481417, 11.8076861 48.3496853, 11.8071952 48.3496476, 11.8070612 48.3502717, 11.8075756 48.3506999, 11.8059437 48.3602815, 11.8062517 48.3606564, 11.8070578 48.3608096, 11.8069706 48.3611125, 11.8141886 48.3616534, 11.8245629 48.3624748, 11.8253546 48.3626799, 11.8291225 48.3636561, 11.8294281 48.3637353, 11.8335135 48.36447, 11.8343656 48.3647863, 11.8348516 48.3653758, 11.8356841 48.367442, 11.8355256 48.3683372, 11.8353473 48.3693689, 11.8331941 48.3705121, 11.8212564 48.3695993, 11.81618 48.3692561, 11.8028162 48.3682287, 11.8025941 48.3682143, 11.794146 48.3675521, 11.7941036 48.3675169, 11.7900627 48.3672178, 11.7897478 48.3671947, 11.7863715 48.3669573, 11.7747185 48.3660202, 11.7660924 48.3653568, 11.7623151 48.3650581, 11.7530465 48.3643549, 11.7529331 48.3643474, 11.7523157 48.3638317, 11.7524078 48.3634218, 11.7526307 48.3623672, 11.7526382 48.3623323, 11.7526445 48.3623028, 11.7535629 48.3579881, 11.7536547 48.3575566, 11.7537026 48.3573329, 11.7523082 48.3572264, 11.752321 48.3571082, 11.7496019 48.3569301, 11.7499382 48.3549411, 11.7492234 48.354629, 11.7491839 48.3545576, 11.7490877 48.3543667, 11.7490724 48.3543472, 11.7489366 48.3540518, 11.7490031 48.3534829, 11.749214 48.3523665))",Number of parked airplanes, Time series of airport throughput at Flughafen München,RED,Aerospacelab SPRL,DE12,Archived
"48.35344398201118,11.781958961375517",DE,,München,Flughafen München,Airports: Throughput (archived),Count of airplanes on Sentinel-2 image,Sentinel-2,Sentinel 2 L2A,E13b2,2020-03-24T10:06:49,136.9325153,Average value for 2019,2019,100,"X in [68.4022768103396, 131.5977231896604] --> Normal, X < 68.4022768103396 --> Low, X > 131.5977231896604 --> High",High,"POLYGON ((11.749214 48.3523665, 11.7492202 48.3522464, 11.7492057 48.352171, 11.7491823 48.3520956, 11.749148 48.3520247, 11.7491005 48.3519567, 11.7490398 48.3518946, 11.7489702 48.3518413, 11.7489046 48.3517947, 11.7488303 48.351754, 11.748747 48.3517177, 11.7486594 48.3516873, 11.7485745 48.3516648, 11.7484432 48.3516392, 11.7482932 48.3516234, 11.7465419 48.351602, 11.7434631 48.3513726, 11.7422222 48.351199, 11.7420259 48.3503036, 11.7431662 48.3504085, 11.7429103 48.3479944, 11.7414363 48.3437105, 11.7415796 48.3428342, 11.7412227 48.3427217, 11.7412377 48.3426188, 11.7394866 48.3424874, 11.7393963 48.3424797, 11.7393234 48.342468, 11.7392476 48.3424545, 11.7391806 48.342437, 11.7391194 48.3424196, 11.739064 48.3424002, 11.7389999 48.3423712, 11.736366 48.3409342, 11.7365525 48.339848, 11.7369704 48.3374217, 11.7377982 48.3369845, 11.7379513 48.3369355, 11.758499 48.3385235, 11.7725432 48.3396034, 11.7795112 48.3401391, 11.7796524 48.3400611, 11.7797384 48.3395065, 11.7793479 48.3394874, 11.779543 48.338294, 11.780343 48.3378595, 11.7815692 48.3379568, 11.7819692 48.338307, 11.7821643 48.3387307, 11.7819887 48.3397857, 11.7802162 48.339643, 11.7798525 48.3395286, 11.7797741 48.3400685, 11.7798653 48.3401676, 11.7936851 48.3412346, 11.8086685 48.3423864, 11.808818 48.3423981, 11.8175182 48.3430599, 11.8177913 48.3431033, 11.8178605 48.3431263, 11.8192932 48.344001, 11.819329 48.3441128, 11.8191006 48.3454239, 11.818777 48.3472824, 11.8166185 48.3484275, 11.811315 48.34802, 11.8110073 48.3480174, 11.8107727 48.3480711, 11.8106078 48.3481417, 11.8076861 48.3496853, 11.8071952 48.3496476, 11.8070612 48.3502717, 11.8075756 48.3506999, 11.8059437 48.3602815, 11.8062517 48.3606564, 11.8070578 48.3608096, 11.8069706 48.3611125, 11.8141886 48.3616534, 11.8245629 48.3624748, 11.8253546 48.3626799, 11.8291225 48.3636561, 11.8294281 48.3637353, 11.8335135 48.36447, 11.8343656 48.3647863, 11.8348516 48.3653758, 11.8356841 48.367442, 11.8355256 48.3683372, 11.8353473 48.3693689, 11.8331941 48.3705121, 11.8212564 48.3695993, 11.81618 48.3692561, 11.8028162 48.3682287, 11.8025941 48.3682143, 11.794146 48.3675521, 11.7941036 48.3675169, 11.7900627 48.3672178, 11.7897478 48.3671947, 11.7863715 48.3669573, 11.7747185 48.3660202, 11.7660924 48.3653568, 11.7623151 48.3650581, 11.7530465 48.3643549, 11.7529331 48.3643474, 11.7523157 48.3638317, 11.7524078 48.3634218, 11.7526307 48.3623672, 11.7526382 48.3623323, 11.7526445 48.3623028, 11.7535629 48.3579881, 11.7536547 48.3575566, 11.7537026 48.3573329, 11.7523082 48.3572264, 11.752321 48.3571082, 11.7496019 48.3569301, 11.7499382 48.3549411, 11.7492234 48.354629, 11.7491839 48.3545576, 11.7490877 48.3543667, 11.7490724 48.3543472, 11.7489366 48.3540518, 11.7490031 48.3534829, 11.749214 48.3523665))",Number of parked airplanes, Time series of airport throughput at Flughafen München,RED,Aerospacelab SPRL,DE12,Archived
"48.35344398201118,11.781958961375517",DE,,München,Flughafen München,Airports: Throughput (archived),Count of airplanes on Sentinel-2 image,Sentinel-2,Sentinel 2 L2A,E13b2,2020-04-01T10:20:21,80.61349693,Average value for 2019,2019,100,"X in [68.4022768103396, 131.5977231896604] --> Normal, X < 68.4022768103396 --> Low, X > 131.5977231896604 --> High",Normal,"POLYGON ((11.749214 48.3523665, 11.7492202 48.3522464, 11.7492057 48.352171, 11.7491823 48.3520956, 11.749148 48.3520247, 11.7491005 48.3519567, 11.7490398 48.3518946, 11.7489702 48.3518413, 11.7489046 48.3517947, 11.7488303 48.351754, 11.748747 48.3517177, 11.7486594 48.3516873, 11.7485745 48.3516648, 11.7484432 48.3516392, 11.7482932 48.3516234, 11.7465419 48.351602, 11.7434631 48.3513726, 11.7422222 48.351199, 11.7420259 48.3503036, 11.7431662 48.3504085, 11.7429103 48.3479944, 11.7414363 48.3437105, 11.7415796 48.3428342, 11.7412227 48.3427217, 11.7412377 48.3426188, 11.7394866 48.3424874, 11.7393963 48.3424797, 11.7393234 48.342468, 11.7392476 48.3424545, 11.7391806 48.342437, 11.7391194 48.3424196, 11.739064 48.3424002, 11.7389999 48.3423712, 11.736366 48.3409342, 11.7365525 48.339848, 11.7369704 48.3374217, 11.7377982 48.3369845, 11.7379513 48.3369355, 11.758499 48.3385235, 11.7725432 48.3396034, 11.7795112 48.3401391, 11.7796524 48.3400611, 11.7797384 48.3395065, 11.7793479 48.3394874, 11.779543 48.338294, 11.780343 48.3378595, 11.7815692 48.3379568, 11.7819692 48.338307, 11.7821643 48.3387307, 11.7819887 48.3397857, 11.7802162 48.339643, 11.7798525 48.3395286, 11.7797741 48.3400685, 11.7798653 48.3401676, 11.7936851 48.3412346, 11.8086685 48.3423864, 11.808818 48.3423981, 11.8175182 48.3430599, 11.8177913 48.3431033, 11.8178605 48.3431263, 11.8192932 48.344001, 11.819329 48.3441128, 11.8191006 48.3454239, 11.818777 48.3472824, 11.8166185 48.3484275, 11.811315 48.34802, 11.8110073 48.3480174, 11.8107727 48.3480711, 11.8106078 48.3481417, 11.8076861 48.3496853, 11.8071952 48.3496476, 11.8070612 48.3502717, 11.8075756 48.3506999, 11.8059437 48.3602815, 11.8062517 48.3606564, 11.8070578 48.3608096, 11.8069706 48.3611125, 11.8141886 48.3616534, 11.8245629 48.3624748, 11.8253546 48.3626799, 11.8291225 48.3636561, 11.8294281 48.3637353, 11.8335135 48.36447, 11.8343656 48.3647863, 11.8348516 48.3653758, 11.8356841 48.367442, 11.8355256 48.3683372, 11.8353473 48.3693689, 11.8331941 48.3705121, 11.8212564 48.3695993, 11.81618 48.3692561, 11.8028162 48.3682287, 11.8025941 48.3682143, 11.794146 48.3675521, 11.7941036 48.3675169, 11.7900627 48.3672178, 11.7897478 48.3671947, 11.7863715 48.3669573, 11.7747185 48.3660202, 11.7660924 48.3653568, 11.7623151 48.3650581, 11.7530465 48.3643549, 11.7529331 48.3643474, 11.7523157 48.3638317, 11.7524078 48.3634218, 11.7526307 48.3623672, 11.7526382 48.3623323, 11.7526445 48.3623028, 11.7535629 48.3579881, 11.7536547 48.3575566, 11.7537026 48.3573329, 11.7523082 48.3572264, 11.752321 48.3571082, 11.7496019 48.3569301, 11.7499382 48.3549411, 11.7492234 48.354629, 11.7491839 48.3545576, 11.7490877 48.3543667, 11.7490724 48.3543472, 11.7489366 48.3540518, 11.7490031 48.3534829, 11.749214 48.3523665))",Number of parked airplanes, Time series of airport throughput at Flughafen München,BLUE,Aerospacelab SPRL,DE12,Archived
"48.35344398201118,11.781958961375517",DE,,München,Flughafen München,Airports: Throughput (archived),Count of airplanes on Sentinel-2 image,Sentinel-2,Sentinel 2 L2A,E13b2,2020-04-03T10:05:49,108.2208589,Average value for 2019,2019,100,"X in [68.4022768103396, 131.5977231896604] --> Normal, X < 68.4022768103396 --> Low, X > 131.5977231896604 --> High",Normal,"POLYGON ((11.749214 48.3523665, 11.7492202 48.3522464, 11.7492057 48.352171, 11.7491823 48.3520956, 11.749148 48.3520247, 11.7491005 48.3519567, 11.7490398 48.3518946, 11.7489702 48.3518413, 11.7489046 48.3517947, 11.7488303 48.351754, 11.748747 48.3517177, 11.7486594 48.3516873, 11.7485745 48.3516648, 11.7484432 48.3516392, 11.7482932 48.3516234, 11.7465419 48.351602, 11.7434631 48.3513726, 11.7422222 48.351199, 11.7420259 48.3503036, 11.7431662 48.3504085, 11.7429103 48.3479944, 11.7414363 48.3437105, 11.7415796 48.3428342, 11.7412227 48.3427217, 11.7412377 48.3426188, 11.7394866 48.3424874, 11.7393963 48.3424797, 11.7393234 48.342468, 11.7392476 48.3424545, 11.7391806 48.342437, 11.7391194 48.3424196, 11.739064 48.3424002, 11.7389999 48.3423712, 11.736366 48.3409342, 11.7365525 48.339848, 11.7369704 48.3374217, 11.7377982 48.3369845, 11.7379513 48.3369355, 11.758499 48.3385235, 11.7725432 48.3396034, 11.7795112 48.3401391, 11.7796524 48.3400611, 11.7797384 48.3395065, 11.7793479 48.3394874, 11.779543 48.338294, 11.780343 48.3378595, 11.7815692 48.3379568, 11.7819692 48.338307, 11.7821643 48.3387307, 11.7819887 48.3397857, 11.7802162 48.339643, 11.7798525 48.3395286, 11.7797741 48.3400685, 11.7798653 48.3401676, 11.7936851 48.3412346, 11.8086685 48.3423864, 11.808818 48.3423981, 11.8175182 48.3430599, 11.8177913 48.3431033, 11.8178605 48.3431263, 11.8192932 48.344001, 11.819329 48.3441128, 11.8191006 48.3454239, 11.818777 48.3472824, 11.8166185 48.3484275, 11.811315 48.34802, 11.8110073 48.3480174, 11.8107727 48.3480711, 11.8106078 48.3481417, 11.8076861 48.3496853, 11.8071952 48.3496476, 11.8070612 48.3502717, 11.8075756 48.3506999, 11.8059437 48.3602815, 11.8062517 48.3606564, 11.8070578 48.3608096, 11.8069706 48.3611125, 11.8141886 48.3616534, 11.8245629 48.3624748, 11.8253546 48.3626799, 11.8291225 48.3636561, 11.8294281 48.3637353, 11.8335135 48.36447, 11.8343656 48.3647863, 11.8348516 48.3653758, 11.8356841 48.367442, 11.8355256 48.3683372, 11.8353473 48.3693689, 11.8331941 48.3705121, 11.8212564 48.3695993, 11.81618 48.3692561, 11.8028162 48.3682287, 11.8025941 48.3682143, 11.794146 48.3675521, 11.7941036 48.3675169, 11.7900627 48.3672178, 11.7897478 48.3671947, 11.7863715 48.3669573, 11.7747185 48.3660202, 11.7660924 48.3653568, 11.7623151 48.3650581, 11.7530465 48.3643549, 11.7529331 48.3643474, 11.7523157 48.3638317, 11.7524078 48.3634218, 11.7526307 48.3623672, 11.7526382 48.3623323, 11.7526445 48.3623028, 11.7535629 48.3579881, 11.7536547 48.3575566, 11.7537026 48.3573329, 11.7523082 48.3572264, 11.752321 48.3571082, 11.7496019 48.3569301, 11.7499382 48.3549411, 11.7492234 48.354629, 11.7491839 48.3545576, 11.7490877 48.3543667, 11.7490724 48.3543472, 11.7489366 48.3540518, 11.7490031 48.3534829, 11.749214 48.3523665))",Number of parked airplanes, Time series of airport throughput at Flughafen München,BLUE,Aerospacelab SPRL,DE12,Archived
"48.35344398201118,11.781958961375517",DE,,München,Flughafen München,Airports: Throughput (archived),Count of airplanes on Sentinel-2 image,Sentinel-2,Sentinel 2 L2A,E13b2,2020-04-06T10:15:59,108.2208589,Average value for 2019,2019,100,"X in [68.4022768103396, 131.5977231896604] --> Normal, X < 68.4022768103396 --> Low, X > 131.5977231896604 --> High",Normal,"POLYGON ((11.749214 48.3523665, 11.7492202 48.3522464, 11.7492057 48.352171, 11.7491823 48.3520956, 11.749148 48.3520247, 11.7491005 48.3519567, 11.7490398 48.3518946, 11.7489702 48.3518413, 11.7489046 48.3517947, 11.7488303 48.351754, 11.748747 48.3517177, 11.7486594 48.3516873, 11.7485745 48.3516648, 11.7484432 48.3516392, 11.7482932 48.3516234, 11.7465419 48.351602, 11.7434631 48.3513726, 11.7422222 48.351199, 11.7420259 48.3503036, 11.7431662 48.3504085, 11.7429103 48.3479944, 11.7414363 48.3437105, 11.7415796 48.3428342, 11.7412227 48.3427217, 11.7412377 48.3426188, 11.7394866 48.3424874, 11.7393963 48.3424797, 11.7393234 48.342468, 11.7392476 48.3424545, 11.7391806 48.342437, 11.7391194 48.3424196, 11.739064 48.3424002, 11.7389999 48.3423712, 11.736366 48.3409342, 11.7365525 48.339848, 11.7369704 48.3374217, 11.7377982 48.3369845, 11.7379513 48.3369355, 11.758499 48.3385235, 11.7725432 48.3396034, 11.7795112 48.3401391, 11.7796524 48.3400611, 11.7797384 48.3395065, 11.7793479 48.3394874, 11.779543 48.338294, 11.780343 48.3378595, 11.7815692 48.3379568, 11.7819692 48.338307, 11.7821643 48.3387307, 11.7819887 48.3397857, 11.7802162 48.339643, 11.7798525 48.3395286, 11.7797741 48.3400685, 11.7798653 48.3401676, 11.7936851 48.3412346, 11.8086685 48.3423864, 11.808818 48.3423981, 11.8175182 48.3430599, 11.8177913 48.3431033, 11.8178605 48.3431263, 11.8192932 48.344001, 11.819329 48.3441128, 11.8191006 48.3454239, 11.818777 48.3472824, 11.8166185 48.3484275, 11.811315 48.34802, 11.8110073 48.3480174, 11.8107727 48.3480711, 11.8106078 48.3481417, 11.8076861 48.3496853, 11.8071952 48.3496476, 11.8070612 48.3502717, 11.8075756 48.3506999, 11.8059437 48.3602815, 11.8062517 48.3606564, 11.8070578 48.3608096, 11.8069706 48.3611125, 11.8141886 48.3616534, 11.8245629 48.3624748, 11.8253546 48.3626799, 11.8291225 48.3636561, 11.8294281 48.3637353, 11.8335135 48.36447, 11.8343656 48.3647863, 11.8348516 48.3653758, 11.8356841 48.367442, 11.8355256 48.3683372, 11.8353473 48.3693689, 11.8331941 48.3705121, 11.8212564 48.3695993, 11.81618 48.3692561, 11.8028162 48.3682287, 11.8025941 48.3682143, 11.794146 48.3675521, 11.7941036 48.3675169, 11.7900627 48.3672178, 11.7897478 48.3671947, 11.7863715 48.3669573, 11.7747185 48.3660202, 11.7660924 48.3653568, 11.7623151 48.3650581, 11.7530465 48.3643549, 11.7529331 48.3643474, 11.7523157 48.3638317, 11.7524078 48.3634218, 11.7526307 48.3623672, 11.7526382 48.3623323, 11.7526445 48.3623028, 11.7535629 48.3579881, 11.7536547 48.3575566, 11.7537026 48.3573329, 11.7523082 48.3572264, 11.752321 48.3571082, 11.7496019 48.3569301, 11.7499382 48.3549411, 11.7492234 48.354629, 11.7491839 48.3545576, 11.7490877 48.3543667, 11.7490724 48.3543472, 11.7489366 48.3540518, 11.7490031 48.3534829, 11.749214 48.3523665))",Number of parked airplanes, Time series of airport throughput at Flughafen München,BLUE,Aerospacelab SPRL,DE12,Archived
"48.35344398201118,11.781958961375517",DE,,München,Flughafen München,Airports: Throughput (archived),Count of airplanes on Sentinel-2 image,Sentinel-2,Sentinel 2 L2A,E13b2,2020-04-08T10:10:21,111.5337423,Average value for 2019,2019,100,"X in [68.4022768103396, 131.5977231896604] --> Normal, X < 68.4022768103396 --> Low, X > 131.5977231896604 --> High",Normal,"POLYGON ((11.749214 48.3523665, 11.7492202 48.3522464, 11.7492057 48.352171, 11.7491823 48.3520956, 11.749148 48.3520247, 11.7491005 48.3519567, 11.7490398 48.3518946, 11.7489702 48.3518413, 11.7489046 48.3517947, 11.7488303 48.351754, 11.748747 48.3517177, 11.7486594 48.3516873, 11.7485745 48.3516648, 11.7484432 48.3516392, 11.7482932 48.3516234, 11.7465419 48.351602, 11.7434631 48.3513726, 11.7422222 48.351199, 11.7420259 48.3503036, 11.7431662 48.3504085, 11.7429103 48.3479944, 11.7414363 48.3437105, 11.7415796 48.3428342, 11.7412227 48.3427217, 11.7412377 48.3426188, 11.7394866 48.3424874, 11.7393963 48.3424797, 11.7393234 48.342468, 11.7392476 48.3424545, 11.7391806 48.342437, 11.7391194 48.3424196, 11.739064 48.3424002, 11.7389999 48.3423712, 11.736366 48.3409342, 11.7365525 48.339848, 11.7369704 48.3374217, 11.7377982 48.3369845, 11.7379513 48.3369355, 11.758499 48.3385235, 11.7725432 48.3396034, 11.7795112 48.3401391, 11.7796524 48.3400611, 11.7797384 48.3395065, 11.7793479 48.3394874, 11.779543 48.338294, 11.780343 48.3378595, 11.7815692 48.3379568, 11.7819692 48.338307, 11.7821643 48.3387307, 11.7819887 48.3397857, 11.7802162 48.339643, 11.7798525 48.3395286, 11.7797741 48.3400685, 11.7798653 48.3401676, 11.7936851 48.3412346, 11.8086685 48.3423864, 11.808818 48.3423981, 11.8175182 48.3430599, 11.8177913 48.3431033, 11.8178605 48.3431263, 11.8192932 48.344001, 11.819329 48.3441128, 11.8191006 48.3454239, 11.818777 48.3472824, 11.8166185 48.3484275, 11.811315 48.34802, 11.8110073 48.3480174, 11.8107727 48.3480711, 11.8106078 48.3481417, 11.8076861 48.3496853, 11.8071952 48.3496476, 11.8070612 48.3502717, 11.8075756 48.3506999, 11.8059437 48.3602815, 11.8062517 48.3606564, 11.8070578 48.3608096, 11.8069706 48.3611125, 11.8141886 48.3616534, 11.8245629 48.3624748, 11.8253546 48.3626799, 11.8291225 48.3636561, 11.8294281 48.3637353, 11.8335135 48.36447, 11.8343656 48.3647863, 11.8348516 48.3653758, 11.8356841 48.367442, 11.8355256 48.3683372, 11.8353473 48.3693689, 11.8331941 48.3705121, 11.8212564 48.3695993, 11.81618 48.3692561, 11.8028162 48.3682287, 11.8025941 48.3682143, 11.794146 48.3675521, 11.7941036 48.3675169, 11.7900627 48.3672178, 11.7897478 48.3671947, 11.7863715 48.3669573, 11.7747185 48.3660202, 11.7660924 48.3653568, 11.7623151 48.3650581, 11.7530465 48.3643549, 11.7529331 48.3643474, 11.7523157 48.3638317, 11.7524078 48.3634218, 11.7526307 48.3623672, 11.7526382 48.3623323, 11.7526445 48.3623028, 11.7535629 48.3579881, 11.7536547 48.3575566, 11.7537026 48.3573329, 11.7523082 48.3572264, 11.752321 48.3571082, 11.7496019 48.3569301, 11.7499382 48.3549411, 11.7492234 48.354629, 11.7491839 48.3545576, 11.7490877 48.3543667, 11.7490724 48.3543472, 11.7489366 48.3540518, 11.7490031 48.3534829, 11.749214 48.3523665))",Number of parked airplanes, Time series of airport throughput at Flughafen München,BLUE,Aerospacelab SPRL,DE12,Archived
"48.35344398201118,11.781958961375517",DE,,München,Flughafen München,Airports: Throughput (archived),Count of airplanes on Sentinel-2 image,Sentinel-2,Sentinel 2 L2A,E13b2,2020-04-11T10:20:21,115.9509202,Average value for 2019,2019,100,"X in [68.4022768103396, 131.5977231896604] --> Normal, X < 68.4022768103396 --> Low, X > 131.5977231896604 --> High",Normal,"POLYGON ((11.749214 48.3523665, 11.7492202 48.3522464, 11.7492057 48.352171, 11.7491823 48.3520956, 11.749148 48.3520247, 11.7491005 48.3519567, 11.7490398 48.3518946, 11.7489702 48.3518413, 11.7489046 48.3517947, 11.7488303 48.351754, 11.748747 48.3517177, 11.7486594 48.3516873, 11.7485745 48.3516648, 11.7484432 48.3516392, 11.7482932 48.3516234, 11.7465419 48.351602, 11.7434631 48.3513726, 11.7422222 48.351199, 11.7420259 48.3503036, 11.7431662 48.3504085, 11.7429103 48.3479944, 11.7414363 48.3437105, 11.7415796 48.3428342, 11.7412227 48.3427217, 11.7412377 48.3426188, 11.7394866 48.3424874, 11.7393963 48.3424797, 11.7393234 48.342468, 11.7392476 48.3424545, 11.7391806 48.342437, 11.7391194 48.3424196, 11.739064 48.3424002, 11.7389999 48.3423712, 11.736366 48.3409342, 11.7365525 48.339848, 11.7369704 48.3374217, 11.7377982 48.3369845, 11.7379513 48.3369355, 11.758499 48.3385235, 11.7725432 48.3396034, 11.7795112 48.3401391, 11.7796524 48.3400611, 11.7797384 48.3395065, 11.7793479 48.3394874, 11.779543 48.338294, 11.780343 48.3378595, 11.7815692 48.3379568, 11.7819692 48.338307, 11.7821643 48.3387307, 11.7819887 48.3397857, 11.7802162 48.339643, 11.7798525 48.3395286, 11.7797741 48.3400685, 11.7798653 48.3401676, 11.7936851 48.3412346, 11.8086685 48.3423864, 11.808818 48.3423981, 11.8175182 48.3430599, 11.8177913 48.3431033, 11.8178605 48.3431263, 11.8192932 48.344001, 11.819329 48.3441128, 11.8191006 48.3454239, 11.818777 48.3472824, 11.8166185 48.3484275, 11.811315 48.34802, 11.8110073 48.3480174, 11.8107727 48.3480711, 11.8106078 48.3481417, 11.8076861 48.3496853, 11.8071952 48.3496476, 11.8070612 48.3502717, 11.8075756 48.3506999, 11.8059437 48.3602815, 11.8062517 48.3606564, 11.8070578 48.3608096, 11.8069706 48.3611125, 11.8141886 48.3616534, 11.8245629 48.3624748, 11.8253546 48.3626799, 11.8291225 48.3636561, 11.8294281 48.3637353, 11.8335135 48.36447, 11.8343656 48.3647863, 11.8348516 48.3653758, 11.8356841 48.367442, 11.8355256 48.3683372, 11.8353473 48.3693689, 11.8331941 48.3705121, 11.8212564 48.3695993, 11.81618 48.3692561, 11.8028162 48.3682287, 11.8025941 48.3682143, 11.794146 48.3675521, 11.7941036 48.3675169, 11.7900627 48.3672178, 11.7897478 48.3671947, 11.7863715 48.3669573, 11.7747185 48.3660202, 11.7660924 48.3653568, 11.7623151 48.3650581, 11.7530465 48.3643549, 11.7529331 48.3643474, 11.7523157 48.3638317, 11.7524078 48.3634218, 11.7526307 48.3623672, 11.7526382 48.3623323, 11.7526445 48.3623028, 11.7535629 48.3579881, 11.7536547 48.3575566, 11.7537026 48.3573329, 11.7523082 48.3572264, 11.752321 48.3571082, 11.7496019 48.3569301, 11.7499382 48.3549411, 11.7492234 48.354629, 11.7491839 48.3545576, 11.7490877 48.3543667, 11.7490724 48.3543472, 11.7489366 48.3540518, 11.7490031 48.3534829, 11.749214 48.3523665))",Number of parked airplanes, Time series of airport throughput at Flughafen München,BLUE,Aerospacelab SPRL,DE12,Archived
"48.35344398201118,11.781958961375517",DE,,München,Flughafen München,Airports: Throughput (archived),Count of airplanes on Sentinel-2 image,Sentinel-2,Sentinel 2 L2A,E13b2,2020-04-16T10:15:49,62.94478528,Average value for 2019,2019,100,"X in [68.4022768103396, 131.5977231896604] --> Normal, X < 68.4022768103396 --> Low, X > 131.5977231896604 --> High",Low,"POLYGON ((11.749214 48.3523665, 11.7492202 48.3522464, 11.7492057 48.352171, 11.7491823 48.3520956, 11.749148 48.3520247, 11.7491005 48.3519567, 11.7490398 48.3518946, 11.7489702 48.3518413, 11.7489046 48.3517947, 11.7488303 48.351754, 11.748747 48.3517177, 11.7486594 48.3516873, 11.7485745 48.3516648, 11.7484432 48.3516392, 11.7482932 48.3516234, 11.7465419 48.351602, 11.7434631 48.3513726, 11.7422222 48.351199, 11.7420259 48.3503036, 11.7431662 48.3504085, 11.7429103 48.3479944, 11.7414363 48.3437105, 11.7415796 48.3428342, 11.7412227 48.3427217, 11.7412377 48.3426188, 11.7394866 48.3424874, 11.7393963 48.3424797, 11.7393234 48.342468, 11.7392476 48.3424545, 11.7391806 48.342437, 11.7391194 48.3424196, 11.739064 48.3424002, 11.7389999 48.3423712, 11.736366 48.3409342, 11.7365525 48.339848, 11.7369704 48.3374217, 11.7377982 48.3369845, 11.7379513 48.3369355, 11.758499 48.3385235, 11.7725432 48.3396034, 11.7795112 48.3401391, 11.7796524 48.3400611, 11.7797384 48.3395065, 11.7793479 48.3394874, 11.779543 48.338294, 11.780343 48.3378595, 11.7815692 48.3379568, 11.7819692 48.338307, 11.7821643 48.3387307, 11.7819887 48.3397857, 11.7802162 48.339643, 11.7798525 48.3395286, 11.7797741 48.3400685, 11.7798653 48.3401676, 11.7936851 48.3412346, 11.8086685 48.3423864, 11.808818 48.3423981, 11.8175182 48.3430599, 11.8177913 48.3431033, 11.8178605 48.3431263, 11.8192932 48.344001, 11.819329 48.3441128, 11.8191006 48.3454239, 11.818777 48.3472824, 11.8166185 48.3484275, 11.811315 48.34802, 11.8110073 48.3480174, 11.8107727 48.3480711, 11.8106078 48.3481417, 11.8076861 48.3496853, 11.8071952 48.3496476, 11.8070612 48.3502717, 11.8075756 48.3506999, 11.8059437 48.3602815, 11.8062517 48.3606564, 11.8070578 48.3608096, 11.8069706 48.3611125, 11.8141886 48.3616534, 11.8245629 48.3624748, 11.8253546 48.3626799, 11.8291225 48.3636561, 11.8294281 48.3637353, 11.8335135 48.36447, 11.8343656 48.3647863, 11.8348516 48.3653758, 11.8356841 48.367442, 11.8355256 48.3683372, 11.8353473 48.3693689, 11.8331941 48.3705121, 11.8212564 48.3695993, 11.81618 48.3692561, 11.8028162 48.3682287, 11.8025941 48.3682143, 11.794146 48.3675521, 11.7941036 48.3675169, 11.7900627 48.3672178, 11.7897478 48.3671947, 11.7863715 48.3669573, 11.7747185 48.3660202, 11.7660924 48.3653568, 11.7623151 48.3650581, 11.7530465 48.3643549, 11.7529331 48.3643474, 11.7523157 48.3638317, 11.7524078 48.3634218, 11.7526307 48.3623672, 11.7526382 48.3623323, 11.7526445 48.3623028, 11.7535629 48.3579881, 11.7536547 48.3575566, 11.7537026 48.3573329, 11.7523082 48.3572264, 11.752321 48.3571082, 11.7496019 48.3569301, 11.7499382 48.3549411, 11.7492234 48.354629, 11.7491839 48.3545576, 11.7490877 48.3543667, 11.7490724 48.3543472, 11.7489366 48.3540518, 11.7490031 48.3534829, 11.749214 48.3523665))",Number of parked airplanes, Time series of airport throughput at Flughafen München,GREEN,Aerospacelab SPRL,DE12,Archived
"48.35344398201118,11.781958961375517",DE,,München,Flughafen München,Airports: Throughput (archived),Count of airplanes on Sentinel-2 image,Sentinel-2,Sentinel 2 L2A,E13b2,2020-04-23T10:05:49,120.3680982,Average value for 2019,2019,100,"X in [68.4022768103396, 131.5977231896604] --> Normal, X < 68.4022768103396 --> Low, X > 131.5977231896604 --> High",Normal,"POLYGON ((11.749214 48.3523665, 11.7492202 48.3522464, 11.7492057 48.352171, 11.7491823 48.3520956, 11.749148 48.3520247, 11.7491005 48.3519567, 11.7490398 48.3518946, 11.7489702 48.3518413, 11.7489046 48.3517947, 11.7488303 48.351754, 11.748747 48.3517177, 11.7486594 48.3516873, 11.7485745 48.3516648, 11.7484432 48.3516392, 11.7482932 48.3516234, 11.7465419 48.351602, 11.7434631 48.3513726, 11.7422222 48.351199, 11.7420259 48.3503036, 11.7431662 48.3504085, 11.7429103 48.3479944, 11.7414363 48.3437105, 11.7415796 48.3428342, 11.7412227 48.3427217, 11.7412377 48.3426188, 11.7394866 48.3424874, 11.7393963 48.3424797, 11.7393234 48.342468, 11.7392476 48.3424545, 11.7391806 48.342437, 11.7391194 48.3424196, 11.739064 48.3424002, 11.7389999 48.3423712, 11.736366 48.3409342, 11.7365525 48.339848, 11.7369704 48.3374217, 11.7377982 48.3369845, 11.7379513 48.3369355, 11.758499 48.3385235, 11.7725432 48.3396034, 11.7795112 48.3401391, 11.7796524 48.3400611, 11.7797384 48.3395065, 11.7793479 48.3394874, 11.779543 48.338294, 11.780343 48.3378595, 11.7815692 48.3379568, 11.7819692 48.338307, 11.7821643 48.3387307, 11.7819887 48.3397857, 11.7802162 48.339643, 11.7798525 48.3395286, 11.7797741 48.3400685, 11.7798653 48.3401676, 11.7936851 48.3412346, 11.8086685 48.3423864, 11.808818 48.3423981, 11.8175182 48.3430599, 11.8177913 48.3431033, 11.8178605 48.3431263, 11.8192932 48.344001, 11.819329 48.3441128, 11.8191006 48.3454239, 11.818777 48.3472824, 11.8166185 48.3484275, 11.811315 48.34802, 11.8110073 48.3480174, 11.8107727 48.3480711, 11.8106078 48.3481417, 11.8076861 48.3496853, 11.8071952 48.3496476, 11.8070612 48.3502717, 11.8075756 48.3506999, 11.8059437 48.3602815, 11.8062517 48.3606564, 11.8070578 48.3608096, 11.8069706 48.3611125, 11.8141886 48.3616534, 11.8245629 48.3624748, 11.8253546 48.3626799, 11.8291225 48.3636561, 11.8294281 48.3637353, 11.8335135 48.36447, 11.8343656 48.3647863, 11.8348516 48.3653758, 11.8356841 48.367442, 11.8355256 48.3683372, 11.8353473 48.3693689, 11.8331941 48.3705121, 11.8212564 48.3695993, 11.81618 48.3692561, 11.8028162 48.3682287, 11.8025941 48.3682143, 11.794146 48.3675521, 11.7941036 48.3675169, 11.7900627 48.3672178, 11.7897478 48.3671947, 11.7863715 48.3669573, 11.7747185 48.3660202, 11.7660924 48.3653568, 11.7623151 48.3650581, 11.7530465 48.3643549, 11.7529331 48.3643474, 11.7523157 48.3638317, 11.7524078 48.3634218, 11.7526307 48.3623672, 11.7526382 48.3623323, 11.7526445 48.3623028, 11.7535629 48.3579881, 11.7536547 48.3575566, 11.7537026 48.3573329, 11.7523082 48.3572264, 11.752321 48.3571082, 11.7496019 48.3569301, 11.7499382 48.3549411, 11.7492234 48.354629, 11.7491839 48.3545576, 11.7490877 48.3543667, 11.7490724 48.3543472, 11.7489366 48.3540518, 11.7490031 48.3534829, 11.749214 48.3523665))",Number of parked airplanes, Time series of airport throughput at Flughafen München,BLUE,Aerospacelab SPRL,DE12,Archived
"48.35344398201118,11.781958961375517",DE,,München,Flughafen München,Airports: Throughput (archived),Count of airplanes on Sentinel-2 image,Sentinel-2,Sentinel 2 L2A,E13b2,2020-04-26T10:15:49,131.4110429,Average value for 2019,2019,100,"X in [68.4022768103396, 131.5977231896604] --> Normal, X < 68.4022768103396 --> Low, X > 131.5977231896604 --> High",Normal,"POLYGON ((11.749214 48.3523665, 11.7492202 48.3522464, 11.7492057 48.352171, 11.7491823 48.3520956, 11.749148 48.3520247, 11.7491005 48.3519567, 11.7490398 48.3518946, 11.7489702 48.3518413, 11.7489046 48.3517947, 11.7488303 48.351754, 11.748747 48.3517177, 11.7486594 48.3516873, 11.7485745 48.3516648, 11.7484432 48.3516392, 11.7482932 48.3516234, 11.7465419 48.351602, 11.7434631 48.3513726, 11.7422222 48.351199, 11.7420259 48.3503036, 11.7431662 48.3504085, 11.7429103 48.3479944, 11.7414363 48.3437105, 11.7415796 48.3428342, 11.7412227 48.3427217, 11.7412377 48.3426188, 11.7394866 48.3424874, 11.7393963 48.3424797, 11.7393234 48.342468, 11.7392476 48.3424545, 11.7391806 48.342437, 11.7391194 48.3424196, 11.739064 48.3424002, 11.7389999 48.3423712, 11.736366 48.3409342, 11.7365525 48.339848, 11.7369704 48.3374217, 11.7377982 48.3369845, 11.7379513 48.3369355, 11.758499 48.3385235, 11.7725432 48.3396034, 11.7795112 48.3401391, 11.7796524 48.3400611, 11.7797384 48.3395065, 11.7793479 48.3394874, 11.779543 48.338294, 11.780343 48.3378595, 11.7815692 48.3379568, 11.7819692 48.338307, 11.7821643 48.3387307, 11.7819887 48.3397857, 11.7802162 48.339643, 11.7798525 48.3395286, 11.7797741 48.3400685, 11.7798653 48.3401676, 11.7936851 48.3412346, 11.8086685 48.3423864, 11.808818 48.3423981, 11.8175182 48.3430599, 11.8177913 48.3431033, 11.8178605 48.3431263, 11.8192932 48.344001, 11.819329 48.3441128, 11.8191006 48.3454239, 11.818777 48.3472824, 11.8166185 48.3484275, 11.811315 48.34802, 11.8110073 48.3480174, 11.8107727 48.3480711, 11.8106078 48.3481417, 11.8076861 48.3496853, 11.8071952 48.3496476, 11.8070612 48.3502717, 11.8075756 48.3506999, 11.8059437 48.3602815, 11.8062517 48.3606564, 11.8070578 48.3608096, 11.8069706 48.3611125, 11.8141886 48.3616534, 11.8245629 48.3624748, 11.8253546 48.3626799, 11.8291225 48.3636561, 11.8294281 48.3637353, 11.8335135 48.36447, 11.8343656 48.3647863, 11.8348516 48.3653758, 11.8356841 48.367442, 11.8355256 48.3683372, 11.8353473 48.3693689, 11.8331941 48.3705121, 11.8212564 48.3695993, 11.81618 48.3692561, 11.8028162 48.3682287, 11.8025941 48.3682143, 11.794146 48.3675521, 11.7941036 48.3675169, 11.7900627 48.3672178, 11.7897478 48.3671947, 11.7863715 48.3669573, 11.7747185 48.3660202, 11.7660924 48.3653568, 11.7623151 48.3650581, 11.7530465 48.3643549, 11.7529331 48.3643474, 11.7523157 48.3638317, 11.7524078 48.3634218, 11.7526307 48.3623672, 11.7526382 48.3623323, 11.7526445 48.3623028, 11.7535629 48.3579881, 11.7536547 48.3575566, 11.7537026 48.3573329, 11.7523082 48.3572264, 11.752321 48.3571082, 11.7496019 48.3569301, 11.7499382 48.3549411, 11.7492234 48.354629, 11.7491839 48.3545576, 11.7490877 48.3543667, 11.7490724 48.3543472, 11.7489366 48.3540518, 11.7490031 48.3534829, 11.749214 48.3523665))",Number of parked airplanes, Time series of airport throughput at Flughafen München,BLUE,Aerospacelab SPRL,DE12,Archived
"48.35344398201118,11.781958961375517",DE,,München,Flughafen München,Airports: Throughput (archived),Count of airplanes on Sentinel-2 image,Sentinel-2,Sentinel 2 L2A,E13b2,2020-05-06T10:15:59,126.993865,Average value for 2019,2019,100,"X in [68.4022768103396, 131.5977231896604] --> Normal, X < 68.4022768103396 --> Low, X > 131.5977231896604 --> High",Normal,"POLYGON ((11.749214 48.3523665, 11.7492202 48.3522464, 11.7492057 48.352171, 11.7491823 48.3520956, 11.749148 48.3520247, 11.7491005 48.3519567, 11.7490398 48.3518946, 11.7489702 48.3518413, 11.7489046 48.3517947, 11.7488303 48.351754, 11.748747 48.3517177, 11.7486594 48.3516873, 11.7485745 48.3516648, 11.7484432 48.3516392, 11.7482932 48.3516234, 11.7465419 48.351602, 11.7434631 48.3513726, 11.7422222 48.351199, 11.7420259 48.3503036, 11.7431662 48.3504085, 11.7429103 48.3479944, 11.7414363 48.3437105, 11.7415796 48.3428342, 11.7412227 48.3427217, 11.7412377 48.3426188, 11.7394866 48.3424874, 11.7393963 48.3424797, 11.7393234 48.342468, 11.7392476 48.3424545, 11.7391806 48.342437, 11.7391194 48.3424196, 11.739064 48.3424002, 11.7389999 48.3423712, 11.736366 48.3409342, 11.7365525 48.339848, 11.7369704 48.3374217, 11.7377982 48.3369845, 11.7379513 48.3369355, 11.758499 48.3385235, 11.7725432 48.3396034, 11.7795112 48.3401391, 11.7796524 48.3400611, 11.7797384 48.3395065, 11.7793479 48.3394874, 11.779543 48.338294, 11.780343 48.3378595, 11.7815692 48.3379568, 11.7819692 48.338307, 11.7821643 48.3387307, 11.7819887 48.3397857, 11.7802162 48.339643, 11.7798525 48.3395286, 11.7797741 48.3400685, 11.7798653 48.3401676, 11.7936851 48.3412346, 11.8086685 48.3423864, 11.808818 48.3423981, 11.8175182 48.3430599, 11.8177913 48.3431033, 11.8178605 48.3431263, 11.8192932 48.344001, 11.819329 48.3441128, 11.8191006 48.3454239, 11.818777 48.3472824, 11.8166185 48.3484275, 11.811315 48.34802, 11.8110073 48.3480174, 11.8107727 48.3480711, 11.8106078 48.3481417, 11.8076861 48.3496853, 11.8071952 48.3496476, 11.8070612 48.3502717, 11.8075756 48.3506999, 11.8059437 48.3602815, 11.8062517 48.3606564, 11.8070578 48.3608096, 11.8069706 48.3611125, 11.8141886 48.3616534, 11.8245629 48.3624748, 11.8253546 48.3626799, 11.8291225 48.3636561, 11.8294281 48.3637353, 11.8335135 48.36447, 11.8343656 48.3647863, 11.8348516 48.3653758, 11.8356841 48.367442, 11.8355256 48.3683372, 11.8353473 48.3693689, 11.8331941 48.3705121, 11.8212564 48.3695993, 11.81618 48.3692561, 11.8028162 48.3682287, 11.8025941 48.3682143, 11.794146 48.3675521, 11.7941036 48.3675169, 11.7900627 48.3672178, 11.7897478 48.3671947, 11.7863715 48.3669573, 11.7747185 48.3660202, 11.7660924 48.3653568, 11.7623151 48.3650581, 11.7530465 48.3643549, 11.7529331 48.3643474, 11.7523157 48.3638317, 11.7524078 48.3634218, 11.7526307 48.3623672, 11.7526382 48.3623323, 11.7526445 48.3623028, 11.7535629 48.3579881, 11.7536547 48.3575566, 11.7537026 48.3573329, 11.7523082 48.3572264, 11.752321 48.3571082, 11.7496019 48.3569301, 11.7499382 48.3549411, 11.7492234 48.354629, 11.7491839 48.3545576, 11.7490877 48.3543667, 11.7490724 48.3543472, 11.7489366 48.3540518, 11.7490031 48.3534829, 11.749214 48.3523665))",Number of parked airplanes, Time series of airport throughput at Flughafen München,BLUE,Aerospacelab SPRL,DE12,Archived
"48.35344398201118,11.781958961375517",DE,,München,Flughafen München,Airports: Throughput (archived),Count of airplanes on Sentinel-2 image,Sentinel-2,Sentinel 2 L2A,E13b2,2020-05-18T10:10:31,143.5582822,Average value for 2019,2019,100,"X in [68.4022768103396, 131.5977231896604] --> Normal, X < 68.4022768103396 --> Low, X > 131.5977231896604 --> High",High,"POLYGON ((11.749214 48.3523665, 11.7492202 48.3522464, 11.7492057 48.352171, 11.7491823 48.3520956, 11.749148 48.3520247, 11.7491005 48.3519567, 11.7490398 48.3518946, 11.7489702 48.3518413, 11.7489046 48.3517947, 11.7488303 48.351754, 11.748747 48.3517177, 11.7486594 48.3516873, 11.7485745 48.3516648, 11.7484432 48.3516392, 11.7482932 48.3516234, 11.7465419 48.351602, 11.7434631 48.3513726, 11.7422222 48.351199, 11.7420259 48.3503036, 11.7431662 48.3504085, 11.7429103 48.3479944, 11.7414363 48.3437105, 11.7415796 48.3428342, 11.7412227 48.3427217, 11.7412377 48.3426188, 11.7394866 48.3424874, 11.7393963 48.3424797, 11.7393234 48.342468, 11.7392476 48.3424545, 11.7391806 48.342437, 11.7391194 48.3424196, 11.739064 48.3424002, 11.7389999 48.3423712, 11.736366 48.3409342, 11.7365525 48.339848, 11.7369704 48.3374217, 11.7377982 48.3369845, 11.7379513 48.3369355, 11.758499 48.3385235, 11.7725432 48.3396034, 11.7795112 48.3401391, 11.7796524 48.3400611, 11.7797384 48.3395065, 11.7793479 48.3394874, 11.779543 48.338294, 11.780343 48.3378595, 11.7815692 48.3379568, 11.7819692 48.338307, 11.7821643 48.3387307, 11.7819887 48.3397857, 11.7802162 48.339643, 11.7798525 48.3395286, 11.7797741 48.3400685, 11.7798653 48.3401676, 11.7936851 48.3412346, 11.8086685 48.3423864, 11.808818 48.3423981, 11.8175182 48.3430599, 11.8177913 48.3431033, 11.8178605 48.3431263, 11.8192932 48.344001, 11.819329 48.3441128, 11.8191006 48.3454239, 11.818777 48.3472824, 11.8166185 48.3484275, 11.811315 48.34802, 11.8110073 48.3480174, 11.8107727 48.3480711, 11.8106078 48.3481417, 11.8076861 48.3496853, 11.8071952 48.3496476, 11.8070612 48.3502717, 11.8075756 48.3506999, 11.8059437 48.3602815, 11.8062517 48.3606564, 11.8070578 48.3608096, 11.8069706 48.3611125, 11.8141886 48.3616534, 11.8245629 48.3624748, 11.8253546 48.3626799, 11.8291225 48.3636561, 11.8294281 48.3637353, 11.8335135 48.36447, 11.8343656 48.3647863, 11.8348516 48.3653758, 11.8356841 48.367442, 11.8355256 48.3683372, 11.8353473 48.3693689, 11.8331941 48.3705121, 11.8212564 48.3695993, 11.81618 48.3692561, 11.8028162 48.3682287, 11.8025941 48.3682143, 11.794146 48.3675521, 11.7941036 48.3675169, 11.7900627 48.3672178, 11.7897478 48.3671947, 11.7863715 48.3669573, 11.7747185 48.3660202, 11.7660924 48.3653568, 11.7623151 48.3650581, 11.7530465 48.3643549, 11.7529331 48.3643474, 11.7523157 48.3638317, 11.7524078 48.3634218, 11.7526307 48.3623672, 11.7526382 48.3623323, 11.7526445 48.3623028, 11.7535629 48.3579881, 11.7536547 48.3575566, 11.7537026 48.3573329, 11.7523082 48.3572264, 11.752321 48.3571082, 11.7496019 48.3569301, 11.7499382 48.3549411, 11.7492234 48.354629, 11.7491839 48.3545576, 11.7490877 48.3543667, 11.7490724 48.3543472, 11.7489366 48.3540518, 11.7490031 48.3534829, 11.749214 48.3523665))",Number of parked airplanes, Time series of airport throughput at Flughafen München,RED,Aerospacelab SPRL,DE12,Archived
"48.35344398201118,11.781958961375517",DE,,München,Flughafen München,Airports: Throughput (archived),Count of airplanes on Sentinel-2 image,Sentinel-2,Sentinel 2 L2A,E13b2,2020-06-02T10:05:59,124.7852761,Average value for 2019,2019,100,"X in [68.4022768103396, 131.5977231896604] --> Normal, X < 68.4022768103396 --> Low, X > 131.5977231896604 --> High",Normal,"POLYGON ((11.749214 48.3523665, 11.7492202 48.3522464, 11.7492057 48.352171, 11.7491823 48.3520956, 11.749148 48.3520247, 11.7491005 48.3519567, 11.7490398 48.3518946, 11.7489702 48.3518413, 11.7489046 48.3517947, 11.7488303 48.351754, 11.748747 48.3517177, 11.7486594 48.3516873, 11.7485745 48.3516648, 11.7484432 48.3516392, 11.7482932 48.3516234, 11.7465419 48.351602, 11.7434631 48.3513726, 11.7422222 48.351199, 11.7420259 48.3503036, 11.7431662 48.3504085, 11.7429103 48.3479944, 11.7414363 48.3437105, 11.7415796 48.3428342, 11.7412227 48.3427217, 11.7412377 48.3426188, 11.7394866 48.3424874, 11.7393963 48.3424797, 11.7393234 48.342468, 11.7392476 48.3424545, 11.7391806 48.342437, 11.7391194 48.3424196, 11.739064 48.3424002, 11.7389999 48.3423712, 11.736366 48.3409342, 11.7365525 48.339848, 11.7369704 48.3374217, 11.7377982 48.3369845, 11.7379513 48.3369355, 11.758499 48.3385235, 11.7725432 48.3396034, 11.7795112 48.3401391, 11.7796524 48.3400611, 11.7797384 48.3395065, 11.7793479 48.3394874, 11.779543 48.338294, 11.780343 48.3378595, 11.7815692 48.3379568, 11.7819692 48.338307, 11.7821643 48.3387307, 11.7819887 48.3397857, 11.7802162 48.339643, 11.7798525 48.3395286, 11.7797741 48.3400685, 11.7798653 48.3401676, 11.7936851 48.3412346, 11.8086685 48.3423864, 11.808818 48.3423981, 11.8175182 48.3430599, 11.8177913 48.3431033, 11.8178605 48.3431263, 11.8192932 48.344001, 11.819329 48.3441128, 11.8191006 48.3454239, 11.818777 48.3472824, 11.8166185 48.3484275, 11.811315 48.34802, 11.8110073 48.3480174, 11.8107727 48.3480711, 11.8106078 48.3481417, 11.8076861 48.3496853, 11.8071952 48.3496476, 11.8070612 48.3502717, 11.8075756 48.3506999, 11.8059437 48.3602815, 11.8062517 48.3606564, 11.8070578 48.3608096, 11.8069706 48.3611125, 11.8141886 48.3616534, 11.8245629 48.3624748, 11.8253546 48.3626799, 11.8291225 48.3636561, 11.8294281 48.3637353, 11.8335135 48.36447, 11.8343656 48.3647863, 11.8348516 48.3653758, 11.8356841 48.367442, 11.8355256 48.3683372, 11.8353473 48.3693689, 11.8331941 48.3705121, 11.8212564 48.3695993, 11.81618 48.3692561, 11.8028162 48.3682287, 11.8025941 48.3682143, 11.794146 48.3675521, 11.7941036 48.3675169, 11.7900627 48.3672178, 11.7897478 48.3671947, 11.7863715 48.3669573, 11.7747185 48.3660202, 11.7660924 48.3653568, 11.7623151 48.3650581, 11.7530465 48.3643549, 11.7529331 48.3643474, 11.7523157 48.3638317, 11.7524078 48.3634218, 11.7526307 48.3623672, 11.7526382 48.3623323, 11.7526445 48.3623028, 11.7535629 48.3579881, 11.7536547 48.3575566, 11.7537026 48.3573329, 11.7523082 48.3572264, 11.752321 48.3571082, 11.7496019 48.3569301, 11.7499382 48.3549411, 11.7492234 48.354629, 11.7491839 48.3545576, 11.7490877 48.3543667, 11.7490724 48.3543472, 11.7489366 48.3540518, 11.7490031 48.3534829, 11.749214 48.3523665))",Number of parked airplanes, Time series of airport throughput at Flughafen München,BLUE,Aerospacelab SPRL,DE12,Archived
"48.35344398201118,11.781958961375517",DE,,München,Flughafen München,Airports: Throughput (archived),Count of airplanes on Sentinel-2 image,Sentinel-2,Sentinel 2 L2A,E13b2,2020-06-12T10:05:59,113.7423313,Average value for 2019,2019,100,"X in [68.4022768103396, 131.5977231896604] --> Normal, X < 68.4022768103396 --> Low, X > 131.5977231896604 --> High",Normal,"POLYGON ((11.749214 48.3523665, 11.7492202 48.3522464, 11.7492057 48.352171, 11.7491823 48.3520956, 11.749148 48.3520247, 11.7491005 48.3519567, 11.7490398 48.3518946, 11.7489702 48.3518413, 11.7489046 48.3517947, 11.7488303 48.351754, 11.748747 48.3517177, 11.7486594 48.3516873, 11.7485745 48.3516648, 11.7484432 48.3516392, 11.7482932 48.3516234, 11.7465419 48.351602, 11.7434631 48.3513726, 11.7422222 48.351199, 11.7420259 48.3503036, 11.7431662 48.3504085, 11.7429103 48.3479944, 11.7414363 48.3437105, 11.7415796 48.3428342, 11.7412227 48.3427217, 11.7412377 48.3426188, 11.7394866 48.3424874, 11.7393963 48.3424797, 11.7393234 48.342468, 11.7392476 48.3424545, 11.7391806 48.342437, 11.7391194 48.3424196, 11.739064 48.3424002, 11.7389999 48.3423712, 11.736366 48.3409342, 11.7365525 48.339848, 11.7369704 48.3374217, 11.7377982 48.3369845, 11.7379513 48.3369355, 11.758499 48.3385235, 11.7725432 48.3396034, 11.7795112 48.3401391, 11.7796524 48.3400611, 11.7797384 48.3395065, 11.7793479 48.3394874, 11.779543 48.338294, 11.780343 48.3378595, 11.7815692 48.3379568, 11.7819692 48.338307, 11.7821643 48.3387307, 11.7819887 48.3397857, 11.7802162 48.339643, 11.7798525 48.3395286, 11.7797741 48.3400685, 11.7798653 48.3401676, 11.7936851 48.3412346, 11.8086685 48.3423864, 11.808818 48.3423981, 11.8175182 48.3430599, 11.8177913 48.3431033, 11.8178605 48.3431263, 11.8192932 48.344001, 11.819329 48.3441128, 11.8191006 48.3454239, 11.818777 48.3472824, 11.8166185 48.3484275, 11.811315 48.34802, 11.8110073 48.3480174, 11.8107727 48.3480711, 11.8106078 48.3481417, 11.8076861 48.3496853, 11.8071952 48.3496476, 11.8070612 48.3502717, 11.8075756 48.3506999, 11.8059437 48.3602815, 11.8062517 48.3606564, 11.8070578 48.3608096, 11.8069706 48.3611125, 11.8141886 48.3616534, 11.8245629 48.3624748, 11.8253546 48.3626799, 11.8291225 48.3636561, 11.8294281 48.3637353, 11.8335135 48.36447, 11.8343656 48.3647863, 11.8348516 48.3653758, 11.8356841 48.367442, 11.8355256 48.3683372, 11.8353473 48.3693689, 11.8331941 48.3705121, 11.8212564 48.3695993, 11.81618 48.3692561, 11.8028162 48.3682287, 11.8025941 48.3682143, 11.794146 48.3675521, 11.7941036 48.3675169, 11.7900627 48.3672178, 11.7897478 48.3671947, 11.7863715 48.3669573, 11.7747185 48.3660202, 11.7660924 48.3653568, 11.7623151 48.3650581, 11.7530465 48.3643549, 11.7529331 48.3643474, 11.7523157 48.3638317, 11.7524078 48.3634218, 11.7526307 48.3623672, 11.7526382 48.3623323, 11.7526445 48.3623028, 11.7535629 48.3579881, 11.7536547 48.3575566, 11.7537026 48.3573329, 11.7523082 48.3572264, 11.752321 48.3571082, 11.7496019 48.3569301, 11.7499382 48.3549411, 11.7492234 48.354629, 11.7491839 48.3545576, 11.7490877 48.3543667, 11.7490724 48.3543472, 11.7489366 48.3540518, 11.7490031 48.3534829, 11.749214 48.3523665))",Number of parked airplanes, Time series of airport throughput at Flughafen München,BLUE,Aerospacelab SPRL,DE12,Archived
"41.296657915514594,2.0857359721622024",ES,,Barcelona,Aeroport Barcelona - el Prat Josep Tarradellas,Airports: Throughput (archived),Count of airplanes on Sentinel-2 image,Sentinel-2,Sentinel 2 L2A,E13b2,2019-06-02T10:40:31,110.7064018,Average value for 2019,2019,100,"X in [92.2417682563413, 107.75823174365871] --> Normal, X < 92.2417682563413 --> Low, X > 107.75823174365871 --> High",High,"POLYGON ((2.0731687 41.2801518, 2.0733601 41.2801633, 2.0735425 41.2801934, 2.0739213 41.2803274, 2.0742458 41.28045, 2.0742648 41.2804294, 2.0754768 41.2808281, 2.0758252 41.2809479, 2.0760077 41.2810213, 2.0770616 41.2814801, 2.0774704 41.2816566, 2.0776352 41.281699, 2.078649 41.2819207, 2.0801748 41.2822574, 2.0805205 41.2823552, 2.0808474 41.2824731, 2.084486 41.283721, 2.0890595 41.2852892, 2.0891286 41.2853317, 2.0897135 41.2858352, 2.0898009 41.285875, 2.0916661 41.2865173, 2.0933342 41.2870851, 2.0977675 41.2885929, 2.0979375 41.2886382, 2.0981057 41.2886533, 2.0982842 41.2886338, 2.0984663 41.288639, 2.0997053 41.2890569, 2.1011755 41.2895586, 2.1030503 41.2902016, 2.1031715 41.290232, 2.1032599 41.2902408, 2.1033449 41.2902375, 2.1034327 41.2902249, 2.1035151 41.2902056, 2.1036174 41.290171, 2.1037197 41.2901451, 2.103807 41.2901365, 2.1039013 41.2901495, 2.1040307 41.2901899, 2.1041849 41.2902674, 2.1042923 41.2903426, 2.1044248 41.2904531, 2.1045512 41.2905884, 2.1046034 41.2906667, 2.1046652 41.2907984, 2.1047014 41.2909025, 2.1047325 41.2910279, 2.1047392 41.2911592, 2.1047215 41.2913105, 2.1046382 41.2915674, 2.1044697 41.2918801, 2.1046565 41.2919438, 2.1048487 41.2915783, 2.1049117 41.2914016, 2.1049474 41.2912345, 2.1049392 41.2910796, 2.1048991 41.2909533, 2.1052294 41.2909825, 2.1052447 41.2909839, 2.1052552 41.2910125, 2.1052641 41.2911268, 2.1053126 41.2911745, 2.1060371 41.2914084, 2.1064581 41.2915521, 2.1072915 41.2920445, 2.1073195 41.2920756, 2.1073125 41.2921183, 2.1071212 41.2924051, 2.1069967 41.2926607, 2.1068612 41.2929039, 2.1065871 41.2933922, 2.1057607 41.2945633, 2.1048875 41.2942743, 2.1048264 41.2942891, 2.104723 41.2944491, 2.1046087 41.294485, 2.1041571 41.2942384, 2.1034969 41.2940384, 2.1033855 41.2939986, 2.103876 41.2931673, 2.1037554 41.2931258, 2.1028527 41.294641, 2.102784 41.2947051, 2.1027255 41.2947738, 2.1026127 41.294956, 2.1019947 41.2959812, 2.1015262 41.2967648, 2.1006818 41.2981568, 2.1006678 41.2981982, 2.1006618 41.2982406, 2.1006842 41.2983036, 2.1007166 41.2983692, 2.1007684 41.2984177, 2.1008452 41.2984596, 2.1025407 41.2990343, 2.1026862 41.2990885, 2.103008 41.2993153, 2.1035023 41.2998456, 2.1039722 41.3003759, 2.1047998 41.3014101, 2.1058952 41.3028145, 2.1060199 41.3030955, 2.1065045 41.3036467, 2.1071996 41.3044362, 2.1078095 41.3051075, 2.1086445 41.3060389, 2.1089879 41.3064329, 2.109629 41.307171, 2.1096965 41.307315, 2.109721 41.3074325, 2.1097171 41.3075959, 2.1097136 41.3076654, 2.1096654 41.3077845, 2.1096131 41.3078555, 2.1094958 41.308012, 2.1090896 41.3085539, 2.1090028 41.3086004, 2.1089388 41.3086374, 2.1088197 41.3086806, 2.1072173 41.3091989, 2.1071081 41.3092419, 2.1070167 41.3092963, 2.1069306 41.3093864, 2.1064671 41.3101143, 2.1063146 41.3103945, 2.1062993 41.3104676, 2.1062852 41.3105697, 2.1062816 41.3107012, 2.1062693 41.3108876, 2.1062339 41.3110347, 2.1061739 41.3111765, 2.1054177 41.3123811, 2.1051687 41.3127757, 2.104694 41.3135601, 2.0999615 41.3119445, 2.1000118 41.3118613, 2.1000324 41.3118273, 2.1004361 41.31116, 2.1004283 41.3111141, 2.1000318 41.310997, 2.0995777 41.3108628, 2.0991969 41.310812, 2.098809 41.310804, 2.0983037 41.3108468, 2.0980403 41.3108762, 2.0978126 41.3109564, 2.0976239 41.3110446, 2.0974496 41.3111809, 2.0973889 41.3112557, 2.0973108 41.311352, 2.0972338 41.3114233, 2.0971435 41.311507, 2.0969335 41.3116327, 2.0962878 41.3118043, 2.0950723 41.3121272, 2.0948694 41.3121352, 2.0946488 41.3121031, 2.094389 41.3119989, 2.0941933 41.3118011, 2.0941604 41.3117332, 2.0939034 41.3112022, 2.0936558 41.3106905, 2.0934731 41.3109949, 2.0918969 41.3104569, 2.0917009 41.3103303, 2.0905981 41.3099666, 2.0904509 41.309914, 2.0907019 41.3095034, 2.0901689 41.309317, 2.0903439 41.3090039, 2.0874451 41.3080219, 2.0873562 41.3079658, 2.0872819 41.3078871, 2.0872615 41.3077864, 2.0872788 41.3076901, 2.0875927 41.3071783, 2.0830413 41.3056247, 2.0829902 41.3055938, 2.083127 41.3053537, 2.0835486 41.3046315, 2.0722489 41.3006917, 2.0712027 41.3012626, 2.0711378 41.3012358, 2.0709678 41.301355, 2.0701231 41.3010713, 2.0698826 41.3010394, 2.0696565 41.3010419, 2.069413 41.30111, 2.0692546 41.3011854, 2.0691226 41.3012814, 2.068998 41.3013925, 2.0686842 41.3012826, 2.0690839 41.30063, 2.0689839 41.3005949, 2.069047 41.3004853, 2.0690088 41.3004645, 2.0690633 41.3003857, 2.0645607 41.2988319, 2.0599685 41.2972504, 2.0599389 41.2972985, 2.0599896 41.2973227, 2.0596179 41.2979278, 2.0571297 41.297094, 2.0562247 41.2967939, 2.0562495 41.2967457, 2.0557112 41.2965705, 2.0556573 41.2964957, 2.0559457 41.2959957, 2.0560786 41.29599, 2.0561241 41.2959181, 2.056204 41.2959079, 2.0564333 41.295528, 2.055826 41.2953218, 2.0559295 41.2951645, 2.0559947 41.2951888, 2.0562492 41.2947404, 2.0562514 41.2946637, 2.0562903 41.2945599, 2.0563955 41.2944967, 2.0565105 41.2944545, 2.0570779 41.2936476, 2.0572607 41.293323, 2.0573837 41.2930054, 2.0577561 41.2929318, 2.057689 41.2927995, 2.0573934 41.2928632, 2.0573572 41.2927928, 2.0574451 41.2926672, 2.0576929 41.2925804, 2.0580302 41.2923685, 2.0586755 41.2919591, 2.0595423 41.2915481, 2.0610718 41.2907889, 2.0631774 41.2897109, 2.0635655 41.2896194, 2.0637417 41.2896538, 2.0648827 41.2893392, 2.0650482 41.2892735, 2.065225 41.2891645, 2.0653121 41.2890284, 2.0653925 41.2889095, 2.0655699 41.288767, 2.0657315 41.2886851, 2.0659726 41.2886239, 2.066286 41.2885851, 2.0664856 41.2886062, 2.0667483 41.2886766, 2.0669668 41.2887429, 2.0689953 41.2894452, 2.0691536 41.2895036, 2.0692284 41.2895009, 2.069296 41.2894715, 2.069611 41.2895803, 2.0695851 41.2896231, 2.07435 41.2912511, 2.074462 41.2910661, 2.0745021 41.2910798, 2.0750295 41.2902082, 2.0750897 41.2901025, 2.0754669 41.2898485, 2.0763104 41.2898351, 2.0766242 41.2899744, 2.0768206 41.2896367, 2.0766805 41.2895861, 2.0766068 41.2895558, 2.0765442 41.2895261, 2.0764848 41.2894932, 2.0764241 41.2894567, 2.0763775 41.2894259, 2.0763331 41.2893922, 2.0762852 41.2893513, 2.0762428 41.2893137, 2.0762016 41.2892721, 2.0761615 41.2892255, 2.0761192 41.2891691, 2.0760899 41.2891206, 2.0760699 41.2890825, 2.0760504 41.2890376, 2.0760305 41.2889821, 2.0760143 41.2889275, 2.0759993 41.288867, 2.0759907 41.2888051, 2.0759883 41.2887416, 2.0759879 41.288684, 2.0759935 41.2886308, 2.0760021 41.288601, 2.0761474 41.288361, 2.0761965 41.2882799, 2.0765053 41.2877696, 2.0765544 41.2876884, 2.0765823 41.2876422, 2.0765357 41.2876263, 2.0765927 41.2875321, 2.0766418 41.287451, 2.0766524 41.2874334, 2.0764196 41.2873539, 2.0763151 41.2873182, 2.0759326 41.2871875, 2.0758721 41.2871668, 2.0741681 41.2865846, 2.0741077 41.2865639, 2.0725517 41.2860323, 2.0724913 41.2860116, 2.071975 41.2858352, 2.0719114 41.2858, 2.0718533 41.2857374, 2.0718306 41.2856748, 2.0718432 41.2855933, 2.0719038 41.2854871, 2.0718458 41.2854644, 2.0719316 41.2853297, 2.0720603 41.2851212, 2.072088 41.2851155, 2.0721006 41.2850946, 2.072088 41.2850776, 2.0720603 41.28507, 2.0720325 41.2850795, 2.0714244 41.2848633, 2.0714799 41.284778, 2.0715531 41.2847495, 2.0717045 41.2847362, 2.0718018 41.2847295, 2.0714653 41.2840754, 2.0713745 41.2839949, 2.0712333 41.2839498, 2.0711071 41.2839031, 2.0709619 41.2838388, 2.0708852 41.2837388, 2.0708905 41.2836219, 2.0709242 41.2835009, 2.0709909 41.2832469, 2.0710445 41.282984, 2.0710663 41.2827151, 2.0710938 41.2822329, 2.0710739 41.2819718, 2.071062 41.2817792, 2.0711142 41.2816178, 2.0712106 41.2814431, 2.0714645 41.2811175, 2.0715911 41.2809654, 2.0717711 41.2807777, 2.0723496 41.2804285, 2.0727644 41.2802028, 2.0729152 41.2801603, 2.0731687 41.2801518))",Number of parked airplanes, Time series of airport throughput at Aeroport Barcelona - el Prat Josep Tarradellas,RED,Aerospacelab SPRL,ES11,Archived
"41.296657915514594,2.0857359721622024",ES,,Barcelona,Aeroport Barcelona - el Prat Josep Tarradellas,Airports: Throughput (archived),Count of airplanes on Sentinel-2 image,Sentinel-2,Sentinel 2 L2A,E13b2,2019-06-07T10:40:29,99.44812362,Average value for 2019,2019,100,"X in [92.2417682563413, 107.75823174365871] --> Normal, X < 92.2417682563413 --> Low, X > 107.75823174365871 --> High",Normal,"POLYGON ((2.0731687 41.2801518, 2.0733601 41.2801633, 2.0735425 41.2801934, 2.0739213 41.2803274, 2.0742458 41.28045, 2.0742648 41.2804294, 2.0754768 41.2808281, 2.0758252 41.2809479, 2.0760077 41.2810213, 2.0770616 41.2814801, 2.0774704 41.2816566, 2.0776352 41.281699, 2.078649 41.2819207, 2.0801748 41.2822574, 2.0805205 41.2823552, 2.0808474 41.2824731, 2.084486 41.283721, 2.0890595 41.2852892, 2.0891286 41.2853317, 2.0897135 41.2858352, 2.0898009 41.285875, 2.0916661 41.2865173, 2.0933342 41.2870851, 2.0977675 41.2885929, 2.0979375 41.2886382, 2.0981057 41.2886533, 2.0982842 41.2886338, 2.0984663 41.288639, 2.0997053 41.2890569, 2.1011755 41.2895586, 2.1030503 41.2902016, 2.1031715 41.290232, 2.1032599 41.2902408, 2.1033449 41.2902375, 2.1034327 41.2902249, 2.1035151 41.2902056, 2.1036174 41.290171, 2.1037197 41.2901451, 2.103807 41.2901365, 2.1039013 41.2901495, 2.1040307 41.2901899, 2.1041849 41.2902674, 2.1042923 41.2903426, 2.1044248 41.2904531, 2.1045512 41.2905884, 2.1046034 41.2906667, 2.1046652 41.2907984, 2.1047014 41.2909025, 2.1047325 41.2910279, 2.1047392 41.2911592, 2.1047215 41.2913105, 2.1046382 41.2915674, 2.1044697 41.2918801, 2.1046565 41.2919438, 2.1048487 41.2915783, 2.1049117 41.2914016, 2.1049474 41.2912345, 2.1049392 41.2910796, 2.1048991 41.2909533, 2.1052294 41.2909825, 2.1052447 41.2909839, 2.1052552 41.2910125, 2.1052641 41.2911268, 2.1053126 41.2911745, 2.1060371 41.2914084, 2.1064581 41.2915521, 2.1072915 41.2920445, 2.1073195 41.2920756, 2.1073125 41.2921183, 2.1071212 41.2924051, 2.1069967 41.2926607, 2.1068612 41.2929039, 2.1065871 41.2933922, 2.1057607 41.2945633, 2.1048875 41.2942743, 2.1048264 41.2942891, 2.104723 41.2944491, 2.1046087 41.294485, 2.1041571 41.2942384, 2.1034969 41.2940384, 2.1033855 41.2939986, 2.103876 41.2931673, 2.1037554 41.2931258, 2.1028527 41.294641, 2.102784 41.2947051, 2.1027255 41.2947738, 2.1026127 41.294956, 2.1019947 41.2959812, 2.1015262 41.2967648, 2.1006818 41.2981568, 2.1006678 41.2981982, 2.1006618 41.2982406, 2.1006842 41.2983036, 2.1007166 41.2983692, 2.1007684 41.2984177, 2.1008452 41.2984596, 2.1025407 41.2990343, 2.1026862 41.2990885, 2.103008 41.2993153, 2.1035023 41.2998456, 2.1039722 41.3003759, 2.1047998 41.3014101, 2.1058952 41.3028145, 2.1060199 41.3030955, 2.1065045 41.3036467, 2.1071996 41.3044362, 2.1078095 41.3051075, 2.1086445 41.3060389, 2.1089879 41.3064329, 2.109629 41.307171, 2.1096965 41.307315, 2.109721 41.3074325, 2.1097171 41.3075959, 2.1097136 41.3076654, 2.1096654 41.3077845, 2.1096131 41.3078555, 2.1094958 41.308012, 2.1090896 41.3085539, 2.1090028 41.3086004, 2.1089388 41.3086374, 2.1088197 41.3086806, 2.1072173 41.3091989, 2.1071081 41.3092419, 2.1070167 41.3092963, 2.1069306 41.3093864, 2.1064671 41.3101143, 2.1063146 41.3103945, 2.1062993 41.3104676, 2.1062852 41.3105697, 2.1062816 41.3107012, 2.1062693 41.3108876, 2.1062339 41.3110347, 2.1061739 41.3111765, 2.1054177 41.3123811, 2.1051687 41.3127757, 2.104694 41.3135601, 2.0999615 41.3119445, 2.1000118 41.3118613, 2.1000324 41.3118273, 2.1004361 41.31116, 2.1004283 41.3111141, 2.1000318 41.310997, 2.0995777 41.3108628, 2.0991969 41.310812, 2.098809 41.310804, 2.0983037 41.3108468, 2.0980403 41.3108762, 2.0978126 41.3109564, 2.0976239 41.3110446, 2.0974496 41.3111809, 2.0973889 41.3112557, 2.0973108 41.311352, 2.0972338 41.3114233, 2.0971435 41.311507, 2.0969335 41.3116327, 2.0962878 41.3118043, 2.0950723 41.3121272, 2.0948694 41.3121352, 2.0946488 41.3121031, 2.094389 41.3119989, 2.0941933 41.3118011, 2.0941604 41.3117332, 2.0939034 41.3112022, 2.0936558 41.3106905, 2.0934731 41.3109949, 2.0918969 41.3104569, 2.0917009 41.3103303, 2.0905981 41.3099666, 2.0904509 41.309914, 2.0907019 41.3095034, 2.0901689 41.309317, 2.0903439 41.3090039, 2.0874451 41.3080219, 2.0873562 41.3079658, 2.0872819 41.3078871, 2.0872615 41.3077864, 2.0872788 41.3076901, 2.0875927 41.3071783, 2.0830413 41.3056247, 2.0829902 41.3055938, 2.083127 41.3053537, 2.0835486 41.3046315, 2.0722489 41.3006917, 2.0712027 41.3012626, 2.0711378 41.3012358, 2.0709678 41.301355, 2.0701231 41.3010713, 2.0698826 41.3010394, 2.0696565 41.3010419, 2.069413 41.30111, 2.0692546 41.3011854, 2.0691226 41.3012814, 2.068998 41.3013925, 2.0686842 41.3012826, 2.0690839 41.30063, 2.0689839 41.3005949, 2.069047 41.3004853, 2.0690088 41.3004645, 2.0690633 41.3003857, 2.0645607 41.2988319, 2.0599685 41.2972504, 2.0599389 41.2972985, 2.0599896 41.2973227, 2.0596179 41.2979278, 2.0571297 41.297094, 2.0562247 41.2967939, 2.0562495 41.2967457, 2.0557112 41.2965705, 2.0556573 41.2964957, 2.0559457 41.2959957, 2.0560786 41.29599, 2.0561241 41.2959181, 2.056204 41.2959079, 2.0564333 41.295528, 2.055826 41.2953218, 2.0559295 41.2951645, 2.0559947 41.2951888, 2.0562492 41.2947404, 2.0562514 41.2946637, 2.0562903 41.2945599, 2.0563955 41.2944967, 2.0565105 41.2944545, 2.0570779 41.2936476, 2.0572607 41.293323, 2.0573837 41.2930054, 2.0577561 41.2929318, 2.057689 41.2927995, 2.0573934 41.2928632, 2.0573572 41.2927928, 2.0574451 41.2926672, 2.0576929 41.2925804, 2.0580302 41.2923685, 2.0586755 41.2919591, 2.0595423 41.2915481, 2.0610718 41.2907889, 2.0631774 41.2897109, 2.0635655 41.2896194, 2.0637417 41.2896538, 2.0648827 41.2893392, 2.0650482 41.2892735, 2.065225 41.2891645, 2.0653121 41.2890284, 2.0653925 41.2889095, 2.0655699 41.288767, 2.0657315 41.2886851, 2.0659726 41.2886239, 2.066286 41.2885851, 2.0664856 41.2886062, 2.0667483 41.2886766, 2.0669668 41.2887429, 2.0689953 41.2894452, 2.0691536 41.2895036, 2.0692284 41.2895009, 2.069296 41.2894715, 2.069611 41.2895803, 2.0695851 41.2896231, 2.07435 41.2912511, 2.074462 41.2910661, 2.0745021 41.2910798, 2.0750295 41.2902082, 2.0750897 41.2901025, 2.0754669 41.2898485, 2.0763104 41.2898351, 2.0766242 41.2899744, 2.0768206 41.2896367, 2.0766805 41.2895861, 2.0766068 41.2895558, 2.0765442 41.2895261, 2.0764848 41.2894932, 2.0764241 41.2894567, 2.0763775 41.2894259, 2.0763331 41.2893922, 2.0762852 41.2893513, 2.0762428 41.2893137, 2.0762016 41.2892721, 2.0761615 41.2892255, 2.0761192 41.2891691, 2.0760899 41.2891206, 2.0760699 41.2890825, 2.0760504 41.2890376, 2.0760305 41.2889821, 2.0760143 41.2889275, 2.0759993 41.288867, 2.0759907 41.2888051, 2.0759883 41.2887416, 2.0759879 41.288684, 2.0759935 41.2886308, 2.0760021 41.288601, 2.0761474 41.288361, 2.0761965 41.2882799, 2.0765053 41.2877696, 2.0765544 41.2876884, 2.0765823 41.2876422, 2.0765357 41.2876263, 2.0765927 41.2875321, 2.0766418 41.287451, 2.0766524 41.2874334, 2.0764196 41.2873539, 2.0763151 41.2873182, 2.0759326 41.2871875, 2.0758721 41.2871668, 2.0741681 41.2865846, 2.0741077 41.2865639, 2.0725517 41.2860323, 2.0724913 41.2860116, 2.071975 41.2858352, 2.0719114 41.2858, 2.0718533 41.2857374, 2.0718306 41.2856748, 2.0718432 41.2855933, 2.0719038 41.2854871, 2.0718458 41.2854644, 2.0719316 41.2853297, 2.0720603 41.2851212, 2.072088 41.2851155, 2.0721006 41.2850946, 2.072088 41.2850776, 2.0720603 41.28507, 2.0720325 41.2850795, 2.0714244 41.2848633, 2.0714799 41.284778, 2.0715531 41.2847495, 2.0717045 41.2847362, 2.0718018 41.2847295, 2.0714653 41.2840754, 2.0713745 41.2839949, 2.0712333 41.2839498, 2.0711071 41.2839031, 2.0709619 41.2838388, 2.0708852 41.2837388, 2.0708905 41.2836219, 2.0709242 41.2835009, 2.0709909 41.2832469, 2.0710445 41.282984, 2.0710663 41.2827151, 2.0710938 41.2822329, 2.0710739 41.2819718, 2.071062 41.2817792, 2.0711142 41.2816178, 2.0712106 41.2814431, 2.0714645 41.2811175, 2.0715911 41.2809654, 2.0717711 41.2807777, 2.0723496 41.2804285, 2.0727644 41.2802028, 2.0729152 41.2801603, 2.0731687 41.2801518))",Number of parked airplanes, Time series of airport throughput at Aeroport Barcelona - el Prat Josep Tarradellas,BLUE,Aerospacelab SPRL,ES11,Archived
"41.296657915514594,2.0857359721622024",ES,,Barcelona,Aeroport Barcelona - el Prat Josep Tarradellas,Airports: Throughput (archived),Count of airplanes on Sentinel-2 image,Sentinel-2,Sentinel 2 L2A,E13b2,2019-06-17T10:40:29,106.9536424,Average value for 2019,2019,100,"X in [92.2417682563413, 107.75823174365871] --> Normal, X < 92.2417682563413 --> Low, X > 107.75823174365871 --> High",Normal,"POLYGON ((2.0731687 41.2801518, 2.0733601 41.2801633, 2.0735425 41.2801934, 2.0739213 41.2803274, 2.0742458 41.28045, 2.0742648 41.2804294, 2.0754768 41.2808281, 2.0758252 41.2809479, 2.0760077 41.2810213, 2.0770616 41.2814801, 2.0774704 41.2816566, 2.0776352 41.281699, 2.078649 41.2819207, 2.0801748 41.2822574, 2.0805205 41.2823552, 2.0808474 41.2824731, 2.084486 41.283721, 2.0890595 41.2852892, 2.0891286 41.2853317, 2.0897135 41.2858352, 2.0898009 41.285875, 2.0916661 41.2865173, 2.0933342 41.2870851, 2.0977675 41.2885929, 2.0979375 41.2886382, 2.0981057 41.2886533, 2.0982842 41.2886338, 2.0984663 41.288639, 2.0997053 41.2890569, 2.1011755 41.2895586, 2.1030503 41.2902016, 2.1031715 41.290232, 2.1032599 41.2902408, 2.1033449 41.2902375, 2.1034327 41.2902249, 2.1035151 41.2902056, 2.1036174 41.290171, 2.1037197 41.2901451, 2.103807 41.2901365, 2.1039013 41.2901495, 2.1040307 41.2901899, 2.1041849 41.2902674, 2.1042923 41.2903426, 2.1044248 41.2904531, 2.1045512 41.2905884, 2.1046034 41.2906667, 2.1046652 41.2907984, 2.1047014 41.2909025, 2.1047325 41.2910279, 2.1047392 41.2911592, 2.1047215 41.2913105, 2.1046382 41.2915674, 2.1044697 41.2918801, 2.1046565 41.2919438, 2.1048487 41.2915783, 2.1049117 41.2914016, 2.1049474 41.2912345, 2.1049392 41.2910796, 2.1048991 41.2909533, 2.1052294 41.2909825, 2.1052447 41.2909839, 2.1052552 41.2910125, 2.1052641 41.2911268, 2.1053126 41.2911745, 2.1060371 41.2914084, 2.1064581 41.2915521, 2.1072915 41.2920445, 2.1073195 41.2920756, 2.1073125 41.2921183, 2.1071212 41.2924051, 2.1069967 41.2926607, 2.1068612 41.2929039, 2.1065871 41.2933922, 2.1057607 41.2945633, 2.1048875 41.2942743, 2.1048264 41.2942891, 2.104723 41.2944491, 2.1046087 41.294485, 2.1041571 41.2942384, 2.1034969 41.2940384, 2.1033855 41.2939986, 2.103876 41.2931673, 2.1037554 41.2931258, 2.1028527 41.294641, 2.102784 41.2947051, 2.1027255 41.2947738, 2.1026127 41.294956, 2.1019947 41.2959812, 2.1015262 41.2967648, 2.1006818 41.2981568, 2.1006678 41.2981982, 2.1006618 41.2982406, 2.1006842 41.2983036, 2.1007166 41.2983692, 2.1007684 41.2984177, 2.1008452 41.2984596, 2.1025407 41.2990343, 2.1026862 41.2990885, 2.103008 41.2993153, 2.1035023 41.2998456, 2.1039722 41.3003759, 2.1047998 41.3014101, 2.1058952 41.3028145, 2.1060199 41.3030955, 2.1065045 41.3036467, 2.1071996 41.3044362, 2.1078095 41.3051075, 2.1086445 41.3060389, 2.1089879 41.3064329, 2.109629 41.307171, 2.1096965 41.307315, 2.109721 41.3074325, 2.1097171 41.3075959, 2.1097136 41.3076654, 2.1096654 41.3077845, 2.1096131 41.3078555, 2.1094958 41.308012, 2.1090896 41.3085539, 2.1090028 41.3086004, 2.1089388 41.3086374, 2.1088197 41.3086806, 2.1072173 41.3091989, 2.1071081 41.3092419, 2.1070167 41.3092963, 2.1069306 41.3093864, 2.1064671 41.3101143, 2.1063146 41.3103945, 2.1062993 41.3104676, 2.1062852 41.3105697, 2.1062816 41.3107012, 2.1062693 41.3108876, 2.1062339 41.3110347, 2.1061739 41.3111765, 2.1054177 41.3123811, 2.1051687 41.3127757, 2.104694 41.3135601, 2.0999615 41.3119445, 2.1000118 41.3118613, 2.1000324 41.3118273, 2.1004361 41.31116, 2.1004283 41.3111141, 2.1000318 41.310997, 2.0995777 41.3108628, 2.0991969 41.310812, 2.098809 41.310804, 2.0983037 41.3108468, 2.0980403 41.3108762, 2.0978126 41.3109564, 2.0976239 41.3110446, 2.0974496 41.3111809, 2.0973889 41.3112557, 2.0973108 41.311352, 2.0972338 41.3114233, 2.0971435 41.311507, 2.0969335 41.3116327, 2.0962878 41.3118043, 2.0950723 41.3121272, 2.0948694 41.3121352, 2.0946488 41.3121031, 2.094389 41.3119989, 2.0941933 41.3118011, 2.0941604 41.3117332, 2.0939034 41.3112022, 2.0936558 41.3106905, 2.0934731 41.3109949, 2.0918969 41.3104569, 2.0917009 41.3103303, 2.0905981 41.3099666, 2.0904509 41.309914, 2.0907019 41.3095034, 2.0901689 41.309317, 2.0903439 41.3090039, 2.0874451 41.3080219, 2.0873562 41.3079658, 2.0872819 41.3078871, 2.0872615 41.3077864, 2.0872788 41.3076901, 2.0875927 41.3071783, 2.0830413 41.3056247, 2.0829902 41.3055938, 2.083127 41.3053537, 2.0835486 41.3046315, 2.0722489 41.3006917, 2.0712027 41.3012626, 2.0711378 41.3012358, 2.0709678 41.301355, 2.0701231 41.3010713, 2.0698826 41.3010394, 2.0696565 41.3010419, 2.069413 41.30111, 2.0692546 41.3011854, 2.0691226 41.3012814, 2.068998 41.3013925, 2.0686842 41.3012826, 2.0690839 41.30063, 2.0689839 41.3005949, 2.069047 41.3004853, 2.0690088 41.3004645, 2.0690633 41.3003857, 2.0645607 41.2988319, 2.0599685 41.2972504, 2.0599389 41.2972985, 2.0599896 41.2973227, 2.0596179 41.2979278, 2.0571297 41.297094, 2.0562247 41.2967939, 2.0562495 41.2967457, 2.0557112 41.2965705, 2.0556573 41.2964957, 2.0559457 41.2959957, 2.0560786 41.29599, 2.0561241 41.2959181, 2.056204 41.2959079, 2.0564333 41.295528, 2.055826 41.2953218, 2.0559295 41.2951645, 2.0559947 41.2951888, 2.0562492 41.2947404, 2.0562514 41.2946637, 2.0562903 41.2945599, 2.0563955 41.2944967, 2.0565105 41.2944545, 2.0570779 41.2936476, 2.0572607 41.293323, 2.0573837 41.2930054, 2.0577561 41.2929318, 2.057689 41.2927995, 2.0573934 41.2928632, 2.0573572 41.2927928, 2.0574451 41.2926672, 2.0576929 41.2925804, 2.0580302 41.2923685, 2.0586755 41.2919591, 2.0595423 41.2915481, 2.0610718 41.2907889, 2.0631774 41.2897109, 2.0635655 41.2896194, 2.0637417 41.2896538, 2.0648827 41.2893392, 2.0650482 41.2892735, 2.065225 41.2891645, 2.0653121 41.2890284, 2.0653925 41.2889095, 2.0655699 41.288767, 2.0657315 41.2886851, 2.0659726 41.2886239, 2.066286 41.2885851, 2.0664856 41.2886062, 2.0667483 41.2886766, 2.0669668 41.2887429, 2.0689953 41.2894452, 2.0691536 41.2895036, 2.0692284 41.2895009, 2.069296 41.2894715, 2.069611 41.2895803, 2.0695851 41.2896231, 2.07435 41.2912511, 2.074462 41.2910661, 2.0745021 41.2910798, 2.0750295 41.2902082, 2.0750897 41.2901025, 2.0754669 41.2898485, 2.0763104 41.2898351, 2.0766242 41.2899744, 2.0768206 41.2896367, 2.0766805 41.2895861, 2.0766068 41.2895558, 2.0765442 41.2895261, 2.0764848 41.2894932, 2.0764241 41.2894567, 2.0763775 41.2894259, 2.0763331 41.2893922, 2.0762852 41.2893513, 2.0762428 41.2893137, 2.0762016 41.2892721, 2.0761615 41.2892255, 2.0761192 41.2891691, 2.0760899 41.2891206, 2.0760699 41.2890825, 2.0760504 41.2890376, 2.0760305 41.2889821, 2.0760143 41.2889275, 2.0759993 41.288867, 2.0759907 41.2888051, 2.0759883 41.2887416, 2.0759879 41.288684, 2.0759935 41.2886308, 2.0760021 41.288601, 2.0761474 41.288361, 2.0761965 41.2882799, 2.0765053 41.2877696, 2.0765544 41.2876884, 2.0765823 41.2876422, 2.0765357 41.2876263, 2.0765927 41.2875321, 2.0766418 41.287451, 2.0766524 41.2874334, 2.0764196 41.2873539, 2.0763151 41.2873182, 2.0759326 41.2871875, 2.0758721 41.2871668, 2.0741681 41.2865846, 2.0741077 41.2865639, 2.0725517 41.2860323, 2.0724913 41.2860116, 2.071975 41.2858352, 2.0719114 41.2858, 2.0718533 41.2857374, 2.0718306 41.2856748, 2.0718432 41.2855933, 2.0719038 41.2854871, 2.0718458 41.2854644, 2.0719316 41.2853297, 2.0720603 41.2851212, 2.072088 41.2851155, 2.0721006 41.2850946, 2.072088 41.2850776, 2.0720603 41.28507, 2.0720325 41.2850795, 2.0714244 41.2848633, 2.0714799 41.284778, 2.0715531 41.2847495, 2.0717045 41.2847362, 2.0718018 41.2847295, 2.0714653 41.2840754, 2.0713745 41.2839949, 2.0712333 41.2839498, 2.0711071 41.2839031, 2.0709619 41.2838388, 2.0708852 41.2837388, 2.0708905 41.2836219, 2.0709242 41.2835009, 2.0709909 41.2832469, 2.0710445 41.282984, 2.0710663 41.2827151, 2.0710938 41.2822329, 2.0710739 41.2819718, 2.071062 41.2817792, 2.0711142 41.2816178, 2.0712106 41.2814431, 2.0714645 41.2811175, 2.0715911 41.2809654, 2.0717711 41.2807777, 2.0723496 41.2804285, 2.0727644 41.2802028, 2.0729152 41.2801603, 2.0731687 41.2801518))",Number of parked airplanes, Time series of airport throughput at Aeroport Barcelona - el Prat Josep Tarradellas,BLUE,Aerospacelab SPRL,ES11,Archived
"41.296657915514594,2.0857359721622024",ES,,Barcelona,Aeroport Barcelona - el Prat Josep Tarradellas,Airports: Throughput (archived),Count of airplanes on Sentinel-2 image,Sentinel-2,Sentinel 2 L2A,E13b2,2019-06-27T10:40:29,103.200883,Average value for 2019,2019,100,"X in [92.2417682563413, 107.75823174365871] --> Normal, X < 92.2417682563413 --> Low, X > 107.75823174365871 --> High",Normal,"POLYGON ((2.0731687 41.2801518, 2.0733601 41.2801633, 2.0735425 41.2801934, 2.0739213 41.2803274, 2.0742458 41.28045, 2.0742648 41.2804294, 2.0754768 41.2808281, 2.0758252 41.2809479, 2.0760077 41.2810213, 2.0770616 41.2814801, 2.0774704 41.2816566, 2.0776352 41.281699, 2.078649 41.2819207, 2.0801748 41.2822574, 2.0805205 41.2823552, 2.0808474 41.2824731, 2.084486 41.283721, 2.0890595 41.2852892, 2.0891286 41.2853317, 2.0897135 41.2858352, 2.0898009 41.285875, 2.0916661 41.2865173, 2.0933342 41.2870851, 2.0977675 41.2885929, 2.0979375 41.2886382, 2.0981057 41.2886533, 2.0982842 41.2886338, 2.0984663 41.288639, 2.0997053 41.2890569, 2.1011755 41.2895586, 2.1030503 41.2902016, 2.1031715 41.290232, 2.1032599 41.2902408, 2.1033449 41.2902375, 2.1034327 41.2902249, 2.1035151 41.2902056, 2.1036174 41.290171, 2.1037197 41.2901451, 2.103807 41.2901365, 2.1039013 41.2901495, 2.1040307 41.2901899, 2.1041849 41.2902674, 2.1042923 41.2903426, 2.1044248 41.2904531, 2.1045512 41.2905884, 2.1046034 41.2906667, 2.1046652 41.2907984, 2.1047014 41.2909025, 2.1047325 41.2910279, 2.1047392 41.2911592, 2.1047215 41.2913105, 2.1046382 41.2915674, 2.1044697 41.2918801, 2.1046565 41.2919438, 2.1048487 41.2915783, 2.1049117 41.2914016, 2.1049474 41.2912345, 2.1049392 41.2910796, 2.1048991 41.2909533, 2.1052294 41.2909825, 2.1052447 41.2909839, 2.1052552 41.2910125, 2.1052641 41.2911268, 2.1053126 41.2911745, 2.1060371 41.2914084, 2.1064581 41.2915521, 2.1072915 41.2920445, 2.1073195 41.2920756, 2.1073125 41.2921183, 2.1071212 41.2924051, 2.1069967 41.2926607, 2.1068612 41.2929039, 2.1065871 41.2933922, 2.1057607 41.2945633, 2.1048875 41.2942743, 2.1048264 41.2942891, 2.104723 41.2944491, 2.1046087 41.294485, 2.1041571 41.2942384, 2.1034969 41.2940384, 2.1033855 41.2939986, 2.103876 41.2931673, 2.1037554 41.2931258, 2.1028527 41.294641, 2.102784 41.2947051, 2.1027255 41.2947738, 2.1026127 41.294956, 2.1019947 41.2959812, 2.1015262 41.2967648, 2.1006818 41.2981568, 2.1006678 41.2981982, 2.1006618 41.2982406, 2.1006842 41.2983036, 2.1007166 41.2983692, 2.1007684 41.2984177, 2.1008452 41.2984596, 2.1025407 41.2990343, 2.1026862 41.2990885, 2.103008 41.2993153, 2.1035023 41.2998456, 2.1039722 41.3003759, 2.1047998 41.3014101, 2.1058952 41.3028145, 2.1060199 41.3030955, 2.1065045 41.3036467, 2.1071996 41.3044362, 2.1078095 41.3051075, 2.1086445 41.3060389, 2.1089879 41.3064329, 2.109629 41.307171, 2.1096965 41.307315, 2.109721 41.3074325, 2.1097171 41.3075959, 2.1097136 41.3076654, 2.1096654 41.3077845, 2.1096131 41.3078555, 2.1094958 41.308012, 2.1090896 41.3085539, 2.1090028 41.3086004, 2.1089388 41.3086374, 2.1088197 41.3086806, 2.1072173 41.3091989, 2.1071081 41.3092419, 2.1070167 41.3092963, 2.1069306 41.3093864, 2.1064671 41.3101143, 2.1063146 41.3103945, 2.1062993 41.3104676, 2.1062852 41.3105697, 2.1062816 41.3107012, 2.1062693 41.3108876, 2.1062339 41.3110347, 2.1061739 41.3111765, 2.1054177 41.3123811, 2.1051687 41.3127757, 2.104694 41.3135601, 2.0999615 41.3119445, 2.1000118 41.3118613, 2.1000324 41.3118273, 2.1004361 41.31116, 2.1004283 41.3111141, 2.1000318 41.310997, 2.0995777 41.3108628, 2.0991969 41.310812, 2.098809 41.310804, 2.0983037 41.3108468, 2.0980403 41.3108762, 2.0978126 41.3109564, 2.0976239 41.3110446, 2.0974496 41.3111809, 2.0973889 41.3112557, 2.0973108 41.311352, 2.0972338 41.3114233, 2.0971435 41.311507, 2.0969335 41.3116327, 2.0962878 41.3118043, 2.0950723 41.3121272, 2.0948694 41.3121352, 2.0946488 41.3121031, 2.094389 41.3119989, 2.0941933 41.3118011, 2.0941604 41.3117332, 2.0939034 41.3112022, 2.0936558 41.3106905, 2.0934731 41.3109949, 2.0918969 41.3104569, 2.0917009 41.3103303, 2.0905981 41.3099666, 2.0904509 41.309914, 2.0907019 41.3095034, 2.0901689 41.309317, 2.0903439 41.3090039, 2.0874451 41.3080219, 2.0873562 41.3079658, 2.0872819 41.3078871, 2.0872615 41.3077864, 2.0872788 41.3076901, 2.0875927 41.3071783, 2.0830413 41.3056247, 2.0829902 41.3055938, 2.083127 41.3053537, 2.0835486 41.3046315, 2.0722489 41.3006917, 2.0712027 41.3012626, 2.0711378 41.3012358, 2.0709678 41.301355, 2.0701231 41.3010713, 2.0698826 41.3010394, 2.0696565 41.3010419, 2.069413 41.30111, 2.0692546 41.3011854, 2.0691226 41.3012814, 2.068998 41.3013925, 2.0686842 41.3012826, 2.0690839 41.30063, 2.0689839 41.3005949, 2.069047 41.3004853, 2.0690088 41.3004645, 2.0690633 41.3003857, 2.0645607 41.2988319, 2.0599685 41.2972504, 2.0599389 41.2972985, 2.0599896 41.2973227, 2.0596179 41.2979278, 2.0571297 41.297094, 2.0562247 41.2967939, 2.0562495 41.2967457, 2.0557112 41.2965705, 2.0556573 41.2964957, 2.0559457 41.2959957, 2.0560786 41.29599, 2.0561241 41.2959181, 2.056204 41.2959079, 2.0564333 41.295528, 2.055826 41.2953218, 2.0559295 41.2951645, 2.0559947 41.2951888, 2.0562492 41.2947404, 2.0562514 41.2946637, 2.0562903 41.2945599, 2.0563955 41.2944967, 2.0565105 41.2944545, 2.0570779 41.2936476, 2.0572607 41.293323, 2.0573837 41.2930054, 2.0577561 41.2929318, 2.057689 41.2927995, 2.0573934 41.2928632, 2.0573572 41.2927928, 2.0574451 41.2926672, 2.0576929 41.2925804, 2.0580302 41.2923685, 2.0586755 41.2919591, 2.0595423 41.2915481, 2.0610718 41.2907889, 2.0631774 41.2897109, 2.0635655 41.2896194, 2.0637417 41.2896538, 2.0648827 41.2893392, 2.0650482 41.2892735, 2.065225 41.2891645, 2.0653121 41.2890284, 2.0653925 41.2889095, 2.0655699 41.288767, 2.0657315 41.2886851, 2.0659726 41.2886239, 2.066286 41.2885851, 2.0664856 41.2886062, 2.0667483 41.2886766, 2.0669668 41.2887429, 2.0689953 41.2894452, 2.0691536 41.2895036, 2.0692284 41.2895009, 2.069296 41.2894715, 2.069611 41.2895803, 2.0695851 41.2896231, 2.07435 41.2912511, 2.074462 41.2910661, 2.0745021 41.2910798, 2.0750295 41.2902082, 2.0750897 41.2901025, 2.0754669 41.2898485, 2.0763104 41.2898351, 2.0766242 41.2899744, 2.0768206 41.2896367, 2.0766805 41.2895861, 2.0766068 41.2895558, 2.0765442 41.2895261, 2.0764848 41.2894932, 2.0764241 41.2894567, 2.0763775 41.2894259, 2.0763331 41.2893922, 2.0762852 41.2893513, 2.0762428 41.2893137, 2.0762016 41.2892721, 2.0761615 41.2892255, 2.0761192 41.2891691, 2.0760899 41.2891206, 2.0760699 41.2890825, 2.0760504 41.2890376, 2.0760305 41.2889821, 2.0760143 41.2889275, 2.0759993 41.288867, 2.0759907 41.2888051, 2.0759883 41.2887416, 2.0759879 41.288684, 2.0759935 41.2886308, 2.0760021 41.288601, 2.0761474 41.288361, 2.0761965 41.2882799, 2.0765053 41.2877696, 2.0765544 41.2876884, 2.0765823 41.2876422, 2.0765357 41.2876263, 2.0765927 41.2875321, 2.0766418 41.287451, 2.0766524 41.2874334, 2.0764196 41.2873539, 2.0763151 41.2873182, 2.0759326 41.2871875, 2.0758721 41.2871668, 2.0741681 41.2865846, 2.0741077 41.2865639, 2.0725517 41.2860323, 2.0724913 41.2860116, 2.071975 41.2858352, 2.0719114 41.2858, 2.0718533 41.2857374, 2.0718306 41.2856748, 2.0718432 41.2855933, 2.0719038 41.2854871, 2.0718458 41.2854644, 2.0719316 41.2853297, 2.0720603 41.2851212, 2.072088 41.2851155, 2.0721006 41.2850946, 2.072088 41.2850776, 2.0720603 41.28507, 2.0720325 41.2850795, 2.0714244 41.2848633, 2.0714799 41.284778, 2.0715531 41.2847495, 2.0717045 41.2847362, 2.0718018 41.2847295, 2.0714653 41.2840754, 2.0713745 41.2839949, 2.0712333 41.2839498, 2.0711071 41.2839031, 2.0709619 41.2838388, 2.0708852 41.2837388, 2.0708905 41.2836219, 2.0709242 41.2835009, 2.0709909 41.2832469, 2.0710445 41.282984, 2.0710663 41.2827151, 2.0710938 41.2822329, 2.0710739 41.2819718, 2.071062 41.2817792, 2.0711142 41.2816178, 2.0712106 41.2814431, 2.0714645 41.2811175, 2.0715911 41.2809654, 2.0717711 41.2807777, 2.0723496 41.2804285, 2.0727644 41.2802028, 2.0729152 41.2801603, 2.0731687 41.2801518))",Number of parked airplanes, Time series of airport throughput at Aeroport Barcelona - el Prat Josep Tarradellas,BLUE,Aerospacelab SPRL,ES11,Archived
"41.296657915514594,2.0857359721622024",ES,,Barcelona,Aeroport Barcelona - el Prat Josep Tarradellas,Airports: Throughput (archived),Count of airplanes on Sentinel-2 image,Sentinel-2,Sentinel 2 L2A,E13b2,2019-07-02T10:40:31,93.81898455,Average value for 2019,2019,100,"X in [92.2417682563413, 107.75823174365871] --> Normal, X < 92.2417682563413 --> Low, X > 107.75823174365871 --> High",Normal,"POLYGON ((2.0731687 41.2801518, 2.0733601 41.2801633, 2.0735425 41.2801934, 2.0739213 41.2803274, 2.0742458 41.28045, 2.0742648 41.2804294, 2.0754768 41.2808281, 2.0758252 41.2809479, 2.0760077 41.2810213, 2.0770616 41.2814801, 2.0774704 41.2816566, 2.0776352 41.281699, 2.078649 41.2819207, 2.0801748 41.2822574, 2.0805205 41.2823552, 2.0808474 41.2824731, 2.084486 41.283721, 2.0890595 41.2852892, 2.0891286 41.2853317, 2.0897135 41.2858352, 2.0898009 41.285875, 2.0916661 41.2865173, 2.0933342 41.2870851, 2.0977675 41.2885929, 2.0979375 41.2886382, 2.0981057 41.2886533, 2.0982842 41.2886338, 2.0984663 41.288639, 2.0997053 41.2890569, 2.1011755 41.2895586, 2.1030503 41.2902016, 2.1031715 41.290232, 2.1032599 41.2902408, 2.1033449 41.2902375, 2.1034327 41.2902249, 2.1035151 41.2902056, 2.1036174 41.290171, 2.1037197 41.2901451, 2.103807 41.2901365, 2.1039013 41.2901495, 2.1040307 41.2901899, 2.1041849 41.2902674, 2.1042923 41.2903426, 2.1044248 41.2904531, 2.1045512 41.2905884, 2.1046034 41.2906667, 2.1046652 41.2907984, 2.1047014 41.2909025, 2.1047325 41.2910279, 2.1047392 41.2911592, 2.1047215 41.2913105, 2.1046382 41.2915674, 2.1044697 41.2918801, 2.1046565 41.2919438, 2.1048487 41.2915783, 2.1049117 41.2914016, 2.1049474 41.2912345, 2.1049392 41.2910796, 2.1048991 41.2909533, 2.1052294 41.2909825, 2.1052447 41.2909839, 2.1052552 41.2910125, 2.1052641 41.2911268, 2.1053126 41.2911745, 2.1060371 41.2914084, 2.1064581 41.2915521, 2.1072915 41.2920445, 2.1073195 41.2920756, 2.1073125 41.2921183, 2.1071212 41.2924051, 2.1069967 41.2926607, 2.1068612 41.2929039, 2.1065871 41.2933922, 2.1057607 41.2945633, 2.1048875 41.2942743, 2.1048264 41.2942891, 2.104723 41.2944491, 2.1046087 41.294485, 2.1041571 41.2942384, 2.1034969 41.2940384, 2.1033855 41.2939986, 2.103876 41.2931673, 2.1037554 41.2931258, 2.1028527 41.294641, 2.102784 41.2947051, 2.1027255 41.2947738, 2.1026127 41.294956, 2.1019947 41.2959812, 2.1015262 41.2967648, 2.1006818 41.2981568, 2.1006678 41.2981982, 2.1006618 41.2982406, 2.1006842 41.2983036, 2.1007166 41.2983692, 2.1007684 41.2984177, 2.1008452 41.2984596, 2.1025407 41.2990343, 2.1026862 41.2990885, 2.103008 41.2993153, 2.1035023 41.2998456, 2.1039722 41.3003759, 2.1047998 41.3014101, 2.1058952 41.3028145, 2.1060199 41.3030955, 2.1065045 41.3036467, 2.1071996 41.3044362, 2.1078095 41.3051075, 2.1086445 41.3060389, 2.1089879 41.3064329, 2.109629 41.307171, 2.1096965 41.307315, 2.109721 41.3074325, 2.1097171 41.3075959, 2.1097136 41.3076654, 2.1096654 41.3077845, 2.1096131 41.3078555, 2.1094958 41.308012, 2.1090896 41.3085539, 2.1090028 41.3086004, 2.1089388 41.3086374, 2.1088197 41.3086806, 2.1072173 41.3091989, 2.1071081 41.3092419, 2.1070167 41.3092963, 2.1069306 41.3093864, 2.1064671 41.3101143, 2.1063146 41.3103945, 2.1062993 41.3104676, 2.1062852 41.3105697, 2.1062816 41.3107012, 2.1062693 41.3108876, 2.1062339 41.3110347, 2.1061739 41.3111765, 2.1054177 41.3123811, 2.1051687 41.3127757, 2.104694 41.3135601, 2.0999615 41.3119445, 2.1000118 41.3118613, 2.1000324 41.3118273, 2.1004361 41.31116, 2.1004283 41.3111141, 2.1000318 41.310997, 2.0995777 41.3108628, 2.0991969 41.310812, 2.098809 41.310804, 2.0983037 41.3108468, 2.0980403 41.3108762, 2.0978126 41.3109564, 2.0976239 41.3110446, 2.0974496 41.3111809, 2.0973889 41.3112557, 2.0973108 41.311352, 2.0972338 41.3114233, 2.0971435 41.311507, 2.0969335 41.3116327, 2.0962878 41.3118043, 2.0950723 41.3121272, 2.0948694 41.3121352, 2.0946488 41.3121031, 2.094389 41.3119989, 2.0941933 41.3118011, 2.0941604 41.3117332, 2.0939034 41.3112022, 2.0936558 41.3106905, 2.0934731 41.3109949, 2.0918969 41.3104569, 2.0917009 41.3103303, 2.0905981 41.3099666, 2.0904509 41.309914, 2.0907019 41.3095034, 2.0901689 41.309317, 2.0903439 41.3090039, 2.0874451 41.3080219, 2.0873562 41.3079658, 2.0872819 41.3078871, 2.0872615 41.3077864, 2.0872788 41.3076901, 2.0875927 41.3071783, 2.0830413 41.3056247, 2.0829902 41.3055938, 2.083127 41.3053537, 2.0835486 41.3046315, 2.0722489 41.3006917, 2.0712027 41.3012626, 2.0711378 41.3012358, 2.0709678 41.301355, 2.0701231 41.3010713, 2.0698826 41.3010394, 2.0696565 41.3010419, 2.069413 41.30111, 2.0692546 41.3011854, 2.0691226 41.3012814, 2.068998 41.3013925, 2.0686842 41.3012826, 2.0690839 41.30063, 2.0689839 41.3005949, 2.069047 41.3004853, 2.0690088 41.3004645, 2.0690633 41.3003857, 2.0645607 41.2988319, 2.0599685 41.2972504, 2.0599389 41.2972985, 2.0599896 41.2973227, 2.0596179 41.2979278, 2.0571297 41.297094, 2.0562247 41.2967939, 2.0562495 41.2967457, 2.0557112 41.2965705, 2.0556573 41.2964957, 2.0559457 41.2959957, 2.0560786 41.29599, 2.0561241 41.2959181, 2.056204 41.2959079, 2.0564333 41.295528, 2.055826 41.2953218, 2.0559295 41.2951645, 2.0559947 41.2951888, 2.0562492 41.2947404, 2.0562514 41.2946637, 2.0562903 41.2945599, 2.0563955 41.2944967, 2.0565105 41.2944545, 2.0570779 41.2936476, 2.0572607 41.293323, 2.0573837 41.2930054, 2.0577561 41.2929318, 2.057689 41.2927995, 2.0573934 41.2928632, 2.0573572 41.2927928, 2.0574451 41.2926672, 2.0576929 41.2925804, 2.0580302 41.2923685, 2.0586755 41.2919591, 2.0595423 41.2915481, 2.0610718 41.2907889, 2.0631774 41.2897109, 2.0635655 41.2896194, 2.0637417 41.2896538, 2.0648827 41.2893392, 2.0650482 41.2892735, 2.065225 41.2891645, 2.0653121 41.2890284, 2.0653925 41.2889095, 2.0655699 41.288767, 2.0657315 41.2886851, 2.0659726 41.2886239, 2.066286 41.2885851, 2.0664856 41.2886062, 2.0667483 41.2886766, 2.0669668 41.2887429, 2.0689953 41.2894452, 2.0691536 41.2895036, 2.0692284 41.2895009, 2.069296 41.2894715, 2.069611 41.2895803, 2.0695851 41.2896231, 2.07435 41.2912511, 2.074462 41.2910661, 2.0745021 41.2910798, 2.0750295 41.2902082, 2.0750897 41.2901025, 2.0754669 41.2898485, 2.0763104 41.2898351, 2.0766242 41.2899744, 2.0768206 41.2896367, 2.0766805 41.2895861, 2.0766068 41.2895558, 2.0765442 41.2895261, 2.0764848 41.2894932, 2.0764241 41.2894567, 2.0763775 41.2894259, 2.0763331 41.2893922, 2.0762852 41.2893513, 2.0762428 41.2893137, 2.0762016 41.2892721, 2.0761615 41.2892255, 2.0761192 41.2891691, 2.0760899 41.2891206, 2.0760699 41.2890825, 2.0760504 41.2890376, 2.0760305 41.2889821, 2.0760143 41.2889275, 2.0759993 41.288867, 2.0759907 41.2888051, 2.0759883 41.2887416, 2.0759879 41.288684, 2.0759935 41.2886308, 2.0760021 41.288601, 2.0761474 41.288361, 2.0761965 41.2882799, 2.0765053 41.2877696, 2.0765544 41.2876884, 2.0765823 41.2876422, 2.0765357 41.2876263, 2.0765927 41.2875321, 2.0766418 41.287451, 2.0766524 41.2874334, 2.0764196 41.2873539, 2.0763151 41.2873182, 2.0759326 41.2871875, 2.0758721 41.2871668, 2.0741681 41.2865846, 2.0741077 41.2865639, 2.0725517 41.2860323, 2.0724913 41.2860116, 2.071975 41.2858352, 2.0719114 41.2858, 2.0718533 41.2857374, 2.0718306 41.2856748, 2.0718432 41.2855933, 2.0719038 41.2854871, 2.0718458 41.2854644, 2.0719316 41.2853297, 2.0720603 41.2851212, 2.072088 41.2851155, 2.0721006 41.2850946, 2.072088 41.2850776, 2.0720603 41.28507, 2.0720325 41.2850795, 2.0714244 41.2848633, 2.0714799 41.284778, 2.0715531 41.2847495, 2.0717045 41.2847362, 2.0718018 41.2847295, 2.0714653 41.2840754, 2.0713745 41.2839949, 2.0712333 41.2839498, 2.0711071 41.2839031, 2.0709619 41.2838388, 2.0708852 41.2837388, 2.0708905 41.2836219, 2.0709242 41.2835009, 2.0709909 41.2832469, 2.0710445 41.282984, 2.0710663 41.2827151, 2.0710938 41.2822329, 2.0710739 41.2819718, 2.071062 41.2817792, 2.0711142 41.2816178, 2.0712106 41.2814431, 2.0714645 41.2811175, 2.0715911 41.2809654, 2.0717711 41.2807777, 2.0723496 41.2804285, 2.0727644 41.2802028, 2.0729152 41.2801603, 2.0731687 41.2801518))",Number of parked airplanes, Time series of airport throughput at Aeroport Barcelona - el Prat Josep Tarradellas,BLUE,Aerospacelab SPRL,ES11,Archived
"41.296657915514594,2.0857359721622024",ES,,Barcelona,Aeroport Barcelona - el Prat Josep Tarradellas,Airports: Throughput (archived),Count of airplanes on Sentinel-2 image,Sentinel-2,Sentinel 2 L2A,E13b2,2019-07-12T10:40:31,108.8300221,Average value for 2019,2019,100,"X in [92.2417682563413, 107.75823174365871] --> Normal, X < 92.2417682563413 --> Low, X > 107.75823174365871 --> High",High,"POLYGON ((2.0731687 41.2801518, 2.0733601 41.2801633, 2.0735425 41.2801934, 2.0739213 41.2803274, 2.0742458 41.28045, 2.0742648 41.2804294, 2.0754768 41.2808281, 2.0758252 41.2809479, 2.0760077 41.2810213, 2.0770616 41.2814801, 2.0774704 41.2816566, 2.0776352 41.281699, 2.078649 41.2819207, 2.0801748 41.2822574, 2.0805205 41.2823552, 2.0808474 41.2824731, 2.084486 41.283721, 2.0890595 41.2852892, 2.0891286 41.2853317, 2.0897135 41.2858352, 2.0898009 41.285875, 2.0916661 41.2865173, 2.0933342 41.2870851, 2.0977675 41.2885929, 2.0979375 41.2886382, 2.0981057 41.2886533, 2.0982842 41.2886338, 2.0984663 41.288639, 2.0997053 41.2890569, 2.1011755 41.2895586, 2.1030503 41.2902016, 2.1031715 41.290232, 2.1032599 41.2902408, 2.1033449 41.2902375, 2.1034327 41.2902249, 2.1035151 41.2902056, 2.1036174 41.290171, 2.1037197 41.2901451, 2.103807 41.2901365, 2.1039013 41.2901495, 2.1040307 41.2901899, 2.1041849 41.2902674, 2.1042923 41.2903426, 2.1044248 41.2904531, 2.1045512 41.2905884, 2.1046034 41.2906667, 2.1046652 41.2907984, 2.1047014 41.2909025, 2.1047325 41.2910279, 2.1047392 41.2911592, 2.1047215 41.2913105, 2.1046382 41.2915674, 2.1044697 41.2918801, 2.1046565 41.2919438, 2.1048487 41.2915783, 2.1049117 41.2914016, 2.1049474 41.2912345, 2.1049392 41.2910796, 2.1048991 41.2909533, 2.1052294 41.2909825, 2.1052447 41.2909839, 2.1052552 41.2910125, 2.1052641 41.2911268, 2.1053126 41.2911745, 2.1060371 41.2914084, 2.1064581 41.2915521, 2.1072915 41.2920445, 2.1073195 41.2920756, 2.1073125 41.2921183, 2.1071212 41.2924051, 2.1069967 41.2926607, 2.1068612 41.2929039, 2.1065871 41.2933922, 2.1057607 41.2945633, 2.1048875 41.2942743, 2.1048264 41.2942891, 2.104723 41.2944491, 2.1046087 41.294485, 2.1041571 41.2942384, 2.1034969 41.2940384, 2.1033855 41.2939986, 2.103876 41.2931673, 2.1037554 41.2931258, 2.1028527 41.294641, 2.102784 41.2947051, 2.1027255 41.2947738, 2.1026127 41.294956, 2.1019947 41.2959812, 2.1015262 41.2967648, 2.1006818 41.2981568, 2.1006678 41.2981982, 2.1006618 41.2982406, 2.1006842 41.2983036, 2.1007166 41.2983692, 2.1007684 41.2984177, 2.1008452 41.2984596, 2.1025407 41.2990343, 2.1026862 41.2990885, 2.103008 41.2993153, 2.1035023 41.2998456, 2.1039722 41.3003759, 2.1047998 41.3014101, 2.1058952 41.3028145, 2.1060199 41.3030955, 2.1065045 41.3036467, 2.1071996 41.3044362, 2.1078095 41.3051075, 2.1086445 41.3060389, 2.1089879 41.3064329, 2.109629 41.307171, 2.1096965 41.307315, 2.109721 41.3074325, 2.1097171 41.3075959, 2.1097136 41.3076654, 2.1096654 41.3077845, 2.1096131 41.3078555, 2.1094958 41.308012, 2.1090896 41.3085539, 2.1090028 41.3086004, 2.1089388 41.3086374, 2.1088197 41.3086806, 2.1072173 41.3091989, 2.1071081 41.3092419, 2.1070167 41.3092963, 2.1069306 41.3093864, 2.1064671 41.3101143, 2.1063146 41.3103945, 2.1062993 41.3104676, 2.1062852 41.3105697, 2.1062816 41.3107012, 2.1062693 41.3108876, 2.1062339 41.3110347, 2.1061739 41.3111765, 2.1054177 41.3123811, 2.1051687 41.3127757, 2.104694 41.3135601, 2.0999615 41.3119445, 2.1000118 41.3118613, 2.1000324 41.3118273, 2.1004361 41.31116, 2.1004283 41.3111141, 2.1000318 41.310997, 2.0995777 41.3108628, 2.0991969 41.310812, 2.098809 41.310804, 2.0983037 41.3108468, 2.0980403 41.3108762, 2.0978126 41.3109564, 2.0976239 41.3110446, 2.0974496 41.3111809, 2.0973889 41.3112557, 2.0973108 41.311352, 2.0972338 41.3114233, 2.0971435 41.311507, 2.0969335 41.3116327, 2.0962878 41.3118043, 2.0950723 41.3121272, 2.0948694 41.3121352, 2.0946488 41.3121031, 2.094389 41.3119989, 2.0941933 41.3118011, 2.0941604 41.3117332, 2.0939034 41.3112022, 2.0936558 41.3106905, 2.0934731 41.3109949, 2.0918969 41.3104569, 2.0917009 41.3103303, 2.0905981 41.3099666, 2.0904509 41.309914, 2.0907019 41.3095034, 2.0901689 41.309317, 2.0903439 41.3090039, 2.0874451 41.3080219, 2.0873562 41.3079658, 2.0872819 41.3078871, 2.0872615 41.3077864, 2.0872788 41.3076901, 2.0875927 41.3071783, 2.0830413 41.3056247, 2.0829902 41.3055938, 2.083127 41.3053537, 2.0835486 41.3046315, 2.0722489 41.3006917, 2.0712027 41.3012626, 2.0711378 41.3012358, 2.0709678 41.301355, 2.0701231 41.3010713, 2.0698826 41.3010394, 2.0696565 41.3010419, 2.069413 41.30111, 2.0692546 41.3011854, 2.0691226 41.3012814, 2.068998 41.3013925, 2.0686842 41.3012826, 2.0690839 41.30063, 2.0689839 41.3005949, 2.069047 41.3004853, 2.0690088 41.3004645, 2.0690633 41.3003857, 2.0645607 41.2988319, 2.0599685 41.2972504, 2.0599389 41.2972985, 2.0599896 41.2973227, 2.0596179 41.2979278, 2.0571297 41.297094, 2.0562247 41.2967939, 2.0562495 41.2967457, 2.0557112 41.2965705, 2.0556573 41.2964957, 2.0559457 41.2959957, 2.0560786 41.29599, 2.0561241 41.2959181, 2.056204 41.2959079, 2.0564333 41.295528, 2.055826 41.2953218, 2.0559295 41.2951645, 2.0559947 41.2951888, 2.0562492 41.2947404, 2.0562514 41.2946637, 2.0562903 41.2945599, 2.0563955 41.2944967, 2.0565105 41.2944545, 2.0570779 41.2936476, 2.0572607 41.293323, 2.0573837 41.2930054, 2.0577561 41.2929318, 2.057689 41.2927995, 2.0573934 41.2928632, 2.0573572 41.2927928, 2.0574451 41.2926672, 2.0576929 41.2925804, 2.0580302 41.2923685, 2.0586755 41.2919591, 2.0595423 41.2915481, 2.0610718 41.2907889, 2.0631774 41.2897109, 2.0635655 41.2896194, 2.0637417 41.2896538, 2.0648827 41.2893392, 2.0650482 41.2892735, 2.065225 41.2891645, 2.0653121 41.2890284, 2.0653925 41.2889095, 2.0655699 41.288767, 2.0657315 41.2886851, 2.0659726 41.2886239, 2.066286 41.2885851, 2.0664856 41.2886062, 2.0667483 41.2886766, 2.0669668 41.2887429, 2.0689953 41.2894452, 2.0691536 41.2895036, 2.0692284 41.2895009, 2.069296 41.2894715, 2.069611 41.2895803, 2.0695851 41.2896231, 2.07435 41.2912511, 2.074462 41.2910661, 2.0745021 41.2910798, 2.0750295 41.2902082, 2.0750897 41.2901025, 2.0754669 41.2898485, 2.0763104 41.2898351, 2.0766242 41.2899744, 2.0768206 41.2896367, 2.0766805 41.2895861, 2.0766068 41.2895558, 2.0765442 41.2895261, 2.0764848 41.2894932, 2.0764241 41.2894567, 2.0763775 41.2894259, 2.0763331 41.2893922, 2.0762852 41.2893513, 2.0762428 41.2893137, 2.0762016 41.2892721, 2.0761615 41.2892255, 2.0761192 41.2891691, 2.0760899 41.2891206, 2.0760699 41.2890825, 2.0760504 41.2890376, 2.0760305 41.2889821, 2.0760143 41.2889275, 2.0759993 41.288867, 2.0759907 41.2888051, 2.0759883 41.2887416, 2.0759879 41.288684, 2.0759935 41.2886308, 2.0760021 41.288601, 2.0761474 41.288361, 2.0761965 41.2882799, 2.0765053 41.2877696, 2.0765544 41.2876884, 2.0765823 41.2876422, 2.0765357 41.2876263, 2.0765927 41.2875321, 2.0766418 41.287451, 2.0766524 41.2874334, 2.0764196 41.2873539, 2.0763151 41.2873182, 2.0759326 41.2871875, 2.0758721 41.2871668, 2.0741681 41.2865846, 2.0741077 41.2865639, 2.0725517 41.2860323, 2.0724913 41.2860116, 2.071975 41.2858352, 2.0719114 41.2858, 2.0718533 41.2857374, 2.0718306 41.2856748, 2.0718432 41.2855933, 2.0719038 41.2854871, 2.0718458 41.2854644, 2.0719316 41.2853297, 2.0720603 41.2851212, 2.072088 41.2851155, 2.0721006 41.2850946, 2.072088 41.2850776, 2.0720603 41.28507, 2.0720325 41.2850795, 2.0714244 41.2848633, 2.0714799 41.284778, 2.0715531 41.2847495, 2.0717045 41.2847362, 2.0718018 41.2847295, 2.0714653 41.2840754, 2.0713745 41.2839949, 2.0712333 41.2839498, 2.0711071 41.2839031, 2.0709619 41.2838388, 2.0708852 41.2837388, 2.0708905 41.2836219, 2.0709242 41.2835009, 2.0709909 41.2832469, 2.0710445 41.282984, 2.0710663 41.2827151, 2.0710938 41.2822329, 2.0710739 41.2819718, 2.071062 41.2817792, 2.0711142 41.2816178, 2.0712106 41.2814431, 2.0714645 41.2811175, 2.0715911 41.2809654, 2.0717711 41.2807777, 2.0723496 41.2804285, 2.0727644 41.2802028, 2.0729152 41.2801603, 2.0731687 41.2801518))",Number of parked airplanes, Time series of airport throughput at Aeroport Barcelona - el Prat Josep Tarradellas,RED,Aerospacelab SPRL,ES11,Archived
"41.296657915514594,2.0857359721622024",ES,,Barcelona,Aeroport Barcelona - el Prat Josep Tarradellas,Airports: Throughput (archived),Count of airplanes on Sentinel-2 image,Sentinel-2,Sentinel 2 L2A,E13b2,2019-07-22T10:40:31,88.18984547,Average value for 2019,2019,100,"X in [92.2417682563413, 107.75823174365871] --> Normal, X < 92.2417682563413 --> Low, X > 107.75823174365871 --> High",Low,"POLYGON ((2.0731687 41.2801518, 2.0733601 41.2801633, 2.0735425 41.2801934, 2.0739213 41.2803274, 2.0742458 41.28045, 2.0742648 41.2804294, 2.0754768 41.2808281, 2.0758252 41.2809479, 2.0760077 41.2810213, 2.0770616 41.2814801, 2.0774704 41.2816566, 2.0776352 41.281699, 2.078649 41.2819207, 2.0801748 41.2822574, 2.0805205 41.2823552, 2.0808474 41.2824731, 2.084486 41.283721, 2.0890595 41.2852892, 2.0891286 41.2853317, 2.0897135 41.2858352, 2.0898009 41.285875, 2.0916661 41.2865173, 2.0933342 41.2870851, 2.0977675 41.2885929, 2.0979375 41.2886382, 2.0981057 41.2886533, 2.0982842 41.2886338, 2.0984663 41.288639, 2.0997053 41.2890569, 2.1011755 41.2895586, 2.1030503 41.2902016, 2.1031715 41.290232, 2.1032599 41.2902408, 2.1033449 41.2902375, 2.1034327 41.2902249, 2.1035151 41.2902056, 2.1036174 41.290171, 2.1037197 41.2901451, 2.103807 41.2901365, 2.1039013 41.2901495, 2.1040307 41.2901899, 2.1041849 41.2902674, 2.1042923 41.2903426, 2.1044248 41.2904531, 2.1045512 41.2905884, 2.1046034 41.2906667, 2.1046652 41.2907984, 2.1047014 41.2909025, 2.1047325 41.2910279, 2.1047392 41.2911592, 2.1047215 41.2913105, 2.1046382 41.2915674, 2.1044697 41.2918801, 2.1046565 41.2919438, 2.1048487 41.2915783, 2.1049117 41.2914016, 2.1049474 41.2912345, 2.1049392 41.2910796, 2.1048991 41.2909533, 2.1052294 41.2909825, 2.1052447 41.2909839, 2.1052552 41.2910125, 2.1052641 41.2911268, 2.1053126 41.2911745, 2.1060371 41.2914084, 2.1064581 41.2915521, 2.1072915 41.2920445, 2.1073195 41.2920756, 2.1073125 41.2921183, 2.1071212 41.2924051, 2.1069967 41.2926607, 2.1068612 41.2929039, 2.1065871 41.2933922, 2.1057607 41.2945633, 2.1048875 41.2942743, 2.1048264 41.2942891, 2.104723 41.2944491, 2.1046087 41.294485, 2.1041571 41.2942384, 2.1034969 41.2940384, 2.1033855 41.2939986, 2.103876 41.2931673, 2.1037554 41.2931258, 2.1028527 41.294641, 2.102784 41.2947051, 2.1027255 41.2947738, 2.1026127 41.294956, 2.1019947 41.2959812, 2.1015262 41.2967648, 2.1006818 41.2981568, 2.1006678 41.2981982, 2.1006618 41.2982406, 2.1006842 41.2983036, 2.1007166 41.2983692, 2.1007684 41.2984177, 2.1008452 41.2984596, 2.1025407 41.2990343, 2.1026862 41.2990885, 2.103008 41.2993153, 2.1035023 41.2998456, 2.1039722 41.3003759, 2.1047998 41.3014101, 2.1058952 41.3028145, 2.1060199 41.3030955, 2.1065045 41.3036467, 2.1071996 41.3044362, 2.1078095 41.3051075, 2.1086445 41.3060389, 2.1089879 41.3064329, 2.109629 41.307171, 2.1096965 41.307315, 2.109721 41.3074325, 2.1097171 41.3075959, 2.1097136 41.3076654, 2.1096654 41.3077845, 2.1096131 41.3078555, 2.1094958 41.308012, 2.1090896 41.3085539, 2.1090028 41.3086004, 2.1089388 41.3086374, 2.1088197 41.3086806, 2.1072173 41.3091989, 2.1071081 41.3092419, 2.1070167 41.3092963, 2.1069306 41.3093864, 2.1064671 41.3101143, 2.1063146 41.3103945, 2.1062993 41.3104676, 2.1062852 41.3105697, 2.1062816 41.3107012, 2.1062693 41.3108876, 2.1062339 41.3110347, 2.1061739 41.3111765, 2.1054177 41.3123811, 2.1051687 41.3127757, 2.104694 41.3135601, 2.0999615 41.3119445, 2.1000118 41.3118613, 2.1000324 41.3118273, 2.1004361 41.31116, 2.1004283 41.3111141, 2.1000318 41.310997, 2.0995777 41.3108628, 2.0991969 41.310812, 2.098809 41.310804, 2.0983037 41.3108468, 2.0980403 41.3108762, 2.0978126 41.3109564, 2.0976239 41.3110446, 2.0974496 41.3111809, 2.0973889 41.3112557, 2.0973108 41.311352, 2.0972338 41.3114233, 2.0971435 41.311507, 2.0969335 41.3116327, 2.0962878 41.3118043, 2.0950723 41.3121272, 2.0948694 41.3121352, 2.0946488 41.3121031, 2.094389 41.3119989, 2.0941933 41.3118011, 2.0941604 41.3117332, 2.0939034 41.3112022, 2.0936558 41.3106905, 2.0934731 41.3109949, 2.0918969 41.3104569, 2.0917009 41.3103303, 2.0905981 41.3099666, 2.0904509 41.309914, 2.0907019 41.3095034, 2.0901689 41.309317, 2.0903439 41.3090039, 2.0874451 41.3080219, 2.0873562 41.3079658, 2.0872819 41.3078871, 2.0872615 41.3077864, 2.0872788 41.3076901, 2.0875927 41.3071783, 2.0830413 41.3056247, 2.0829902 41.3055938, 2.083127 41.3053537, 2.0835486 41.3046315, 2.0722489 41.3006917, 2.0712027 41.3012626, 2.0711378 41.3012358, 2.0709678 41.301355, 2.0701231 41.3010713, 2.0698826 41.3010394, 2.0696565 41.3010419, 2.069413 41.30111, 2.0692546 41.3011854, 2.0691226 41.3012814, 2.068998 41.3013925, 2.0686842 41.3012826, 2.0690839 41.30063, 2.0689839 41.3005949, 2.069047 41.3004853, 2.0690088 41.3004645, 2.0690633 41.3003857, 2.0645607 41.2988319, 2.0599685 41.2972504, 2.0599389 41.2972985, 2.0599896 41.2973227, 2.0596179 41.2979278, 2.0571297 41.297094, 2.0562247 41.2967939, 2.0562495 41.2967457, 2.0557112 41.2965705, 2.0556573 41.2964957, 2.0559457 41.2959957, 2.0560786 41.29599, 2.0561241 41.2959181, 2.056204 41.2959079, 2.0564333 41.295528, 2.055826 41.2953218, 2.0559295 41.2951645, 2.0559947 41.2951888, 2.0562492 41.2947404, 2.0562514 41.2946637, 2.0562903 41.2945599, 2.0563955 41.2944967, 2.0565105 41.2944545, 2.0570779 41.2936476, 2.0572607 41.293323, 2.0573837 41.2930054, 2.0577561 41.2929318, 2.057689 41.2927995, 2.0573934 41.2928632, 2.0573572 41.2927928, 2.0574451 41.2926672, 2.0576929 41.2925804, 2.0580302 41.2923685, 2.0586755 41.2919591, 2.0595423 41.2915481, 2.0610718 41.2907889, 2.0631774 41.2897109, 2.0635655 41.2896194, 2.0637417 41.2896538, 2.0648827 41.2893392, 2.0650482 41.2892735, 2.065225 41.2891645, 2.0653121 41.2890284, 2.0653925 41.2889095, 2.0655699 41.288767, 2.0657315 41.2886851, 2.0659726 41.2886239, 2.066286 41.2885851, 2.0664856 41.2886062, 2.0667483 41.2886766, 2.0669668 41.2887429, 2.0689953 41.2894452, 2.0691536 41.2895036, 2.0692284 41.2895009, 2.069296 41.2894715, 2.069611 41.2895803, 2.0695851 41.2896231, 2.07435 41.2912511, 2.074462 41.2910661, 2.0745021 41.2910798, 2.0750295 41.2902082, 2.0750897 41.2901025, 2.0754669 41.2898485, 2.0763104 41.2898351, 2.0766242 41.2899744, 2.0768206 41.2896367, 2.0766805 41.2895861, 2.0766068 41.2895558, 2.0765442 41.2895261, 2.0764848 41.2894932, 2.0764241 41.2894567, 2.0763775 41.2894259, 2.0763331 41.2893922, 2.0762852 41.2893513, 2.0762428 41.2893137, 2.0762016 41.2892721, 2.0761615 41.2892255, 2.0761192 41.2891691, 2.0760899 41.2891206, 2.0760699 41.2890825, 2.0760504 41.2890376, 2.0760305 41.2889821, 2.0760143 41.2889275, 2.0759993 41.288867, 2.0759907 41.2888051, 2.0759883 41.2887416, 2.0759879 41.288684, 2.0759935 41.2886308, 2.0760021 41.288601, 2.0761474 41.288361, 2.0761965 41.2882799, 2.0765053 41.2877696, 2.0765544 41.2876884, 2.0765823 41.2876422, 2.0765357 41.2876263, 2.0765927 41.2875321, 2.0766418 41.287451, 2.0766524 41.2874334, 2.0764196 41.2873539, 2.0763151 41.2873182, 2.0759326 41.2871875, 2.0758721 41.2871668, 2.0741681 41.2865846, 2.0741077 41.2865639, 2.0725517 41.2860323, 2.0724913 41.2860116, 2.071975 41.2858352, 2.0719114 41.2858, 2.0718533 41.2857374, 2.0718306 41.2856748, 2.0718432 41.2855933, 2.0719038 41.2854871, 2.0718458 41.2854644, 2.0719316 41.2853297, 2.0720603 41.2851212, 2.072088 41.2851155, 2.0721006 41.2850946, 2.072088 41.2850776, 2.0720603 41.28507, 2.0720325 41.2850795, 2.0714244 41.2848633, 2.0714799 41.284778, 2.0715531 41.2847495, 2.0717045 41.2847362, 2.0718018 41.2847295, 2.0714653 41.2840754, 2.0713745 41.2839949, 2.0712333 41.2839498, 2.0711071 41.2839031, 2.0709619 41.2838388, 2.0708852 41.2837388, 2.0708905 41.2836219, 2.0709242 41.2835009, 2.0709909 41.2832469, 2.0710445 41.282984, 2.0710663 41.2827151, 2.0710938 41.2822329, 2.0710739 41.2819718, 2.071062 41.2817792, 2.0711142 41.2816178, 2.0712106 41.2814431, 2.0714645 41.2811175, 2.0715911 41.2809654, 2.0717711 41.2807777, 2.0723496 41.2804285, 2.0727644 41.2802028, 2.0729152 41.2801603, 2.0731687 41.2801518))",Number of parked airplanes, Time series of airport throughput at Aeroport Barcelona - el Prat Josep Tarradellas,GREEN,Aerospacelab SPRL,ES11,Archived
"41.296657915514594,2.0857359721622024",ES,,Barcelona,Aeroport Barcelona - el Prat Josep Tarradellas,Airports: Throughput (archived),Count of airplanes on Sentinel-2 image,Sentinel-2,Sentinel 2 L2A,E13b2,2019-08-01T10:40:31,105.0772627,Average value for 2019,2019,100,"X in [92.2417682563413, 107.75823174365871] --> Normal, X < 92.2417682563413 --> Low, X > 107.75823174365871 --> High",Normal,"POLYGON ((2.0731687 41.2801518, 2.0733601 41.2801633, 2.0735425 41.2801934, 2.0739213 41.2803274, 2.0742458 41.28045, 2.0742648 41.2804294, 2.0754768 41.2808281, 2.0758252 41.2809479, 2.0760077 41.2810213, 2.0770616 41.2814801, 2.0774704 41.2816566, 2.0776352 41.281699, 2.078649 41.2819207, 2.0801748 41.2822574, 2.0805205 41.2823552, 2.0808474 41.2824731, 2.084486 41.283721, 2.0890595 41.2852892, 2.0891286 41.2853317, 2.0897135 41.2858352, 2.0898009 41.285875, 2.0916661 41.2865173, 2.0933342 41.2870851, 2.0977675 41.2885929, 2.0979375 41.2886382, 2.0981057 41.2886533, 2.0982842 41.2886338, 2.0984663 41.288639, 2.0997053 41.2890569, 2.1011755 41.2895586, 2.1030503 41.2902016, 2.1031715 41.290232, 2.1032599 41.2902408, 2.1033449 41.2902375, 2.1034327 41.2902249, 2.1035151 41.2902056, 2.1036174 41.290171, 2.1037197 41.2901451, 2.103807 41.2901365, 2.1039013 41.2901495, 2.1040307 41.2901899, 2.1041849 41.2902674, 2.1042923 41.2903426, 2.1044248 41.2904531, 2.1045512 41.2905884, 2.1046034 41.2906667, 2.1046652 41.2907984, 2.1047014 41.2909025, 2.1047325 41.2910279, 2.1047392 41.2911592, 2.1047215 41.2913105, 2.1046382 41.2915674, 2.1044697 41.2918801, 2.1046565 41.2919438, 2.1048487 41.2915783, 2.1049117 41.2914016, 2.1049474 41.2912345, 2.1049392 41.2910796, 2.1048991 41.2909533, 2.1052294 41.2909825, 2.1052447 41.2909839, 2.1052552 41.2910125, 2.1052641 41.2911268, 2.1053126 41.2911745, 2.1060371 41.2914084, 2.1064581 41.2915521, 2.1072915 41.2920445, 2.1073195 41.2920756, 2.1073125 41.2921183, 2.1071212 41.2924051, 2.1069967 41.2926607, 2.1068612 41.2929039, 2.1065871 41.2933922, 2.1057607 41.2945633, 2.1048875 41.2942743, 2.1048264 41.2942891, 2.104723 41.2944491, 2.1046087 41.294485, 2.1041571 41.2942384, 2.1034969 41.2940384, 2.1033855 41.2939986, 2.103876 41.2931673, 2.1037554 41.2931258, 2.1028527 41.294641, 2.102784 41.2947051, 2.1027255 41.2947738, 2.1026127 41.294956, 2.1019947 41.2959812, 2.1015262 41.2967648, 2.1006818 41.2981568, 2.1006678 41.2981982, 2.1006618 41.2982406, 2.1006842 41.2983036, 2.1007166 41.2983692, 2.1007684 41.2984177, 2.1008452 41.2984596, 2.1025407 41.2990343, 2.1026862 41.2990885, 2.103008 41.2993153, 2.1035023 41.2998456, 2.1039722 41.3003759, 2.1047998 41.3014101, 2.1058952 41.3028145, 2.1060199 41.3030955, 2.1065045 41.3036467, 2.1071996 41.3044362, 2.1078095 41.3051075, 2.1086445 41.3060389, 2.1089879 41.3064329, 2.109629 41.307171, 2.1096965 41.307315, 2.109721 41.3074325, 2.1097171 41.3075959, 2.1097136 41.3076654, 2.1096654 41.3077845, 2.1096131 41.3078555, 2.1094958 41.308012, 2.1090896 41.3085539, 2.1090028 41.3086004, 2.1089388 41.3086374, 2.1088197 41.3086806, 2.1072173 41.3091989, 2.1071081 41.3092419, 2.1070167 41.3092963, 2.1069306 41.3093864, 2.1064671 41.3101143, 2.1063146 41.3103945, 2.1062993 41.3104676, 2.1062852 41.3105697, 2.1062816 41.3107012, 2.1062693 41.3108876, 2.1062339 41.3110347, 2.1061739 41.3111765, 2.1054177 41.3123811, 2.1051687 41.3127757, 2.104694 41.3135601, 2.0999615 41.3119445, 2.1000118 41.3118613, 2.1000324 41.3118273, 2.1004361 41.31116, 2.1004283 41.3111141, 2.1000318 41.310997, 2.0995777 41.3108628, 2.0991969 41.310812, 2.098809 41.310804, 2.0983037 41.3108468, 2.0980403 41.3108762, 2.0978126 41.3109564, 2.0976239 41.3110446, 2.0974496 41.3111809, 2.0973889 41.3112557, 2.0973108 41.311352, 2.0972338 41.3114233, 2.0971435 41.311507, 2.0969335 41.3116327, 2.0962878 41.3118043, 2.0950723 41.3121272, 2.0948694 41.3121352, 2.0946488 41.3121031, 2.094389 41.3119989, 2.0941933 41.3118011, 2.0941604 41.3117332, 2.0939034 41.3112022, 2.0936558 41.3106905, 2.0934731 41.3109949, 2.0918969 41.3104569, 2.0917009 41.3103303, 2.0905981 41.3099666, 2.0904509 41.309914, 2.0907019 41.3095034, 2.0901689 41.309317, 2.0903439 41.3090039, 2.0874451 41.3080219, 2.0873562 41.3079658, 2.0872819 41.3078871, 2.0872615 41.3077864, 2.0872788 41.3076901, 2.0875927 41.3071783, 2.0830413 41.3056247, 2.0829902 41.3055938, 2.083127 41.3053537, 2.0835486 41.3046315, 2.0722489 41.3006917, 2.0712027 41.3012626, 2.0711378 41.3012358, 2.0709678 41.301355, 2.0701231 41.3010713, 2.0698826 41.3010394, 2.0696565 41.3010419, 2.069413 41.30111, 2.0692546 41.3011854, 2.0691226 41.3012814, 2.068998 41.3013925, 2.0686842 41.3012826, 2.0690839 41.30063, 2.0689839 41.3005949, 2.069047 41.3004853, 2.0690088 41.3004645, 2.0690633 41.3003857, 2.0645607 41.2988319, 2.0599685 41.2972504, 2.0599389 41.2972985, 2.0599896 41.2973227, 2.0596179 41.2979278, 2.0571297 41.297094, 2.0562247 41.2967939, 2.0562495 41.2967457, 2.0557112 41.2965705, 2.0556573 41.2964957, 2.0559457 41.2959957, 2.0560786 41.29599, 2.0561241 41.2959181, 2.056204 41.2959079, 2.0564333 41.295528, 2.055826 41.2953218, 2.0559295 41.2951645, 2.0559947 41.2951888, 2.0562492 41.2947404, 2.0562514 41.2946637, 2.0562903 41.2945599, 2.0563955 41.2944967, 2.0565105 41.2944545, 2.0570779 41.2936476, 2.0572607 41.293323, 2.0573837 41.2930054, 2.0577561 41.2929318, 2.057689 41.2927995, 2.0573934 41.2928632, 2.0573572 41.2927928, 2.0574451 41.2926672, 2.0576929 41.2925804, 2.0580302 41.2923685, 2.0586755 41.2919591, 2.0595423 41.2915481, 2.0610718 41.2907889, 2.0631774 41.2897109, 2.0635655 41.2896194, 2.0637417 41.2896538, 2.0648827 41.2893392, 2.0650482 41.2892735, 2.065225 41.2891645, 2.0653121 41.2890284, 2.0653925 41.2889095, 2.0655699 41.288767, 2.0657315 41.2886851, 2.0659726 41.2886239, 2.066286 41.2885851, 2.0664856 41.2886062, 2.0667483 41.2886766, 2.0669668 41.2887429, 2.0689953 41.2894452, 2.0691536 41.2895036, 2.0692284 41.2895009, 2.069296 41.2894715, 2.069611 41.2895803, 2.0695851 41.2896231, 2.07435 41.2912511, 2.074462 41.2910661, 2.0745021 41.2910798, 2.0750295 41.2902082, 2.0750897 41.2901025, 2.0754669 41.2898485, 2.0763104 41.2898351, 2.0766242 41.2899744, 2.0768206 41.2896367, 2.0766805 41.2895861, 2.0766068 41.2895558, 2.0765442 41.2895261, 2.0764848 41.2894932, 2.0764241 41.2894567, 2.0763775 41.2894259, 2.0763331 41.2893922, 2.0762852 41.2893513, 2.0762428 41.2893137, 2.0762016 41.2892721, 2.0761615 41.2892255, 2.0761192 41.2891691, 2.0760899 41.2891206, 2.0760699 41.2890825, 2.0760504 41.2890376, 2.0760305 41.2889821, 2.0760143 41.2889275, 2.0759993 41.288867, 2.0759907 41.2888051, 2.0759883 41.2887416, 2.0759879 41.288684, 2.0759935 41.2886308, 2.0760021 41.288601, 2.0761474 41.288361, 2.0761965 41.2882799, 2.0765053 41.2877696, 2.0765544 41.2876884, 2.0765823 41.2876422, 2.0765357 41.2876263, 2.0765927 41.2875321, 2.0766418 41.287451, 2.0766524 41.2874334, 2.0764196 41.2873539, 2.0763151 41.2873182, 2.0759326 41.2871875, 2.0758721 41.2871668, 2.0741681 41.2865846, 2.0741077 41.2865639, 2.0725517 41.2860323, 2.0724913 41.2860116, 2.071975 41.2858352, 2.0719114 41.2858, 2.0718533 41.2857374, 2.0718306 41.2856748, 2.0718432 41.2855933, 2.0719038 41.2854871, 2.0718458 41.2854644, 2.0719316 41.2853297, 2.0720603 41.2851212, 2.072088 41.2851155, 2.0721006 41.2850946, 2.072088 41.2850776, 2.0720603 41.28507, 2.0720325 41.2850795, 2.0714244 41.2848633, 2.0714799 41.284778, 2.0715531 41.2847495, 2.0717045 41.2847362, 2.0718018 41.2847295, 2.0714653 41.2840754, 2.0713745 41.2839949, 2.0712333 41.2839498, 2.0711071 41.2839031, 2.0709619 41.2838388, 2.0708852 41.2837388, 2.0708905 41.2836219, 2.0709242 41.2835009, 2.0709909 41.2832469, 2.0710445 41.282984, 2.0710663 41.2827151, 2.0710938 41.2822329, 2.0710739 41.2819718, 2.071062 41.2817792, 2.0711142 41.2816178, 2.0712106 41.2814431, 2.0714645 41.2811175, 2.0715911 41.2809654, 2.0717711 41.2807777, 2.0723496 41.2804285, 2.0727644 41.2802028, 2.0729152 41.2801603, 2.0731687 41.2801518))",Number of parked airplanes, Time series of airport throughput at Aeroport Barcelona - el Prat Josep Tarradellas,BLUE,Aerospacelab SPRL,ES11,Archived
"41.296657915514594,2.0857359721622024",ES,,Barcelona,Aeroport Barcelona - el Prat Josep Tarradellas,Airports: Throughput (archived),Count of airplanes on Sentinel-2 image,Sentinel-2,Sentinel 2 L2A,E13b2,2019-08-26T10:40:29,106.9536424,Average value for 2019,2019,100,"X in [92.2417682563413, 107.75823174365871] --> Normal, X < 92.2417682563413 --> Low, X > 107.75823174365871 --> High",Normal,"POLYGON ((2.0731687 41.2801518, 2.0733601 41.2801633, 2.0735425 41.2801934, 2.0739213 41.2803274, 2.0742458 41.28045, 2.0742648 41.2804294, 2.0754768 41.2808281, 2.0758252 41.2809479, 2.0760077 41.2810213, 2.0770616 41.2814801, 2.0774704 41.2816566, 2.0776352 41.281699, 2.078649 41.2819207, 2.0801748 41.2822574, 2.0805205 41.2823552, 2.0808474 41.2824731, 2.084486 41.283721, 2.0890595 41.2852892, 2.0891286 41.2853317, 2.0897135 41.2858352, 2.0898009 41.285875, 2.0916661 41.2865173, 2.0933342 41.2870851, 2.0977675 41.2885929, 2.0979375 41.2886382, 2.0981057 41.2886533, 2.0982842 41.2886338, 2.0984663 41.288639, 2.0997053 41.2890569, 2.1011755 41.2895586, 2.1030503 41.2902016, 2.1031715 41.290232, 2.1032599 41.2902408, 2.1033449 41.2902375, 2.1034327 41.2902249, 2.1035151 41.2902056, 2.1036174 41.290171, 2.1037197 41.2901451, 2.103807 41.2901365, 2.1039013 41.2901495, 2.1040307 41.2901899, 2.1041849 41.2902674, 2.1042923 41.2903426, 2.1044248 41.2904531, 2.1045512 41.2905884, 2.1046034 41.2906667, 2.1046652 41.2907984, 2.1047014 41.2909025, 2.1047325 41.2910279, 2.1047392 41.2911592, 2.1047215 41.2913105, 2.1046382 41.2915674, 2.1044697 41.2918801, 2.1046565 41.2919438, 2.1048487 41.2915783, 2.1049117 41.2914016, 2.1049474 41.2912345, 2.1049392 41.2910796, 2.1048991 41.2909533, 2.1052294 41.2909825, 2.1052447 41.2909839, 2.1052552 41.2910125, 2.1052641 41.2911268, 2.1053126 41.2911745, 2.1060371 41.2914084, 2.1064581 41.2915521, 2.1072915 41.2920445, 2.1073195 41.2920756, 2.1073125 41.2921183, 2.1071212 41.2924051, 2.1069967 41.2926607, 2.1068612 41.2929039, 2.1065871 41.2933922, 2.1057607 41.2945633, 2.1048875 41.2942743, 2.1048264 41.2942891, 2.104723 41.2944491, 2.1046087 41.294485, 2.1041571 41.2942384, 2.1034969 41.2940384, 2.1033855 41.2939986, 2.103876 41.2931673, 2.1037554 41.2931258, 2.1028527 41.294641, 2.102784 41.2947051, 2.1027255 41.2947738, 2.1026127 41.294956, 2.1019947 41.2959812, 2.1015262 41.2967648, 2.1006818 41.2981568, 2.1006678 41.2981982, 2.1006618 41.2982406, 2.1006842 41.2983036, 2.1007166 41.2983692, 2.1007684 41.2984177, 2.1008452 41.2984596, 2.1025407 41.2990343, 2.1026862 41.2990885, 2.103008 41.2993153, 2.1035023 41.2998456, 2.1039722 41.3003759, 2.1047998 41.3014101, 2.1058952 41.3028145, 2.1060199 41.3030955, 2.1065045 41.3036467, 2.1071996 41.3044362, 2.1078095 41.3051075, 2.1086445 41.3060389, 2.1089879 41.3064329, 2.109629 41.307171, 2.1096965 41.307315, 2.109721 41.3074325, 2.1097171 41.3075959, 2.1097136 41.3076654, 2.1096654 41.3077845, 2.1096131 41.3078555, 2.1094958 41.308012, 2.1090896 41.3085539, 2.1090028 41.3086004, 2.1089388 41.3086374, 2.1088197 41.3086806, 2.1072173 41.3091989, 2.1071081 41.3092419, 2.1070167 41.3092963, 2.1069306 41.3093864, 2.1064671 41.3101143, 2.1063146 41.3103945, 2.1062993 41.3104676, 2.1062852 41.3105697, 2.1062816 41.3107012, 2.1062693 41.3108876, 2.1062339 41.3110347, 2.1061739 41.3111765, 2.1054177 41.3123811, 2.1051687 41.3127757, 2.104694 41.3135601, 2.0999615 41.3119445, 2.1000118 41.3118613, 2.1000324 41.3118273, 2.1004361 41.31116, 2.1004283 41.3111141, 2.1000318 41.310997, 2.0995777 41.3108628, 2.0991969 41.310812, 2.098809 41.310804, 2.0983037 41.3108468, 2.0980403 41.3108762, 2.0978126 41.3109564, 2.0976239 41.3110446, 2.0974496 41.3111809, 2.0973889 41.3112557, 2.0973108 41.311352, 2.0972338 41.3114233, 2.0971435 41.311507, 2.0969335 41.3116327, 2.0962878 41.3118043, 2.0950723 41.3121272, 2.0948694 41.3121352, 2.0946488 41.3121031, 2.094389 41.3119989, 2.0941933 41.3118011, 2.0941604 41.3117332, 2.0939034 41.3112022, 2.0936558 41.3106905, 2.0934731 41.3109949, 2.0918969 41.3104569, 2.0917009 41.3103303, 2.0905981 41.3099666, 2.0904509 41.309914, 2.0907019 41.3095034, 2.0901689 41.309317, 2.0903439 41.3090039, 2.0874451 41.3080219, 2.0873562 41.3079658, 2.0872819 41.3078871, 2.0872615 41.3077864, 2.0872788 41.3076901, 2.0875927 41.3071783, 2.0830413 41.3056247, 2.0829902 41.3055938, 2.083127 41.3053537, 2.0835486 41.3046315, 2.0722489 41.3006917, 2.0712027 41.3012626, 2.0711378 41.3012358, 2.0709678 41.301355, 2.0701231 41.3010713, 2.0698826 41.3010394, 2.0696565 41.3010419, 2.069413 41.30111, 2.0692546 41.3011854, 2.0691226 41.3012814, 2.068998 41.3013925, 2.0686842 41.3012826, 2.0690839 41.30063, 2.0689839 41.3005949, 2.069047 41.3004853, 2.0690088 41.3004645, 2.0690633 41.3003857, 2.0645607 41.2988319, 2.0599685 41.2972504, 2.0599389 41.2972985, 2.0599896 41.2973227, 2.0596179 41.2979278, 2.0571297 41.297094, 2.0562247 41.2967939, 2.0562495 41.2967457, 2.0557112 41.2965705, 2.0556573 41.2964957, 2.0559457 41.2959957, 2.0560786 41.29599, 2.0561241 41.2959181, 2.056204 41.2959079, 2.0564333 41.295528, 2.055826 41.2953218, 2.0559295 41.2951645, 2.0559947 41.2951888, 2.0562492 41.2947404, 2.0562514 41.2946637, 2.0562903 41.2945599, 2.0563955 41.2944967, 2.0565105 41.2944545, 2.0570779 41.2936476, 2.0572607 41.293323, 2.0573837 41.2930054, 2.0577561 41.2929318, 2.057689 41.2927995, 2.0573934 41.2928632, 2.0573572 41.2927928, 2.0574451 41.2926672, 2.0576929 41.2925804, 2.0580302 41.2923685, 2.0586755 41.2919591, 2.0595423 41.2915481, 2.0610718 41.2907889, 2.0631774 41.2897109, 2.0635655 41.2896194, 2.0637417 41.2896538, 2.0648827 41.2893392, 2.0650482 41.2892735, 2.065225 41.2891645, 2.0653121 41.2890284, 2.0653925 41.2889095, 2.0655699 41.288767, 2.0657315 41.2886851, 2.0659726 41.2886239, 2.066286 41.2885851, 2.0664856 41.2886062, 2.0667483 41.2886766, 2.0669668 41.2887429, 2.0689953 41.2894452, 2.0691536 41.2895036, 2.0692284 41.2895009, 2.069296 41.2894715, 2.069611 41.2895803, 2.0695851 41.2896231, 2.07435 41.2912511, 2.074462 41.2910661, 2.0745021 41.2910798, 2.0750295 41.2902082, 2.0750897 41.2901025, 2.0754669 41.2898485, 2.0763104 41.2898351, 2.0766242 41.2899744, 2.0768206 41.2896367, 2.0766805 41.2895861, 2.0766068 41.2895558, 2.0765442 41.2895261, 2.0764848 41.2894932, 2.0764241 41.2894567, 2.0763775 41.2894259, 2.0763331 41.2893922, 2.0762852 41.2893513, 2.0762428 41.2893137, 2.0762016 41.2892721, 2.0761615 41.2892255, 2.0761192 41.2891691, 2.0760899 41.2891206, 2.0760699 41.2890825, 2.0760504 41.2890376, 2.0760305 41.2889821, 2.0760143 41.2889275, 2.0759993 41.288867, 2.0759907 41.2888051, 2.0759883 41.2887416, 2.0759879 41.288684, 2.0759935 41.2886308, 2.0760021 41.288601, 2.0761474 41.288361, 2.0761965 41.2882799, 2.0765053 41.2877696, 2.0765544 41.2876884, 2.0765823 41.2876422, 2.0765357 41.2876263, 2.0765927 41.2875321, 2.0766418 41.287451, 2.0766524 41.2874334, 2.0764196 41.2873539, 2.0763151 41.2873182, 2.0759326 41.2871875, 2.0758721 41.2871668, 2.0741681 41.2865846, 2.0741077 41.2865639, 2.0725517 41.2860323, 2.0724913 41.2860116, 2.071975 41.2858352, 2.0719114 41.2858, 2.0718533 41.2857374, 2.0718306 41.2856748, 2.0718432 41.2855933, 2.0719038 41.2854871, 2.0718458 41.2854644, 2.0719316 41.2853297, 2.0720603 41.2851212, 2.072088 41.2851155, 2.0721006 41.2850946, 2.072088 41.2850776, 2.0720603 41.28507, 2.0720325 41.2850795, 2.0714244 41.2848633, 2.0714799 41.284778, 2.0715531 41.2847495, 2.0717045 41.2847362, 2.0718018 41.2847295, 2.0714653 41.2840754, 2.0713745 41.2839949, 2.0712333 41.2839498, 2.0711071 41.2839031, 2.0709619 41.2838388, 2.0708852 41.2837388, 2.0708905 41.2836219, 2.0709242 41.2835009, 2.0709909 41.2832469, 2.0710445 41.282984, 2.0710663 41.2827151, 2.0710938 41.2822329, 2.0710739 41.2819718, 2.071062 41.2817792, 2.0711142 41.2816178, 2.0712106 41.2814431, 2.0714645 41.2811175, 2.0715911 41.2809654, 2.0717711 41.2807777, 2.0723496 41.2804285, 2.0727644 41.2802028, 2.0729152 41.2801603, 2.0731687 41.2801518))",Number of parked airplanes, Time series of airport throughput at Aeroport Barcelona - el Prat Josep Tarradellas,BLUE,Aerospacelab SPRL,ES11,Archived
"41.296657915514594,2.0857359721622024",ES,,Barcelona,Aeroport Barcelona - el Prat Josep Tarradellas,Airports: Throughput (archived),Count of airplanes on Sentinel-2 image,Sentinel-2,Sentinel 2 L2A,E13b2,2019-08-31T10:40:21,105.0772627,Average value for 2019,2019,100,"X in [92.2417682563413, 107.75823174365871] --> Normal, X < 92.2417682563413 --> Low, X > 107.75823174365871 --> High",Normal,"POLYGON ((2.0731687 41.2801518, 2.0733601 41.2801633, 2.0735425 41.2801934, 2.0739213 41.2803274, 2.0742458 41.28045, 2.0742648 41.2804294, 2.0754768 41.2808281, 2.0758252 41.2809479, 2.0760077 41.2810213, 2.0770616 41.2814801, 2.0774704 41.2816566, 2.0776352 41.281699, 2.078649 41.2819207, 2.0801748 41.2822574, 2.0805205 41.2823552, 2.0808474 41.2824731, 2.084486 41.283721, 2.0890595 41.2852892, 2.0891286 41.2853317, 2.0897135 41.2858352, 2.0898009 41.285875, 2.0916661 41.2865173, 2.0933342 41.2870851, 2.0977675 41.2885929, 2.0979375 41.2886382, 2.0981057 41.2886533, 2.0982842 41.2886338, 2.0984663 41.288639, 2.0997053 41.2890569, 2.1011755 41.2895586, 2.1030503 41.2902016, 2.1031715 41.290232, 2.1032599 41.2902408, 2.1033449 41.2902375, 2.1034327 41.2902249, 2.1035151 41.2902056, 2.1036174 41.290171, 2.1037197 41.2901451, 2.103807 41.2901365, 2.1039013 41.2901495, 2.1040307 41.2901899, 2.1041849 41.2902674, 2.1042923 41.2903426, 2.1044248 41.2904531, 2.1045512 41.2905884, 2.1046034 41.2906667, 2.1046652 41.2907984, 2.1047014 41.2909025, 2.1047325 41.2910279, 2.1047392 41.2911592, 2.1047215 41.2913105, 2.1046382 41.2915674, 2.1044697 41.2918801, 2.1046565 41.2919438, 2.1048487 41.2915783, 2.1049117 41.2914016, 2.1049474 41.2912345, 2.1049392 41.2910796, 2.1048991 41.2909533, 2.1052294 41.2909825, 2.1052447 41.2909839, 2.1052552 41.2910125, 2.1052641 41.2911268, 2.1053126 41.2911745, 2.1060371 41.2914084, 2.1064581 41.2915521, 2.1072915 41.2920445, 2.1073195 41.2920756, 2.1073125 41.2921183, 2.1071212 41.2924051, 2.1069967 41.2926607, 2.1068612 41.2929039, 2.1065871 41.2933922, 2.1057607 41.2945633, 2.1048875 41.2942743, 2.1048264 41.2942891, 2.104723 41.2944491, 2.1046087 41.294485, 2.1041571 41.2942384, 2.1034969 41.2940384, 2.1033855 41.2939986, 2.103876 41.2931673, 2.1037554 41.2931258, 2.1028527 41.294641, 2.102784 41.2947051, 2.1027255 41.2947738, 2.1026127 41.294956, 2.1019947 41.2959812, 2.1015262 41.2967648, 2.1006818 41.2981568, 2.1006678 41.2981982, 2.1006618 41.2982406, 2.1006842 41.2983036, 2.1007166 41.2983692, 2.1007684 41.2984177, 2.1008452 41.2984596, 2.1025407 41.2990343, 2.1026862 41.2990885, 2.103008 41.2993153, 2.1035023 41.2998456, 2.1039722 41.3003759, 2.1047998 41.3014101, 2.1058952 41.3028145, 2.1060199 41.3030955, 2.1065045 41.3036467, 2.1071996 41.3044362, 2.1078095 41.3051075, 2.1086445 41.3060389, 2.1089879 41.3064329, 2.109629 41.307171, 2.1096965 41.307315, 2.109721 41.3074325, 2.1097171 41.3075959, 2.1097136 41.3076654, 2.1096654 41.3077845, 2.1096131 41.3078555, 2.1094958 41.308012, 2.1090896 41.3085539, 2.1090028 41.3086004, 2.1089388 41.3086374, 2.1088197 41.3086806, 2.1072173 41.3091989, 2.1071081 41.3092419, 2.1070167 41.3092963, 2.1069306 41.3093864, 2.1064671 41.3101143, 2.1063146 41.3103945, 2.1062993 41.3104676, 2.1062852 41.3105697, 2.1062816 41.3107012, 2.1062693 41.3108876, 2.1062339 41.3110347, 2.1061739 41.3111765, 2.1054177 41.3123811, 2.1051687 41.3127757, 2.104694 41.3135601, 2.0999615 41.3119445, 2.1000118 41.3118613, 2.1000324 41.3118273, 2.1004361 41.31116, 2.1004283 41.3111141, 2.1000318 41.310997, 2.0995777 41.3108628, 2.0991969 41.310812, 2.098809 41.310804, 2.0983037 41.3108468, 2.0980403 41.3108762, 2.0978126 41.3109564, 2.0976239 41.3110446, 2.0974496 41.3111809, 2.0973889 41.3112557, 2.0973108 41.311352, 2.0972338 41.3114233, 2.0971435 41.311507, 2.0969335 41.3116327, 2.0962878 41.3118043, 2.0950723 41.3121272, 2.0948694 41.3121352, 2.0946488 41.3121031, 2.094389 41.3119989, 2.0941933 41.3118011, 2.0941604 41.3117332, 2.0939034 41.3112022, 2.0936558 41.3106905, 2.0934731 41.3109949, 2.0918969 41.3104569, 2.0917009 41.3103303, 2.0905981 41.3099666, 2.0904509 41.309914, 2.0907019 41.3095034, 2.0901689 41.309317, 2.0903439 41.3090039, 2.0874451 41.3080219, 2.0873562 41.3079658, 2.0872819 41.3078871, 2.0872615 41.3077864, 2.0872788 41.3076901, 2.0875927 41.3071783, 2.0830413 41.3056247, 2.0829902 41.3055938, 2.083127 41.3053537, 2.0835486 41.3046315, 2.0722489 41.3006917, 2.0712027 41.3012626, 2.0711378 41.3012358, 2.0709678 41.301355, 2.0701231 41.3010713, 2.0698826 41.3010394, 2.0696565 41.3010419, 2.069413 41.30111, 2.0692546 41.3011854, 2.0691226 41.3012814, 2.068998 41.3013925, 2.0686842 41.3012826, 2.0690839 41.30063, 2.0689839 41.3005949, 2.069047 41.3004853, 2.0690088 41.3004645, 2.0690633 41.3003857, 2.0645607 41.2988319, 2.0599685 41.2972504, 2.0599389 41.2972985, 2.0599896 41.2973227, 2.0596179 41.2979278, 2.0571297 41.297094, 2.0562247 41.2967939, 2.0562495 41.2967457, 2.0557112 41.2965705, 2.0556573 41.2964957, 2.0559457 41.2959957, 2.0560786 41.29599, 2.0561241 41.2959181, 2.056204 41.2959079, 2.0564333 41.295528, 2.055826 41.2953218, 2.0559295 41.2951645, 2.0559947 41.2951888, 2.0562492 41.2947404, 2.0562514 41.2946637, 2.0562903 41.2945599, 2.0563955 41.2944967, 2.0565105 41.2944545, 2.0570779 41.2936476, 2.0572607 41.293323, 2.0573837 41.2930054, 2.0577561 41.2929318, 2.057689 41.2927995, 2.0573934 41.2928632, 2.0573572 41.2927928, 2.0574451 41.2926672, 2.0576929 41.2925804, 2.0580302 41.2923685, 2.0586755 41.2919591, 2.0595423 41.2915481, 2.0610718 41.2907889, 2.0631774 41.2897109, 2.0635655 41.2896194, 2.0637417 41.2896538, 2.0648827 41.2893392, 2.0650482 41.2892735, 2.065225 41.2891645, 2.0653121 41.2890284, 2.0653925 41.2889095, 2.0655699 41.288767, 2.0657315 41.2886851, 2.0659726 41.2886239, 2.066286 41.2885851, 2.0664856 41.2886062, 2.0667483 41.2886766, 2.0669668 41.2887429, 2.0689953 41.2894452, 2.0691536 41.2895036, 2.0692284 41.2895009, 2.069296 41.2894715, 2.069611 41.2895803, 2.0695851 41.2896231, 2.07435 41.2912511, 2.074462 41.2910661, 2.0745021 41.2910798, 2.0750295 41.2902082, 2.0750897 41.2901025, 2.0754669 41.2898485, 2.0763104 41.2898351, 2.0766242 41.2899744, 2.0768206 41.2896367, 2.0766805 41.2895861, 2.0766068 41.2895558, 2.0765442 41.2895261, 2.0764848 41.2894932, 2.0764241 41.2894567, 2.0763775 41.2894259, 2.0763331 41.2893922, 2.0762852 41.2893513, 2.0762428 41.2893137, 2.0762016 41.2892721, 2.0761615 41.2892255, 2.0761192 41.2891691, 2.0760899 41.2891206, 2.0760699 41.2890825, 2.0760504 41.2890376, 2.0760305 41.2889821, 2.0760143 41.2889275, 2.0759993 41.288867, 2.0759907 41.2888051, 2.0759883 41.2887416, 2.0759879 41.288684, 2.0759935 41.2886308, 2.0760021 41.288601, 2.0761474 41.288361, 2.0761965 41.2882799, 2.0765053 41.2877696, 2.0765544 41.2876884, 2.0765823 41.2876422, 2.0765357 41.2876263, 2.0765927 41.2875321, 2.0766418 41.287451, 2.0766524 41.2874334, 2.0764196 41.2873539, 2.0763151 41.2873182, 2.0759326 41.2871875, 2.0758721 41.2871668, 2.0741681 41.2865846, 2.0741077 41.2865639, 2.0725517 41.2860323, 2.0724913 41.2860116, 2.071975 41.2858352, 2.0719114 41.2858, 2.0718533 41.2857374, 2.0718306 41.2856748, 2.0718432 41.2855933, 2.0719038 41.2854871, 2.0718458 41.2854644, 2.0719316 41.2853297, 2.0720603 41.2851212, 2.072088 41.2851155, 2.0721006 41.2850946, 2.072088 41.2850776, 2.0720603 41.28507, 2.0720325 41.2850795, 2.0714244 41.2848633, 2.0714799 41.284778, 2.0715531 41.2847495, 2.0717045 41.2847362, 2.0718018 41.2847295, 2.0714653 41.2840754, 2.0713745 41.2839949, 2.0712333 41.2839498, 2.0711071 41.2839031, 2.0709619 41.2838388, 2.0708852 41.2837388, 2.0708905 41.2836219, 2.0709242 41.2835009, 2.0709909 41.2832469, 2.0710445 41.282984, 2.0710663 41.2827151, 2.0710938 41.2822329, 2.0710739 41.2819718, 2.071062 41.2817792, 2.0711142 41.2816178, 2.0712106 41.2814431, 2.0714645 41.2811175, 2.0715911 41.2809654, 2.0717711 41.2807777, 2.0723496 41.2804285, 2.0727644 41.2802028, 2.0729152 41.2801603, 2.0731687 41.2801518))",Number of parked airplanes, Time series of airport throughput at Aeroport Barcelona - el Prat Josep Tarradellas,BLUE,Aerospacelab SPRL,ES11,Archived
"41.296657915514594,2.0857359721622024",ES,,Barcelona,Aeroport Barcelona - el Prat Josep Tarradellas,Airports: Throughput (archived),Count of airplanes on Sentinel-2 image,Sentinel-2,Sentinel 2 L2A,E13b2,2019-09-30T10:40:21,97.57174393,Average value for 2019,2019,100,"X in [92.2417682563413, 107.75823174365871] --> Normal, X < 92.2417682563413 --> Low, X > 107.75823174365871 --> High",Normal,"POLYGON ((2.0731687 41.2801518, 2.0733601 41.2801633, 2.0735425 41.2801934, 2.0739213 41.2803274, 2.0742458 41.28045, 2.0742648 41.2804294, 2.0754768 41.2808281, 2.0758252 41.2809479, 2.0760077 41.2810213, 2.0770616 41.2814801, 2.0774704 41.2816566, 2.0776352 41.281699, 2.078649 41.2819207, 2.0801748 41.2822574, 2.0805205 41.2823552, 2.0808474 41.2824731, 2.084486 41.283721, 2.0890595 41.2852892, 2.0891286 41.2853317, 2.0897135 41.2858352, 2.0898009 41.285875, 2.0916661 41.2865173, 2.0933342 41.2870851, 2.0977675 41.2885929, 2.0979375 41.2886382, 2.0981057 41.2886533, 2.0982842 41.2886338, 2.0984663 41.288639, 2.0997053 41.2890569, 2.1011755 41.2895586, 2.1030503 41.2902016, 2.1031715 41.290232, 2.1032599 41.2902408, 2.1033449 41.2902375, 2.1034327 41.2902249, 2.1035151 41.2902056, 2.1036174 41.290171, 2.1037197 41.2901451, 2.103807 41.2901365, 2.1039013 41.2901495, 2.1040307 41.2901899, 2.1041849 41.2902674, 2.1042923 41.2903426, 2.1044248 41.2904531, 2.1045512 41.2905884, 2.1046034 41.2906667, 2.1046652 41.2907984, 2.1047014 41.2909025, 2.1047325 41.2910279, 2.1047392 41.2911592, 2.1047215 41.2913105, 2.1046382 41.2915674, 2.1044697 41.2918801, 2.1046565 41.2919438, 2.1048487 41.2915783, 2.1049117 41.2914016, 2.1049474 41.2912345, 2.1049392 41.2910796, 2.1048991 41.2909533, 2.1052294 41.2909825, 2.1052447 41.2909839, 2.1052552 41.2910125, 2.1052641 41.2911268, 2.1053126 41.2911745, 2.1060371 41.2914084, 2.1064581 41.2915521, 2.1072915 41.2920445, 2.1073195 41.2920756, 2.1073125 41.2921183, 2.1071212 41.2924051, 2.1069967 41.2926607, 2.1068612 41.2929039, 2.1065871 41.2933922, 2.1057607 41.2945633, 2.1048875 41.2942743, 2.1048264 41.2942891, 2.104723 41.2944491, 2.1046087 41.294485, 2.1041571 41.2942384, 2.1034969 41.2940384, 2.1033855 41.2939986, 2.103876 41.2931673, 2.1037554 41.2931258, 2.1028527 41.294641, 2.102784 41.2947051, 2.1027255 41.2947738, 2.1026127 41.294956, 2.1019947 41.2959812, 2.1015262 41.2967648, 2.1006818 41.2981568, 2.1006678 41.2981982, 2.1006618 41.2982406, 2.1006842 41.2983036, 2.1007166 41.2983692, 2.1007684 41.2984177, 2.1008452 41.2984596, 2.1025407 41.2990343, 2.1026862 41.2990885, 2.103008 41.2993153, 2.1035023 41.2998456, 2.1039722 41.3003759, 2.1047998 41.3014101, 2.1058952 41.3028145, 2.1060199 41.3030955, 2.1065045 41.3036467, 2.1071996 41.3044362, 2.1078095 41.3051075, 2.1086445 41.3060389, 2.1089879 41.3064329, 2.109629 41.307171, 2.1096965 41.307315, 2.109721 41.3074325, 2.1097171 41.3075959, 2.1097136 41.3076654, 2.1096654 41.3077845, 2.1096131 41.3078555, 2.1094958 41.308012, 2.1090896 41.3085539, 2.1090028 41.3086004, 2.1089388 41.3086374, 2.1088197 41.3086806, 2.1072173 41.3091989, 2.1071081 41.3092419, 2.1070167 41.3092963, 2.1069306 41.3093864, 2.1064671 41.3101143, 2.1063146 41.3103945, 2.1062993 41.3104676, 2.1062852 41.3105697, 2.1062816 41.3107012, 2.1062693 41.3108876, 2.1062339 41.3110347, 2.1061739 41.3111765, 2.1054177 41.3123811, 2.1051687 41.3127757, 2.104694 41.3135601, 2.0999615 41.3119445, 2.1000118 41.3118613, 2.1000324 41.3118273, 2.1004361 41.31116, 2.1004283 41.3111141, 2.1000318 41.310997, 2.0995777 41.3108628, 2.0991969 41.310812, 2.098809 41.310804, 2.0983037 41.3108468, 2.0980403 41.3108762, 2.0978126 41.3109564, 2.0976239 41.3110446, 2.0974496 41.3111809, 2.0973889 41.3112557, 2.0973108 41.311352, 2.0972338 41.3114233, 2.0971435 41.311507, 2.0969335 41.3116327, 2.0962878 41.3118043, 2.0950723 41.3121272, 2.0948694 41.3121352, 2.0946488 41.3121031, 2.094389 41.3119989, 2.0941933 41.3118011, 2.0941604 41.3117332, 2.0939034 41.3112022, 2.0936558 41.3106905, 2.0934731 41.3109949, 2.0918969 41.3104569, 2.0917009 41.3103303, 2.0905981 41.3099666, 2.0904509 41.309914, 2.0907019 41.3095034, 2.0901689 41.309317, 2.0903439 41.3090039, 2.0874451 41.3080219, 2.0873562 41.3079658, 2.0872819 41.3078871, 2.0872615 41.3077864, 2.0872788 41.3076901, 2.0875927 41.3071783, 2.0830413 41.3056247, 2.0829902 41.3055938, 2.083127 41.3053537, 2.0835486 41.3046315, 2.0722489 41.3006917, 2.0712027 41.3012626, 2.0711378 41.3012358, 2.0709678 41.301355, 2.0701231 41.3010713, 2.0698826 41.3010394, 2.0696565 41.3010419, 2.069413 41.30111, 2.0692546 41.3011854, 2.0691226 41.3012814, 2.068998 41.3013925, 2.0686842 41.3012826, 2.0690839 41.30063, 2.0689839 41.3005949, 2.069047 41.3004853, 2.0690088 41.3004645, 2.0690633 41.3003857, 2.0645607 41.2988319, 2.0599685 41.2972504, 2.0599389 41.2972985, 2.0599896 41.2973227, 2.0596179 41.2979278, 2.0571297 41.297094, 2.0562247 41.2967939, 2.0562495 41.2967457, 2.0557112 41.2965705, 2.0556573 41.2964957, 2.0559457 41.2959957, 2.0560786 41.29599, 2.0561241 41.2959181, 2.056204 41.2959079, 2.0564333 41.295528, 2.055826 41.2953218, 2.0559295 41.2951645, 2.0559947 41.2951888, 2.0562492 41.2947404, 2.0562514 41.2946637, 2.0562903 41.2945599, 2.0563955 41.2944967, 2.0565105 41.2944545, 2.0570779 41.2936476, 2.0572607 41.293323, 2.0573837 41.2930054, 2.0577561 41.2929318, 2.057689 41.2927995, 2.0573934 41.2928632, 2.0573572 41.2927928, 2.0574451 41.2926672, 2.0576929 41.2925804, 2.0580302 41.2923685, 2.0586755 41.2919591, 2.0595423 41.2915481, 2.0610718 41.2907889, 2.0631774 41.2897109, 2.0635655 41.2896194, 2.0637417 41.2896538, 2.0648827 41.2893392, 2.0650482 41.2892735, 2.065225 41.2891645, 2.0653121 41.2890284, 2.0653925 41.2889095, 2.0655699 41.288767, 2.0657315 41.2886851, 2.0659726 41.2886239, 2.066286 41.2885851, 2.0664856 41.2886062, 2.0667483 41.2886766, 2.0669668 41.2887429, 2.0689953 41.2894452, 2.0691536 41.2895036, 2.0692284 41.2895009, 2.069296 41.2894715, 2.069611 41.2895803, 2.0695851 41.2896231, 2.07435 41.2912511, 2.074462 41.2910661, 2.0745021 41.2910798, 2.0750295 41.2902082, 2.0750897 41.2901025, 2.0754669 41.2898485, 2.0763104 41.2898351, 2.0766242 41.2899744, 2.0768206 41.2896367, 2.0766805 41.2895861, 2.0766068 41.2895558, 2.0765442 41.2895261, 2.0764848 41.2894932, 2.0764241 41.2894567, 2.0763775 41.2894259, 2.0763331 41.2893922, 2.0762852 41.2893513, 2.0762428 41.2893137, 2.0762016 41.2892721, 2.0761615 41.2892255, 2.0761192 41.2891691, 2.0760899 41.2891206, 2.0760699 41.2890825, 2.0760504 41.2890376, 2.0760305 41.2889821, 2.0760143 41.2889275, 2.0759993 41.288867, 2.0759907 41.2888051, 2.0759883 41.2887416, 2.0759879 41.288684, 2.0759935 41.2886308, 2.0760021 41.288601, 2.0761474 41.288361, 2.0761965 41.2882799, 2.0765053 41.2877696, 2.0765544 41.2876884, 2.0765823 41.2876422, 2.0765357 41.2876263, 2.0765927 41.2875321, 2.0766418 41.287451, 2.0766524 41.2874334, 2.0764196 41.2873539, 2.0763151 41.2873182, 2.0759326 41.2871875, 2.0758721 41.2871668, 2.0741681 41.2865846, 2.0741077 41.2865639, 2.0725517 41.2860323, 2.0724913 41.2860116, 2.071975 41.2858352, 2.0719114 41.2858, 2.0718533 41.2857374, 2.0718306 41.2856748, 2.0718432 41.2855933, 2.0719038 41.2854871, 2.0718458 41.2854644, 2.0719316 41.2853297, 2.0720603 41.2851212, 2.072088 41.2851155, 2.0721006 41.2850946, 2.072088 41.2850776, 2.0720603 41.28507, 2.0720325 41.2850795, 2.0714244 41.2848633, 2.0714799 41.284778, 2.0715531 41.2847495, 2.0717045 41.2847362, 2.0718018 41.2847295, 2.0714653 41.2840754, 2.0713745 41.2839949, 2.0712333 41.2839498, 2.0711071 41.2839031, 2.0709619 41.2838388, 2.0708852 41.2837388, 2.0708905 41.2836219, 2.0709242 41.2835009, 2.0709909 41.2832469, 2.0710445 41.282984, 2.0710663 41.2827151, 2.0710938 41.2822329, 2.0710739 41.2819718, 2.071062 41.2817792, 2.0711142 41.2816178, 2.0712106 41.2814431, 2.0714645 41.2811175, 2.0715911 41.2809654, 2.0717711 41.2807777, 2.0723496 41.2804285, 2.0727644 41.2802028, 2.0729152 41.2801603, 2.0731687 41.2801518))",Number of parked airplanes, Time series of airport throughput at Aeroport Barcelona - el Prat Josep Tarradellas,BLUE,Aerospacelab SPRL,ES11,Archived
"41.296657915514594,2.0857359721622024",ES,,Barcelona,Aeroport Barcelona - el Prat Josep Tarradellas,Airports: Throughput (archived),Count of airplanes on Sentinel-2 image,Sentinel-2,Sentinel 2 L2A,E13b2,2019-10-15T10:40:29,93.81898455,Average value for 2019,2019,100,"X in [92.2417682563413, 107.75823174365871] --> Normal, X < 92.2417682563413 --> Low, X > 107.75823174365871 --> High",Normal,"POLYGON ((2.0731687 41.2801518, 2.0733601 41.2801633, 2.0735425 41.2801934, 2.0739213 41.2803274, 2.0742458 41.28045, 2.0742648 41.2804294, 2.0754768 41.2808281, 2.0758252 41.2809479, 2.0760077 41.2810213, 2.0770616 41.2814801, 2.0774704 41.2816566, 2.0776352 41.281699, 2.078649 41.2819207, 2.0801748 41.2822574, 2.0805205 41.2823552, 2.0808474 41.2824731, 2.084486 41.283721, 2.0890595 41.2852892, 2.0891286 41.2853317, 2.0897135 41.2858352, 2.0898009 41.285875, 2.0916661 41.2865173, 2.0933342 41.2870851, 2.0977675 41.2885929, 2.0979375 41.2886382, 2.0981057 41.2886533, 2.0982842 41.2886338, 2.0984663 41.288639, 2.0997053 41.2890569, 2.1011755 41.2895586, 2.1030503 41.2902016, 2.1031715 41.290232, 2.1032599 41.2902408, 2.1033449 41.2902375, 2.1034327 41.2902249, 2.1035151 41.2902056, 2.1036174 41.290171, 2.1037197 41.2901451, 2.103807 41.2901365, 2.1039013 41.2901495, 2.1040307 41.2901899, 2.1041849 41.2902674, 2.1042923 41.2903426, 2.1044248 41.2904531, 2.1045512 41.2905884, 2.1046034 41.2906667, 2.1046652 41.2907984, 2.1047014 41.2909025, 2.1047325 41.2910279, 2.1047392 41.2911592, 2.1047215 41.2913105, 2.1046382 41.2915674, 2.1044697 41.2918801, 2.1046565 41.2919438, 2.1048487 41.2915783, 2.1049117 41.2914016, 2.1049474 41.2912345, 2.1049392 41.2910796, 2.1048991 41.2909533, 2.1052294 41.2909825, 2.1052447 41.2909839, 2.1052552 41.2910125, 2.1052641 41.2911268, 2.1053126 41.2911745, 2.1060371 41.2914084, 2.1064581 41.2915521, 2.1072915 41.2920445, 2.1073195 41.2920756, 2.1073125 41.2921183, 2.1071212 41.2924051, 2.1069967 41.2926607, 2.1068612 41.2929039, 2.1065871 41.2933922, 2.1057607 41.2945633, 2.1048875 41.2942743, 2.1048264 41.2942891, 2.104723 41.2944491, 2.1046087 41.294485, 2.1041571 41.2942384, 2.1034969 41.2940384, 2.1033855 41.2939986, 2.103876 41.2931673, 2.1037554 41.2931258, 2.1028527 41.294641, 2.102784 41.2947051, 2.1027255 41.2947738, 2.1026127 41.294956, 2.1019947 41.2959812, 2.1015262 41.2967648, 2.1006818 41.2981568, 2.1006678 41.2981982, 2.1006618 41.2982406, 2.1006842 41.2983036, 2.1007166 41.2983692, 2.1007684 41.2984177, 2.1008452 41.2984596, 2.1025407 41.2990343, 2.1026862 41.2990885, 2.103008 41.2993153, 2.1035023 41.2998456, 2.1039722 41.3003759, 2.1047998 41.3014101, 2.1058952 41.3028145, 2.1060199 41.3030955, 2.1065045 41.3036467, 2.1071996 41.3044362, 2.1078095 41.3051075, 2.1086445 41.3060389, 2.1089879 41.3064329, 2.109629 41.307171, 2.1096965 41.307315, 2.109721 41.3074325, 2.1097171 41.3075959, 2.1097136 41.3076654, 2.1096654 41.3077845, 2.1096131 41.3078555, 2.1094958 41.308012, 2.1090896 41.3085539, 2.1090028 41.3086004, 2.1089388 41.3086374, 2.1088197 41.3086806, 2.1072173 41.3091989, 2.1071081 41.3092419, 2.1070167 41.3092963, 2.1069306 41.3093864, 2.1064671 41.3101143, 2.1063146 41.3103945, 2.1062993 41.3104676, 2.1062852 41.3105697, 2.1062816 41.3107012, 2.1062693 41.3108876, 2.1062339 41.3110347, 2.1061739 41.3111765, 2.1054177 41.3123811, 2.1051687 41.3127757, 2.104694 41.3135601, 2.0999615 41.3119445, 2.1000118 41.3118613, 2.1000324 41.3118273, 2.1004361 41.31116, 2.1004283 41.3111141, 2.1000318 41.310997, 2.0995777 41.3108628, 2.0991969 41.310812, 2.098809 41.310804, 2.0983037 41.3108468, 2.0980403 41.3108762, 2.0978126 41.3109564, 2.0976239 41.3110446, 2.0974496 41.3111809, 2.0973889 41.3112557, 2.0973108 41.311352, 2.0972338 41.3114233, 2.0971435 41.311507, 2.0969335 41.3116327, 2.0962878 41.3118043, 2.0950723 41.3121272, 2.0948694 41.3121352, 2.0946488 41.3121031, 2.094389 41.3119989, 2.0941933 41.3118011, 2.0941604 41.3117332, 2.0939034 41.3112022, 2.0936558 41.3106905, 2.0934731 41.3109949, 2.0918969 41.3104569, 2.0917009 41.3103303, 2.0905981 41.3099666, 2.0904509 41.309914, 2.0907019 41.3095034, 2.0901689 41.309317, 2.0903439 41.3090039, 2.0874451 41.3080219, 2.0873562 41.3079658, 2.0872819 41.3078871, 2.0872615 41.3077864, 2.0872788 41.3076901, 2.0875927 41.3071783, 2.0830413 41.3056247, 2.0829902 41.3055938, 2.083127 41.3053537, 2.0835486 41.3046315, 2.0722489 41.3006917, 2.0712027 41.3012626, 2.0711378 41.3012358, 2.0709678 41.301355, 2.0701231 41.3010713, 2.0698826 41.3010394, 2.0696565 41.3010419, 2.069413 41.30111, 2.0692546 41.3011854, 2.0691226 41.3012814, 2.068998 41.3013925, 2.0686842 41.3012826, 2.0690839 41.30063, 2.0689839 41.3005949, 2.069047 41.3004853, 2.0690088 41.3004645, 2.0690633 41.3003857, 2.0645607 41.2988319, 2.0599685 41.2972504, 2.0599389 41.2972985, 2.0599896 41.2973227, 2.0596179 41.2979278, 2.0571297 41.297094, 2.0562247 41.2967939, 2.0562495 41.2967457, 2.0557112 41.2965705, 2.0556573 41.2964957, 2.0559457 41.2959957, 2.0560786 41.29599, 2.0561241 41.2959181, 2.056204 41.2959079, 2.0564333 41.295528, 2.055826 41.2953218, 2.0559295 41.2951645, 2.0559947 41.2951888, 2.0562492 41.2947404, 2.0562514 41.2946637, 2.0562903 41.2945599, 2.0563955 41.2944967, 2.0565105 41.2944545, 2.0570779 41.2936476, 2.0572607 41.293323, 2.0573837 41.2930054, 2.0577561 41.2929318, 2.057689 41.2927995, 2.0573934 41.2928632, 2.0573572 41.2927928, 2.0574451 41.2926672, 2.0576929 41.2925804, 2.0580302 41.2923685, 2.0586755 41.2919591, 2.0595423 41.2915481, 2.0610718 41.2907889, 2.0631774 41.2897109, 2.0635655 41.2896194, 2.0637417 41.2896538, 2.0648827 41.2893392, 2.0650482 41.2892735, 2.065225 41.2891645, 2.0653121 41.2890284, 2.0653925 41.2889095, 2.0655699 41.288767, 2.0657315 41.2886851, 2.0659726 41.2886239, 2.066286 41.2885851, 2.0664856 41.2886062, 2.0667483 41.2886766, 2.0669668 41.2887429, 2.0689953 41.2894452, 2.0691536 41.2895036, 2.0692284 41.2895009, 2.069296 41.2894715, 2.069611 41.2895803, 2.0695851 41.2896231, 2.07435 41.2912511, 2.074462 41.2910661, 2.0745021 41.2910798, 2.0750295 41.2902082, 2.0750897 41.2901025, 2.0754669 41.2898485, 2.0763104 41.2898351, 2.0766242 41.2899744, 2.0768206 41.2896367, 2.0766805 41.2895861, 2.0766068 41.2895558, 2.0765442 41.2895261, 2.0764848 41.2894932, 2.0764241 41.2894567, 2.0763775 41.2894259, 2.0763331 41.2893922, 2.0762852 41.2893513, 2.0762428 41.2893137, 2.0762016 41.2892721, 2.0761615 41.2892255, 2.0761192 41.2891691, 2.0760899 41.2891206, 2.0760699 41.2890825, 2.0760504 41.2890376, 2.0760305 41.2889821, 2.0760143 41.2889275, 2.0759993 41.288867, 2.0759907 41.2888051, 2.0759883 41.2887416, 2.0759879 41.288684, 2.0759935 41.2886308, 2.0760021 41.288601, 2.0761474 41.288361, 2.0761965 41.2882799, 2.0765053 41.2877696, 2.0765544 41.2876884, 2.0765823 41.2876422, 2.0765357 41.2876263, 2.0765927 41.2875321, 2.0766418 41.287451, 2.0766524 41.2874334, 2.0764196 41.2873539, 2.0763151 41.2873182, 2.0759326 41.2871875, 2.0758721 41.2871668, 2.0741681 41.2865846, 2.0741077 41.2865639, 2.0725517 41.2860323, 2.0724913 41.2860116, 2.071975 41.2858352, 2.0719114 41.2858, 2.0718533 41.2857374, 2.0718306 41.2856748, 2.0718432 41.2855933, 2.0719038 41.2854871, 2.0718458 41.2854644, 2.0719316 41.2853297, 2.0720603 41.2851212, 2.072088 41.2851155, 2.0721006 41.2850946, 2.072088 41.2850776, 2.0720603 41.28507, 2.0720325 41.2850795, 2.0714244 41.2848633, 2.0714799 41.284778, 2.0715531 41.2847495, 2.0717045 41.2847362, 2.0718018 41.2847295, 2.0714653 41.2840754, 2.0713745 41.2839949, 2.0712333 41.2839498, 2.0711071 41.2839031, 2.0709619 41.2838388, 2.0708852 41.2837388, 2.0708905 41.2836219, 2.0709242 41.2835009, 2.0709909 41.2832469, 2.0710445 41.282984, 2.0710663 41.2827151, 2.0710938 41.2822329, 2.0710739 41.2819718, 2.071062 41.2817792, 2.0711142 41.2816178, 2.0712106 41.2814431, 2.0714645 41.2811175, 2.0715911 41.2809654, 2.0717711 41.2807777, 2.0723496 41.2804285, 2.0727644 41.2802028, 2.0729152 41.2801603, 2.0731687 41.2801518))",Number of parked airplanes, Time series of airport throughput at Aeroport Barcelona - el Prat Josep Tarradellas,BLUE,Aerospacelab SPRL,ES11,Archived
"41.296657915514594,2.0857359721622024",ES,,Barcelona,Aeroport Barcelona - el Prat Josep Tarradellas,Airports: Throughput (archived),Count of airplanes on Sentinel-2 image,Sentinel-2,Sentinel 2 L2A,E13b2,2019-10-25T10:40:29,103.200883,Average value for 2019,2019,100,"X in [92.2417682563413, 107.75823174365871] --> Normal, X < 92.2417682563413 --> Low, X > 107.75823174365871 --> High",Normal,"POLYGON ((2.0731687 41.2801518, 2.0733601 41.2801633, 2.0735425 41.2801934, 2.0739213 41.2803274, 2.0742458 41.28045, 2.0742648 41.2804294, 2.0754768 41.2808281, 2.0758252 41.2809479, 2.0760077 41.2810213, 2.0770616 41.2814801, 2.0774704 41.2816566, 2.0776352 41.281699, 2.078649 41.2819207, 2.0801748 41.2822574, 2.0805205 41.2823552, 2.0808474 41.2824731, 2.084486 41.283721, 2.0890595 41.2852892, 2.0891286 41.2853317, 2.0897135 41.2858352, 2.0898009 41.285875, 2.0916661 41.2865173, 2.0933342 41.2870851, 2.0977675 41.2885929, 2.0979375 41.2886382, 2.0981057 41.2886533, 2.0982842 41.2886338, 2.0984663 41.288639, 2.0997053 41.2890569, 2.1011755 41.2895586, 2.1030503 41.2902016, 2.1031715 41.290232, 2.1032599 41.2902408, 2.1033449 41.2902375, 2.1034327 41.2902249, 2.1035151 41.2902056, 2.1036174 41.290171, 2.1037197 41.2901451, 2.103807 41.2901365, 2.1039013 41.2901495, 2.1040307 41.2901899, 2.1041849 41.2902674, 2.1042923 41.2903426, 2.1044248 41.2904531, 2.1045512 41.2905884, 2.1046034 41.2906667, 2.1046652 41.2907984, 2.1047014 41.2909025, 2.1047325 41.2910279, 2.1047392 41.2911592, 2.1047215 41.2913105, 2.1046382 41.2915674, 2.1044697 41.2918801, 2.1046565 41.2919438, 2.1048487 41.2915783, 2.1049117 41.2914016, 2.1049474 41.2912345, 2.1049392 41.2910796, 2.1048991 41.2909533, 2.1052294 41.2909825, 2.1052447 41.2909839, 2.1052552 41.2910125, 2.1052641 41.2911268, 2.1053126 41.2911745, 2.1060371 41.2914084, 2.1064581 41.2915521, 2.1072915 41.2920445, 2.1073195 41.2920756, 2.1073125 41.2921183, 2.1071212 41.2924051, 2.1069967 41.2926607, 2.1068612 41.2929039, 2.1065871 41.2933922, 2.1057607 41.2945633, 2.1048875 41.2942743, 2.1048264 41.2942891, 2.104723 41.2944491, 2.1046087 41.294485, 2.1041571 41.2942384, 2.1034969 41.2940384, 2.1033855 41.2939986, 2.103876 41.2931673, 2.1037554 41.2931258, 2.1028527 41.294641, 2.102784 41.2947051, 2.1027255 41.2947738, 2.1026127 41.294956, 2.1019947 41.2959812, 2.1015262 41.2967648, 2.1006818 41.2981568, 2.1006678 41.2981982, 2.1006618 41.2982406, 2.1006842 41.2983036, 2.1007166 41.2983692, 2.1007684 41.2984177, 2.1008452 41.2984596, 2.1025407 41.2990343, 2.1026862 41.2990885, 2.103008 41.2993153, 2.1035023 41.2998456, 2.1039722 41.3003759, 2.1047998 41.3014101, 2.1058952 41.3028145, 2.1060199 41.3030955, 2.1065045 41.3036467, 2.1071996 41.3044362, 2.1078095 41.3051075, 2.1086445 41.3060389, 2.1089879 41.3064329, 2.109629 41.307171, 2.1096965 41.307315, 2.109721 41.3074325, 2.1097171 41.3075959, 2.1097136 41.3076654, 2.1096654 41.3077845, 2.1096131 41.3078555, 2.1094958 41.308012, 2.1090896 41.3085539, 2.1090028 41.3086004, 2.1089388 41.3086374, 2.1088197 41.3086806, 2.1072173 41.3091989, 2.1071081 41.3092419, 2.1070167 41.3092963, 2.1069306 41.3093864, 2.1064671 41.3101143, 2.1063146 41.3103945, 2.1062993 41.3104676, 2.1062852 41.3105697, 2.1062816 41.3107012, 2.1062693 41.3108876, 2.1062339 41.3110347, 2.1061739 41.3111765, 2.1054177 41.3123811, 2.1051687 41.3127757, 2.104694 41.3135601, 2.0999615 41.3119445, 2.1000118 41.3118613, 2.1000324 41.3118273, 2.1004361 41.31116, 2.1004283 41.3111141, 2.1000318 41.310997, 2.0995777 41.3108628, 2.0991969 41.310812, 2.098809 41.310804, 2.0983037 41.3108468, 2.0980403 41.3108762, 2.0978126 41.3109564, 2.0976239 41.3110446, 2.0974496 41.3111809, 2.0973889 41.3112557, 2.0973108 41.311352, 2.0972338 41.3114233, 2.0971435 41.311507, 2.0969335 41.3116327, 2.0962878 41.3118043, 2.0950723 41.3121272, 2.0948694 41.3121352, 2.0946488 41.3121031, 2.094389 41.3119989, 2.0941933 41.3118011, 2.0941604 41.3117332, 2.0939034 41.3112022, 2.0936558 41.3106905, 2.0934731 41.3109949, 2.0918969 41.3104569, 2.0917009 41.3103303, 2.0905981 41.3099666, 2.0904509 41.309914, 2.0907019 41.3095034, 2.0901689 41.309317, 2.0903439 41.3090039, 2.0874451 41.3080219, 2.0873562 41.3079658, 2.0872819 41.3078871, 2.0872615 41.3077864, 2.0872788 41.3076901, 2.0875927 41.3071783, 2.0830413 41.3056247, 2.0829902 41.3055938, 2.083127 41.3053537, 2.0835486 41.3046315, 2.0722489 41.3006917, 2.0712027 41.3012626, 2.0711378 41.3012358, 2.0709678 41.301355, 2.0701231 41.3010713, 2.0698826 41.3010394, 2.0696565 41.3010419, 2.069413 41.30111, 2.0692546 41.3011854, 2.0691226 41.3012814, 2.068998 41.3013925, 2.0686842 41.3012826, 2.0690839 41.30063, 2.0689839 41.3005949, 2.069047 41.3004853, 2.0690088 41.3004645, 2.0690633 41.3003857, 2.0645607 41.2988319, 2.0599685 41.2972504, 2.0599389 41.2972985, 2.0599896 41.2973227, 2.0596179 41.2979278, 2.0571297 41.297094, 2.0562247 41.2967939, 2.0562495 41.2967457, 2.0557112 41.2965705, 2.0556573 41.2964957, 2.0559457 41.2959957, 2.0560786 41.29599, 2.0561241 41.2959181, 2.056204 41.2959079, 2.0564333 41.295528, 2.055826 41.2953218, 2.0559295 41.2951645, 2.0559947 41.2951888, 2.0562492 41.2947404, 2.0562514 41.2946637, 2.0562903 41.2945599, 2.0563955 41.2944967, 2.0565105 41.2944545, 2.0570779 41.2936476, 2.0572607 41.293323, 2.0573837 41.2930054, 2.0577561 41.2929318, 2.057689 41.2927995, 2.0573934 41.2928632, 2.0573572 41.2927928, 2.0574451 41.2926672, 2.0576929 41.2925804, 2.0580302 41.2923685, 2.0586755 41.2919591, 2.0595423 41.2915481, 2.0610718 41.2907889, 2.0631774 41.2897109, 2.0635655 41.2896194, 2.0637417 41.2896538, 2.0648827 41.2893392, 2.0650482 41.2892735, 2.065225 41.2891645, 2.0653121 41.2890284, 2.0653925 41.2889095, 2.0655699 41.288767, 2.0657315 41.2886851, 2.0659726 41.2886239, 2.066286 41.2885851, 2.0664856 41.2886062, 2.0667483 41.2886766, 2.0669668 41.2887429, 2.0689953 41.2894452, 2.0691536 41.2895036, 2.0692284 41.2895009, 2.069296 41.2894715, 2.069611 41.2895803, 2.0695851 41.2896231, 2.07435 41.2912511, 2.074462 41.2910661, 2.0745021 41.2910798, 2.0750295 41.2902082, 2.0750897 41.2901025, 2.0754669 41.2898485, 2.0763104 41.2898351, 2.0766242 41.2899744, 2.0768206 41.2896367, 2.0766805 41.2895861, 2.0766068 41.2895558, 2.0765442 41.2895261, 2.0764848 41.2894932, 2.0764241 41.2894567, 2.0763775 41.2894259, 2.0763331 41.2893922, 2.0762852 41.2893513, 2.0762428 41.2893137, 2.0762016 41.2892721, 2.0761615 41.2892255, 2.0761192 41.2891691, 2.0760899 41.2891206, 2.0760699 41.2890825, 2.0760504 41.2890376, 2.0760305 41.2889821, 2.0760143 41.2889275, 2.0759993 41.288867, 2.0759907 41.2888051, 2.0759883 41.2887416, 2.0759879 41.288684, 2.0759935 41.2886308, 2.0760021 41.288601, 2.0761474 41.288361, 2.0761965 41.2882799, 2.0765053 41.2877696, 2.0765544 41.2876884, 2.0765823 41.2876422, 2.0765357 41.2876263, 2.0765927 41.2875321, 2.0766418 41.287451, 2.0766524 41.2874334, 2.0764196 41.2873539, 2.0763151 41.2873182, 2.0759326 41.2871875, 2.0758721 41.2871668, 2.0741681 41.2865846, 2.0741077 41.2865639, 2.0725517 41.2860323, 2.0724913 41.2860116, 2.071975 41.2858352, 2.0719114 41.2858, 2.0718533 41.2857374, 2.0718306 41.2856748, 2.0718432 41.2855933, 2.0719038 41.2854871, 2.0718458 41.2854644, 2.0719316 41.2853297, 2.0720603 41.2851212, 2.072088 41.2851155, 2.0721006 41.2850946, 2.072088 41.2850776, 2.0720603 41.28507, 2.0720325 41.2850795, 2.0714244 41.2848633, 2.0714799 41.284778, 2.0715531 41.2847495, 2.0717045 41.2847362, 2.0718018 41.2847295, 2.0714653 41.2840754, 2.0713745 41.2839949, 2.0712333 41.2839498, 2.0711071 41.2839031, 2.0709619 41.2838388, 2.0708852 41.2837388, 2.0708905 41.2836219, 2.0709242 41.2835009, 2.0709909 41.2832469, 2.0710445 41.282984, 2.0710663 41.2827151, 2.0710938 41.2822329, 2.0710739 41.2819718, 2.071062 41.2817792, 2.0711142 41.2816178, 2.0712106 41.2814431, 2.0714645 41.2811175, 2.0715911 41.2809654, 2.0717711 41.2807777, 2.0723496 41.2804285, 2.0727644 41.2802028, 2.0729152 41.2801603, 2.0731687 41.2801518))",Number of parked airplanes, Time series of airport throughput at Aeroport Barcelona - el Prat Josep Tarradellas,BLUE,Aerospacelab SPRL,ES11,Archived
"41.296657915514594,2.0857359721622024",ES,,Barcelona,Aeroport Barcelona - el Prat Josep Tarradellas,Airports: Throughput (archived),Count of airplanes on Sentinel-2 image,Sentinel-2,Sentinel 2 L2A,E13b2,2019-11-09T10:42:51,99.44812362,Average value for 2019,2019,100,"X in [92.2417682563413, 107.75823174365871] --> Normal, X < 92.2417682563413 --> Low, X > 107.75823174365871 --> High",Normal,"POLYGON ((2.0731687 41.2801518, 2.0733601 41.2801633, 2.0735425 41.2801934, 2.0739213 41.2803274, 2.0742458 41.28045, 2.0742648 41.2804294, 2.0754768 41.2808281, 2.0758252 41.2809479, 2.0760077 41.2810213, 2.0770616 41.2814801, 2.0774704 41.2816566, 2.0776352 41.281699, 2.078649 41.2819207, 2.0801748 41.2822574, 2.0805205 41.2823552, 2.0808474 41.2824731, 2.084486 41.283721, 2.0890595 41.2852892, 2.0891286 41.2853317, 2.0897135 41.2858352, 2.0898009 41.285875, 2.0916661 41.2865173, 2.0933342 41.2870851, 2.0977675 41.2885929, 2.0979375 41.2886382, 2.0981057 41.2886533, 2.0982842 41.2886338, 2.0984663 41.288639, 2.0997053 41.2890569, 2.1011755 41.2895586, 2.1030503 41.2902016, 2.1031715 41.290232, 2.1032599 41.2902408, 2.1033449 41.2902375, 2.1034327 41.2902249, 2.1035151 41.2902056, 2.1036174 41.290171, 2.1037197 41.2901451, 2.103807 41.2901365, 2.1039013 41.2901495, 2.1040307 41.2901899, 2.1041849 41.2902674, 2.1042923 41.2903426, 2.1044248 41.2904531, 2.1045512 41.2905884, 2.1046034 41.2906667, 2.1046652 41.2907984, 2.1047014 41.2909025, 2.1047325 41.2910279, 2.1047392 41.2911592, 2.1047215 41.2913105, 2.1046382 41.2915674, 2.1044697 41.2918801, 2.1046565 41.2919438, 2.1048487 41.2915783, 2.1049117 41.2914016, 2.1049474 41.2912345, 2.1049392 41.2910796, 2.1048991 41.2909533, 2.1052294 41.2909825, 2.1052447 41.2909839, 2.1052552 41.2910125, 2.1052641 41.2911268, 2.1053126 41.2911745, 2.1060371 41.2914084, 2.1064581 41.2915521, 2.1072915 41.2920445, 2.1073195 41.2920756, 2.1073125 41.2921183, 2.1071212 41.2924051, 2.1069967 41.2926607, 2.1068612 41.2929039, 2.1065871 41.2933922, 2.1057607 41.2945633, 2.1048875 41.2942743, 2.1048264 41.2942891, 2.104723 41.2944491, 2.1046087 41.294485, 2.1041571 41.2942384, 2.1034969 41.2940384, 2.1033855 41.2939986, 2.103876 41.2931673, 2.1037554 41.2931258, 2.1028527 41.294641, 2.102784 41.2947051, 2.1027255 41.2947738, 2.1026127 41.294956, 2.1019947 41.2959812, 2.1015262 41.2967648, 2.1006818 41.2981568, 2.1006678 41.2981982, 2.1006618 41.2982406, 2.1006842 41.2983036, 2.1007166 41.2983692, 2.1007684 41.2984177, 2.1008452 41.2984596, 2.1025407 41.2990343, 2.1026862 41.2990885, 2.103008 41.2993153, 2.1035023 41.2998456, 2.1039722 41.3003759, 2.1047998 41.3014101, 2.1058952 41.3028145, 2.1060199 41.3030955, 2.1065045 41.3036467, 2.1071996 41.3044362, 2.1078095 41.3051075, 2.1086445 41.3060389, 2.1089879 41.3064329, 2.109629 41.307171, 2.1096965 41.307315, 2.109721 41.3074325, 2.1097171 41.3075959, 2.1097136 41.3076654, 2.1096654 41.3077845, 2.1096131 41.3078555, 2.1094958 41.308012, 2.1090896 41.3085539, 2.1090028 41.3086004, 2.1089388 41.3086374, 2.1088197 41.3086806, 2.1072173 41.3091989, 2.1071081 41.3092419, 2.1070167 41.3092963, 2.1069306 41.3093864, 2.1064671 41.3101143, 2.1063146 41.3103945, 2.1062993 41.3104676, 2.1062852 41.3105697, 2.1062816 41.3107012, 2.1062693 41.3108876, 2.1062339 41.3110347, 2.1061739 41.3111765, 2.1054177 41.3123811, 2.1051687 41.3127757, 2.104694 41.3135601, 2.0999615 41.3119445, 2.1000118 41.3118613, 2.1000324 41.3118273, 2.1004361 41.31116, 2.1004283 41.3111141, 2.1000318 41.310997, 2.0995777 41.3108628, 2.0991969 41.310812, 2.098809 41.310804, 2.0983037 41.3108468, 2.0980403 41.3108762, 2.0978126 41.3109564, 2.0976239 41.3110446, 2.0974496 41.3111809, 2.0973889 41.3112557, 2.0973108 41.311352, 2.0972338 41.3114233, 2.0971435 41.311507, 2.0969335 41.3116327, 2.0962878 41.3118043, 2.0950723 41.3121272, 2.0948694 41.3121352, 2.0946488 41.3121031, 2.094389 41.3119989, 2.0941933 41.3118011, 2.0941604 41.3117332, 2.0939034 41.3112022, 2.0936558 41.3106905, 2.0934731 41.3109949, 2.0918969 41.3104569, 2.0917009 41.3103303, 2.0905981 41.3099666, 2.0904509 41.309914, 2.0907019 41.3095034, 2.0901689 41.309317, 2.0903439 41.3090039, 2.0874451 41.3080219, 2.0873562 41.3079658, 2.0872819 41.3078871, 2.0872615 41.3077864, 2.0872788 41.3076901, 2.0875927 41.3071783, 2.0830413 41.3056247, 2.0829902 41.3055938, 2.083127 41.3053537, 2.0835486 41.3046315, 2.0722489 41.3006917, 2.0712027 41.3012626, 2.0711378 41.3012358, 2.0709678 41.301355, 2.0701231 41.3010713, 2.0698826 41.3010394, 2.0696565 41.3010419, 2.069413 41.30111, 2.0692546 41.3011854, 2.0691226 41.3012814, 2.068998 41.3013925, 2.0686842 41.3012826, 2.0690839 41.30063, 2.0689839 41.3005949, 2.069047 41.3004853, 2.0690088 41.3004645, 2.0690633 41.3003857, 2.0645607 41.2988319, 2.0599685 41.2972504, 2.0599389 41.2972985, 2.0599896 41.2973227, 2.0596179 41.2979278, 2.0571297 41.297094, 2.0562247 41.2967939, 2.0562495 41.2967457, 2.0557112 41.2965705, 2.0556573 41.2964957, 2.0559457 41.2959957, 2.0560786 41.29599, 2.0561241 41.2959181, 2.056204 41.2959079, 2.0564333 41.295528, 2.055826 41.2953218, 2.0559295 41.2951645, 2.0559947 41.2951888, 2.0562492 41.2947404, 2.0562514 41.2946637, 2.0562903 41.2945599, 2.0563955 41.2944967, 2.0565105 41.2944545, 2.0570779 41.2936476, 2.0572607 41.293323, 2.0573837 41.2930054, 2.0577561 41.2929318, 2.057689 41.2927995, 2.0573934 41.2928632, 2.0573572 41.2927928, 2.0574451 41.2926672, 2.0576929 41.2925804, 2.0580302 41.2923685, 2.0586755 41.2919591, 2.0595423 41.2915481, 2.0610718 41.2907889, 2.0631774 41.2897109, 2.0635655 41.2896194, 2.0637417 41.2896538, 2.0648827 41.2893392, 2.0650482 41.2892735, 2.065225 41.2891645, 2.0653121 41.2890284, 2.0653925 41.2889095, 2.0655699 41.288767, 2.0657315 41.2886851, 2.0659726 41.2886239, 2.066286 41.2885851, 2.0664856 41.2886062, 2.0667483 41.2886766, 2.0669668 41.2887429, 2.0689953 41.2894452, 2.0691536 41.2895036, 2.0692284 41.2895009, 2.069296 41.2894715, 2.069611 41.2895803, 2.0695851 41.2896231, 2.07435 41.2912511, 2.074462 41.2910661, 2.0745021 41.2910798, 2.0750295 41.2902082, 2.0750897 41.2901025, 2.0754669 41.2898485, 2.0763104 41.2898351, 2.0766242 41.2899744, 2.0768206 41.2896367, 2.0766805 41.2895861, 2.0766068 41.2895558, 2.0765442 41.2895261, 2.0764848 41.2894932, 2.0764241 41.2894567, 2.0763775 41.2894259, 2.0763331 41.2893922, 2.0762852 41.2893513, 2.0762428 41.2893137, 2.0762016 41.2892721, 2.0761615 41.2892255, 2.0761192 41.2891691, 2.0760899 41.2891206, 2.0760699 41.2890825, 2.0760504 41.2890376, 2.0760305 41.2889821, 2.0760143 41.2889275, 2.0759993 41.288867, 2.0759907 41.2888051, 2.0759883 41.2887416, 2.0759879 41.288684, 2.0759935 41.2886308, 2.0760021 41.288601, 2.0761474 41.288361, 2.0761965 41.2882799, 2.0765053 41.2877696, 2.0765544 41.2876884, 2.0765823 41.2876422, 2.0765357 41.2876263, 2.0765927 41.2875321, 2.0766418 41.287451, 2.0766524 41.2874334, 2.0764196 41.2873539, 2.0763151 41.2873182, 2.0759326 41.2871875, 2.0758721 41.2871668, 2.0741681 41.2865846, 2.0741077 41.2865639, 2.0725517 41.2860323, 2.0724913 41.2860116, 2.071975 41.2858352, 2.0719114 41.2858, 2.0718533 41.2857374, 2.0718306 41.2856748, 2.0718432 41.2855933, 2.0719038 41.2854871, 2.0718458 41.2854644, 2.0719316 41.2853297, 2.0720603 41.2851212, 2.072088 41.2851155, 2.0721006 41.2850946, 2.072088 41.2850776, 2.0720603 41.28507, 2.0720325 41.2850795, 2.0714244 41.2848633, 2.0714799 41.284778, 2.0715531 41.2847495, 2.0717045 41.2847362, 2.0718018 41.2847295, 2.0714653 41.2840754, 2.0713745 41.2839949, 2.0712333 41.2839498, 2.0711071 41.2839031, 2.0709619 41.2838388, 2.0708852 41.2837388, 2.0708905 41.2836219, 2.0709242 41.2835009, 2.0709909 41.2832469, 2.0710445 41.282984, 2.0710663 41.2827151, 2.0710938 41.2822329, 2.0710739 41.2819718, 2.071062 41.2817792, 2.0711142 41.2816178, 2.0712106 41.2814431, 2.0714645 41.2811175, 2.0715911 41.2809654, 2.0717711 41.2807777, 2.0723496 41.2804285, 2.0727644 41.2802028, 2.0729152 41.2801603, 2.0731687 41.2801518))",Number of parked airplanes, Time series of airport throughput at Aeroport Barcelona - el Prat Josep Tarradellas,BLUE,Aerospacelab SPRL,ES11,Archived
"41.296657915514594,2.0857359721622024",ES,,Barcelona,Aeroport Barcelona - el Prat Josep Tarradellas,Airports: Throughput (archived),Count of airplanes on Sentinel-2 image,Sentinel-2,Sentinel 2 L2A,E13b2,2019-11-19T10:43:31,97.57174393,Average value for 2019,2019,100,"X in [92.2417682563413, 107.75823174365871] --> Normal, X < 92.2417682563413 --> Low, X > 107.75823174365871 --> High",Normal,"POLYGON ((2.0731687 41.2801518, 2.0733601 41.2801633, 2.0735425 41.2801934, 2.0739213 41.2803274, 2.0742458 41.28045, 2.0742648 41.2804294, 2.0754768 41.2808281, 2.0758252 41.2809479, 2.0760077 41.2810213, 2.0770616 41.2814801, 2.0774704 41.2816566, 2.0776352 41.281699, 2.078649 41.2819207, 2.0801748 41.2822574, 2.0805205 41.2823552, 2.0808474 41.2824731, 2.084486 41.283721, 2.0890595 41.2852892, 2.0891286 41.2853317, 2.0897135 41.2858352, 2.0898009 41.285875, 2.0916661 41.2865173, 2.0933342 41.2870851, 2.0977675 41.2885929, 2.0979375 41.2886382, 2.0981057 41.2886533, 2.0982842 41.2886338, 2.0984663 41.288639, 2.0997053 41.2890569, 2.1011755 41.2895586, 2.1030503 41.2902016, 2.1031715 41.290232, 2.1032599 41.2902408, 2.1033449 41.2902375, 2.1034327 41.2902249, 2.1035151 41.2902056, 2.1036174 41.290171, 2.1037197 41.2901451, 2.103807 41.2901365, 2.1039013 41.2901495, 2.1040307 41.2901899, 2.1041849 41.2902674, 2.1042923 41.2903426, 2.1044248 41.2904531, 2.1045512 41.2905884, 2.1046034 41.2906667, 2.1046652 41.2907984, 2.1047014 41.2909025, 2.1047325 41.2910279, 2.1047392 41.2911592, 2.1047215 41.2913105, 2.1046382 41.2915674, 2.1044697 41.2918801, 2.1046565 41.2919438, 2.1048487 41.2915783, 2.1049117 41.2914016, 2.1049474 41.2912345, 2.1049392 41.2910796, 2.1048991 41.2909533, 2.1052294 41.2909825, 2.1052447 41.2909839, 2.1052552 41.2910125, 2.1052641 41.2911268, 2.1053126 41.2911745, 2.1060371 41.2914084, 2.1064581 41.2915521, 2.1072915 41.2920445, 2.1073195 41.2920756, 2.1073125 41.2921183, 2.1071212 41.2924051, 2.1069967 41.2926607, 2.1068612 41.2929039, 2.1065871 41.2933922, 2.1057607 41.2945633, 2.1048875 41.2942743, 2.1048264 41.2942891, 2.104723 41.2944491, 2.1046087 41.294485, 2.1041571 41.2942384, 2.1034969 41.2940384, 2.1033855 41.2939986, 2.103876 41.2931673, 2.1037554 41.2931258, 2.1028527 41.294641, 2.102784 41.2947051, 2.1027255 41.2947738, 2.1026127 41.294956, 2.1019947 41.2959812, 2.1015262 41.2967648, 2.1006818 41.2981568, 2.1006678 41.2981982, 2.1006618 41.2982406, 2.1006842 41.2983036, 2.1007166 41.2983692, 2.1007684 41.2984177, 2.1008452 41.2984596, 2.1025407 41.2990343, 2.1026862 41.2990885, 2.103008 41.2993153, 2.1035023 41.2998456, 2.1039722 41.3003759, 2.1047998 41.3014101, 2.1058952 41.3028145, 2.1060199 41.3030955, 2.1065045 41.3036467, 2.1071996 41.3044362, 2.1078095 41.3051075, 2.1086445 41.3060389, 2.1089879 41.3064329, 2.109629 41.307171, 2.1096965 41.307315, 2.109721 41.3074325, 2.1097171 41.3075959, 2.1097136 41.3076654, 2.1096654 41.3077845, 2.1096131 41.3078555, 2.1094958 41.308012, 2.1090896 41.3085539, 2.1090028 41.3086004, 2.1089388 41.3086374, 2.1088197 41.3086806, 2.1072173 41.3091989, 2.1071081 41.3092419, 2.1070167 41.3092963, 2.1069306 41.3093864, 2.1064671 41.3101143, 2.1063146 41.3103945, 2.1062993 41.3104676, 2.1062852 41.3105697, 2.1062816 41.3107012, 2.1062693 41.3108876, 2.1062339 41.3110347, 2.1061739 41.3111765, 2.1054177 41.3123811, 2.1051687 41.3127757, 2.104694 41.3135601, 2.0999615 41.3119445, 2.1000118 41.3118613, 2.1000324 41.3118273, 2.1004361 41.31116, 2.1004283 41.3111141, 2.1000318 41.310997, 2.0995777 41.3108628, 2.0991969 41.310812, 2.098809 41.310804, 2.0983037 41.3108468, 2.0980403 41.3108762, 2.0978126 41.3109564, 2.0976239 41.3110446, 2.0974496 41.3111809, 2.0973889 41.3112557, 2.0973108 41.311352, 2.0972338 41.3114233, 2.0971435 41.311507, 2.0969335 41.3116327, 2.0962878 41.3118043, 2.0950723 41.3121272, 2.0948694 41.3121352, 2.0946488 41.3121031, 2.094389 41.3119989, 2.0941933 41.3118011, 2.0941604 41.3117332, 2.0939034 41.3112022, 2.0936558 41.3106905, 2.0934731 41.3109949, 2.0918969 41.3104569, 2.0917009 41.3103303, 2.0905981 41.3099666, 2.0904509 41.309914, 2.0907019 41.3095034, 2.0901689 41.309317, 2.0903439 41.3090039, 2.0874451 41.3080219, 2.0873562 41.3079658, 2.0872819 41.3078871, 2.0872615 41.3077864, 2.0872788 41.3076901, 2.0875927 41.3071783, 2.0830413 41.3056247, 2.0829902 41.3055938, 2.083127 41.3053537, 2.0835486 41.3046315, 2.0722489 41.3006917, 2.0712027 41.3012626, 2.0711378 41.3012358, 2.0709678 41.301355, 2.0701231 41.3010713, 2.0698826 41.3010394, 2.0696565 41.3010419, 2.069413 41.30111, 2.0692546 41.3011854, 2.0691226 41.3012814, 2.068998 41.3013925, 2.0686842 41.3012826, 2.0690839 41.30063, 2.0689839 41.3005949, 2.069047 41.3004853, 2.0690088 41.3004645, 2.0690633 41.3003857, 2.0645607 41.2988319, 2.0599685 41.2972504, 2.0599389 41.2972985, 2.0599896 41.2973227, 2.0596179 41.2979278, 2.0571297 41.297094, 2.0562247 41.2967939, 2.0562495 41.2967457, 2.0557112 41.2965705, 2.0556573 41.2964957, 2.0559457 41.2959957, 2.0560786 41.29599, 2.0561241 41.2959181, 2.056204 41.2959079, 2.0564333 41.295528, 2.055826 41.2953218, 2.0559295 41.2951645, 2.0559947 41.2951888, 2.0562492 41.2947404, 2.0562514 41.2946637, 2.0562903 41.2945599, 2.0563955 41.2944967, 2.0565105 41.2944545, 2.0570779 41.2936476, 2.0572607 41.293323, 2.0573837 41.2930054, 2.0577561 41.2929318, 2.057689 41.2927995, 2.0573934 41.2928632, 2.0573572 41.2927928, 2.0574451 41.2926672, 2.0576929 41.2925804, 2.0580302 41.2923685, 2.0586755 41.2919591, 2.0595423 41.2915481, 2.0610718 41.2907889, 2.0631774 41.2897109, 2.0635655 41.2896194, 2.0637417 41.2896538, 2.0648827 41.2893392, 2.0650482 41.2892735, 2.065225 41.2891645, 2.0653121 41.2890284, 2.0653925 41.2889095, 2.0655699 41.288767, 2.0657315 41.2886851, 2.0659726 41.2886239, 2.066286 41.2885851, 2.0664856 41.2886062, 2.0667483 41.2886766, 2.0669668 41.2887429, 2.0689953 41.2894452, 2.0691536 41.2895036, 2.0692284 41.2895009, 2.069296 41.2894715, 2.069611 41.2895803, 2.0695851 41.2896231, 2.07435 41.2912511, 2.074462 41.2910661, 2.0745021 41.2910798, 2.0750295 41.2902082, 2.0750897 41.2901025, 2.0754669 41.2898485, 2.0763104 41.2898351, 2.0766242 41.2899744, 2.0768206 41.2896367, 2.0766805 41.2895861, 2.0766068 41.2895558, 2.0765442 41.2895261, 2.0764848 41.2894932, 2.0764241 41.2894567, 2.0763775 41.2894259, 2.0763331 41.2893922, 2.0762852 41.2893513, 2.0762428 41.2893137, 2.0762016 41.2892721, 2.0761615 41.2892255, 2.0761192 41.2891691, 2.0760899 41.2891206, 2.0760699 41.2890825, 2.0760504 41.2890376, 2.0760305 41.2889821, 2.0760143 41.2889275, 2.0759993 41.288867, 2.0759907 41.2888051, 2.0759883 41.2887416, 2.0759879 41.288684, 2.0759935 41.2886308, 2.0760021 41.288601, 2.0761474 41.288361, 2.0761965 41.2882799, 2.0765053 41.2877696, 2.0765544 41.2876884, 2.0765823 41.2876422, 2.0765357 41.2876263, 2.0765927 41.2875321, 2.0766418 41.287451, 2.0766524 41.2874334, 2.0764196 41.2873539, 2.0763151 41.2873182, 2.0759326 41.2871875, 2.0758721 41.2871668, 2.0741681 41.2865846, 2.0741077 41.2865639, 2.0725517 41.2860323, 2.0724913 41.2860116, 2.071975 41.2858352, 2.0719114 41.2858, 2.0718533 41.2857374, 2.0718306 41.2856748, 2.0718432 41.2855933, 2.0719038 41.2854871, 2.0718458 41.2854644, 2.0719316 41.2853297, 2.0720603 41.2851212, 2.072088 41.2851155, 2.0721006 41.2850946, 2.072088 41.2850776, 2.0720603 41.28507, 2.0720325 41.2850795, 2.0714244 41.2848633, 2.0714799 41.284778, 2.0715531 41.2847495, 2.0717045 41.2847362, 2.0718018 41.2847295, 2.0714653 41.2840754, 2.0713745 41.2839949, 2.0712333 41.2839498, 2.0711071 41.2839031, 2.0709619 41.2838388, 2.0708852 41.2837388, 2.0708905 41.2836219, 2.0709242 41.2835009, 2.0709909 41.2832469, 2.0710445 41.282984, 2.0710663 41.2827151, 2.0710938 41.2822329, 2.0710739 41.2819718, 2.071062 41.2817792, 2.0711142 41.2816178, 2.0712106 41.2814431, 2.0714645 41.2811175, 2.0715911 41.2809654, 2.0717711 41.2807777, 2.0723496 41.2804285, 2.0727644 41.2802028, 2.0729152 41.2801603, 2.0731687 41.2801518))",Number of parked airplanes, Time series of airport throughput at Aeroport Barcelona - el Prat Josep Tarradellas,BLUE,Aerospacelab SPRL,ES11,Archived
"41.296657915514594,2.0857359721622024",ES,,Barcelona,Aeroport Barcelona - el Prat Josep Tarradellas,Airports: Throughput (archived),Count of airplanes on Sentinel-2 image,Sentinel-2,Sentinel 2 L2A,E13b2,2019-11-24T10:43:29,99.44812362,Average value for 2019,2019,100,"X in [92.2417682563413, 107.75823174365871] --> Normal, X < 92.2417682563413 --> Low, X > 107.75823174365871 --> High",Normal,"POLYGON ((2.0731687 41.2801518, 2.0733601 41.2801633, 2.0735425 41.2801934, 2.0739213 41.2803274, 2.0742458 41.28045, 2.0742648 41.2804294, 2.0754768 41.2808281, 2.0758252 41.2809479, 2.0760077 41.2810213, 2.0770616 41.2814801, 2.0774704 41.2816566, 2.0776352 41.281699, 2.078649 41.2819207, 2.0801748 41.2822574, 2.0805205 41.2823552, 2.0808474 41.2824731, 2.084486 41.283721, 2.0890595 41.2852892, 2.0891286 41.2853317, 2.0897135 41.2858352, 2.0898009 41.285875, 2.0916661 41.2865173, 2.0933342 41.2870851, 2.0977675 41.2885929, 2.0979375 41.2886382, 2.0981057 41.2886533, 2.0982842 41.2886338, 2.0984663 41.288639, 2.0997053 41.2890569, 2.1011755 41.2895586, 2.1030503 41.2902016, 2.1031715 41.290232, 2.1032599 41.2902408, 2.1033449 41.2902375, 2.1034327 41.2902249, 2.1035151 41.2902056, 2.1036174 41.290171, 2.1037197 41.2901451, 2.103807 41.2901365, 2.1039013 41.2901495, 2.1040307 41.2901899, 2.1041849 41.2902674, 2.1042923 41.2903426, 2.1044248 41.2904531, 2.1045512 41.2905884, 2.1046034 41.2906667, 2.1046652 41.2907984, 2.1047014 41.2909025, 2.1047325 41.2910279, 2.1047392 41.2911592, 2.1047215 41.2913105, 2.1046382 41.2915674, 2.1044697 41.2918801, 2.1046565 41.2919438, 2.1048487 41.2915783, 2.1049117 41.2914016, 2.1049474 41.2912345, 2.1049392 41.2910796, 2.1048991 41.2909533, 2.1052294 41.2909825, 2.1052447 41.2909839, 2.1052552 41.2910125, 2.1052641 41.2911268, 2.1053126 41.2911745, 2.1060371 41.2914084, 2.1064581 41.2915521, 2.1072915 41.2920445, 2.1073195 41.2920756, 2.1073125 41.2921183, 2.1071212 41.2924051, 2.1069967 41.2926607, 2.1068612 41.2929039, 2.1065871 41.2933922, 2.1057607 41.2945633, 2.1048875 41.2942743, 2.1048264 41.2942891, 2.104723 41.2944491, 2.1046087 41.294485, 2.1041571 41.2942384, 2.1034969 41.2940384, 2.1033855 41.2939986, 2.103876 41.2931673, 2.1037554 41.2931258, 2.1028527 41.294641, 2.102784 41.2947051, 2.1027255 41.2947738, 2.1026127 41.294956, 2.1019947 41.2959812, 2.1015262 41.2967648, 2.1006818 41.2981568, 2.1006678 41.2981982, 2.1006618 41.2982406, 2.1006842 41.2983036, 2.1007166 41.2983692, 2.1007684 41.2984177, 2.1008452 41.2984596, 2.1025407 41.2990343, 2.1026862 41.2990885, 2.103008 41.2993153, 2.1035023 41.2998456, 2.1039722 41.3003759, 2.1047998 41.3014101, 2.1058952 41.3028145, 2.1060199 41.3030955, 2.1065045 41.3036467, 2.1071996 41.3044362, 2.1078095 41.3051075, 2.1086445 41.3060389, 2.1089879 41.3064329, 2.109629 41.307171, 2.1096965 41.307315, 2.109721 41.3074325, 2.1097171 41.3075959, 2.1097136 41.3076654, 2.1096654 41.3077845, 2.1096131 41.3078555, 2.1094958 41.308012, 2.1090896 41.3085539, 2.1090028 41.3086004, 2.1089388 41.3086374, 2.1088197 41.3086806, 2.1072173 41.3091989, 2.1071081 41.3092419, 2.1070167 41.3092963, 2.1069306 41.3093864, 2.1064671 41.3101143, 2.1063146 41.3103945, 2.1062993 41.3104676, 2.1062852 41.3105697, 2.1062816 41.3107012, 2.1062693 41.3108876, 2.1062339 41.3110347, 2.1061739 41.3111765, 2.1054177 41.3123811, 2.1051687 41.3127757, 2.104694 41.3135601, 2.0999615 41.3119445, 2.1000118 41.3118613, 2.1000324 41.3118273, 2.1004361 41.31116, 2.1004283 41.3111141, 2.1000318 41.310997, 2.0995777 41.3108628, 2.0991969 41.310812, 2.098809 41.310804, 2.0983037 41.3108468, 2.0980403 41.3108762, 2.0978126 41.3109564, 2.0976239 41.3110446, 2.0974496 41.3111809, 2.0973889 41.3112557, 2.0973108 41.311352, 2.0972338 41.3114233, 2.0971435 41.311507, 2.0969335 41.3116327, 2.0962878 41.3118043, 2.0950723 41.3121272, 2.0948694 41.3121352, 2.0946488 41.3121031, 2.094389 41.3119989, 2.0941933 41.3118011, 2.0941604 41.3117332, 2.0939034 41.3112022, 2.0936558 41.3106905, 2.0934731 41.3109949, 2.0918969 41.3104569, 2.0917009 41.3103303, 2.0905981 41.3099666, 2.0904509 41.309914, 2.0907019 41.3095034, 2.0901689 41.309317, 2.0903439 41.3090039, 2.0874451 41.3080219, 2.0873562 41.3079658, 2.0872819 41.3078871, 2.0872615 41.3077864, 2.0872788 41.3076901, 2.0875927 41.3071783, 2.0830413 41.3056247, 2.0829902 41.3055938, 2.083127 41.3053537, 2.0835486 41.3046315, 2.0722489 41.3006917, 2.0712027 41.3012626, 2.0711378 41.3012358, 2.0709678 41.301355, 2.0701231 41.3010713, 2.0698826 41.3010394, 2.0696565 41.3010419, 2.069413 41.30111, 2.0692546 41.3011854, 2.0691226 41.3012814, 2.068998 41.3013925, 2.0686842 41.3012826, 2.0690839 41.30063, 2.0689839 41.3005949, 2.069047 41.3004853, 2.0690088 41.3004645, 2.0690633 41.3003857, 2.0645607 41.2988319, 2.0599685 41.2972504, 2.0599389 41.2972985, 2.0599896 41.2973227, 2.0596179 41.2979278, 2.0571297 41.297094, 2.0562247 41.2967939, 2.0562495 41.2967457, 2.0557112 41.2965705, 2.0556573 41.2964957, 2.0559457 41.2959957, 2.0560786 41.29599, 2.0561241 41.2959181, 2.056204 41.2959079, 2.0564333 41.295528, 2.055826 41.2953218, 2.0559295 41.2951645, 2.0559947 41.2951888, 2.0562492 41.2947404, 2.0562514 41.2946637, 2.0562903 41.2945599, 2.0563955 41.2944967, 2.0565105 41.2944545, 2.0570779 41.2936476, 2.0572607 41.293323, 2.0573837 41.2930054, 2.0577561 41.2929318, 2.057689 41.2927995, 2.0573934 41.2928632, 2.0573572 41.2927928, 2.0574451 41.2926672, 2.0576929 41.2925804, 2.0580302 41.2923685, 2.0586755 41.2919591, 2.0595423 41.2915481, 2.0610718 41.2907889, 2.0631774 41.2897109, 2.0635655 41.2896194, 2.0637417 41.2896538, 2.0648827 41.2893392, 2.0650482 41.2892735, 2.065225 41.2891645, 2.0653121 41.2890284, 2.0653925 41.2889095, 2.0655699 41.288767, 2.0657315 41.2886851, 2.0659726 41.2886239, 2.066286 41.2885851, 2.0664856 41.2886062, 2.0667483 41.2886766, 2.0669668 41.2887429, 2.0689953 41.2894452, 2.0691536 41.2895036, 2.0692284 41.2895009, 2.069296 41.2894715, 2.069611 41.2895803, 2.0695851 41.2896231, 2.07435 41.2912511, 2.074462 41.2910661, 2.0745021 41.2910798, 2.0750295 41.2902082, 2.0750897 41.2901025, 2.0754669 41.2898485, 2.0763104 41.2898351, 2.0766242 41.2899744, 2.0768206 41.2896367, 2.0766805 41.2895861, 2.0766068 41.2895558, 2.0765442 41.2895261, 2.0764848 41.2894932, 2.0764241 41.2894567, 2.0763775 41.2894259, 2.0763331 41.2893922, 2.0762852 41.2893513, 2.0762428 41.2893137, 2.0762016 41.2892721, 2.0761615 41.2892255, 2.0761192 41.2891691, 2.0760899 41.2891206, 2.0760699 41.2890825, 2.0760504 41.2890376, 2.0760305 41.2889821, 2.0760143 41.2889275, 2.0759993 41.288867, 2.0759907 41.2888051, 2.0759883 41.2887416, 2.0759879 41.288684, 2.0759935 41.2886308, 2.0760021 41.288601, 2.0761474 41.288361, 2.0761965 41.2882799, 2.0765053 41.2877696, 2.0765544 41.2876884, 2.0765823 41.2876422, 2.0765357 41.2876263, 2.0765927 41.2875321, 2.0766418 41.287451, 2.0766524 41.2874334, 2.0764196 41.2873539, 2.0763151 41.2873182, 2.0759326 41.2871875, 2.0758721 41.2871668, 2.0741681 41.2865846, 2.0741077 41.2865639, 2.0725517 41.2860323, 2.0724913 41.2860116, 2.071975 41.2858352, 2.0719114 41.2858, 2.0718533 41.2857374, 2.0718306 41.2856748, 2.0718432 41.2855933, 2.0719038 41.2854871, 2.0718458 41.2854644, 2.0719316 41.2853297, 2.0720603 41.2851212, 2.072088 41.2851155, 2.0721006 41.2850946, 2.072088 41.2850776, 2.0720603 41.28507, 2.0720325 41.2850795, 2.0714244 41.2848633, 2.0714799 41.284778, 2.0715531 41.2847495, 2.0717045 41.2847362, 2.0718018 41.2847295, 2.0714653 41.2840754, 2.0713745 41.2839949, 2.0712333 41.2839498, 2.0711071 41.2839031, 2.0709619 41.2838388, 2.0708852 41.2837388, 2.0708905 41.2836219, 2.0709242 41.2835009, 2.0709909 41.2832469, 2.0710445 41.282984, 2.0710663 41.2827151, 2.0710938 41.2822329, 2.0710739 41.2819718, 2.071062 41.2817792, 2.0711142 41.2816178, 2.0712106 41.2814431, 2.0714645 41.2811175, 2.0715911 41.2809654, 2.0717711 41.2807777, 2.0723496 41.2804285, 2.0727644 41.2802028, 2.0729152 41.2801603, 2.0731687 41.2801518))",Number of parked airplanes, Time series of airport throughput at Aeroport Barcelona - el Prat Josep Tarradellas,BLUE,Aerospacelab SPRL,ES11,Archived
"41.296657915514594,2.0857359721622024",ES,,Barcelona,Aeroport Barcelona - el Prat Josep Tarradellas,Airports: Throughput (archived),Count of airplanes on Sentinel-2 image,Sentinel-2,Sentinel 2 L2A,E13b2,2019-12-09T10:44:31,80.68432671,Average value for 2019,2019,100,"X in [92.2417682563413, 107.75823174365871] --> Normal, X < 92.2417682563413 --> Low, X > 107.75823174365871 --> High",Low,"POLYGON ((2.0731687 41.2801518, 2.0733601 41.2801633, 2.0735425 41.2801934, 2.0739213 41.2803274, 2.0742458 41.28045, 2.0742648 41.2804294, 2.0754768 41.2808281, 2.0758252 41.2809479, 2.0760077 41.2810213, 2.0770616 41.2814801, 2.0774704 41.2816566, 2.0776352 41.281699, 2.078649 41.2819207, 2.0801748 41.2822574, 2.0805205 41.2823552, 2.0808474 41.2824731, 2.084486 41.283721, 2.0890595 41.2852892, 2.0891286 41.2853317, 2.0897135 41.2858352, 2.0898009 41.285875, 2.0916661 41.2865173, 2.0933342 41.2870851, 2.0977675 41.2885929, 2.0979375 41.2886382, 2.0981057 41.2886533, 2.0982842 41.2886338, 2.0984663 41.288639, 2.0997053 41.2890569, 2.1011755 41.2895586, 2.1030503 41.2902016, 2.1031715 41.290232, 2.1032599 41.2902408, 2.1033449 41.2902375, 2.1034327 41.2902249, 2.1035151 41.2902056, 2.1036174 41.290171, 2.1037197 41.2901451, 2.103807 41.2901365, 2.1039013 41.2901495, 2.1040307 41.2901899, 2.1041849 41.2902674, 2.1042923 41.2903426, 2.1044248 41.2904531, 2.1045512 41.2905884, 2.1046034 41.2906667, 2.1046652 41.2907984, 2.1047014 41.2909025, 2.1047325 41.2910279, 2.1047392 41.2911592, 2.1047215 41.2913105, 2.1046382 41.2915674, 2.1044697 41.2918801, 2.1046565 41.2919438, 2.1048487 41.2915783, 2.1049117 41.2914016, 2.1049474 41.2912345, 2.1049392 41.2910796, 2.1048991 41.2909533, 2.1052294 41.2909825, 2.1052447 41.2909839, 2.1052552 41.2910125, 2.1052641 41.2911268, 2.1053126 41.2911745, 2.1060371 41.2914084, 2.1064581 41.2915521, 2.1072915 41.2920445, 2.1073195 41.2920756, 2.1073125 41.2921183, 2.1071212 41.2924051, 2.1069967 41.2926607, 2.1068612 41.2929039, 2.1065871 41.2933922, 2.1057607 41.2945633, 2.1048875 41.2942743, 2.1048264 41.2942891, 2.104723 41.2944491, 2.1046087 41.294485, 2.1041571 41.2942384, 2.1034969 41.2940384, 2.1033855 41.2939986, 2.103876 41.2931673, 2.1037554 41.2931258, 2.1028527 41.294641, 2.102784 41.2947051, 2.1027255 41.2947738, 2.1026127 41.294956, 2.1019947 41.2959812, 2.1015262 41.2967648, 2.1006818 41.2981568, 2.1006678 41.2981982, 2.1006618 41.2982406, 2.1006842 41.2983036, 2.1007166 41.2983692, 2.1007684 41.2984177, 2.1008452 41.2984596, 2.1025407 41.2990343, 2.1026862 41.2990885, 2.103008 41.2993153, 2.1035023 41.2998456, 2.1039722 41.3003759, 2.1047998 41.3014101, 2.1058952 41.3028145, 2.1060199 41.3030955, 2.1065045 41.3036467, 2.1071996 41.3044362, 2.1078095 41.3051075, 2.1086445 41.3060389, 2.1089879 41.3064329, 2.109629 41.307171, 2.1096965 41.307315, 2.109721 41.3074325, 2.1097171 41.3075959, 2.1097136 41.3076654, 2.1096654 41.3077845, 2.1096131 41.3078555, 2.1094958 41.308012, 2.1090896 41.3085539, 2.1090028 41.3086004, 2.1089388 41.3086374, 2.1088197 41.3086806, 2.1072173 41.3091989, 2.1071081 41.3092419, 2.1070167 41.3092963, 2.1069306 41.3093864, 2.1064671 41.3101143, 2.1063146 41.3103945, 2.1062993 41.3104676, 2.1062852 41.3105697, 2.1062816 41.3107012, 2.1062693 41.3108876, 2.1062339 41.3110347, 2.1061739 41.3111765, 2.1054177 41.3123811, 2.1051687 41.3127757, 2.104694 41.3135601, 2.0999615 41.3119445, 2.1000118 41.3118613, 2.1000324 41.3118273, 2.1004361 41.31116, 2.1004283 41.3111141, 2.1000318 41.310997, 2.0995777 41.3108628, 2.0991969 41.310812, 2.098809 41.310804, 2.0983037 41.3108468, 2.0980403 41.3108762, 2.0978126 41.3109564, 2.0976239 41.3110446, 2.0974496 41.3111809, 2.0973889 41.3112557, 2.0973108 41.311352, 2.0972338 41.3114233, 2.0971435 41.311507, 2.0969335 41.3116327, 2.0962878 41.3118043, 2.0950723 41.3121272, 2.0948694 41.3121352, 2.0946488 41.3121031, 2.094389 41.3119989, 2.0941933 41.3118011, 2.0941604 41.3117332, 2.0939034 41.3112022, 2.0936558 41.3106905, 2.0934731 41.3109949, 2.0918969 41.3104569, 2.0917009 41.3103303, 2.0905981 41.3099666, 2.0904509 41.309914, 2.0907019 41.3095034, 2.0901689 41.309317, 2.0903439 41.3090039, 2.0874451 41.3080219, 2.0873562 41.3079658, 2.0872819 41.3078871, 2.0872615 41.3077864, 2.0872788 41.3076901, 2.0875927 41.3071783, 2.0830413 41.3056247, 2.0829902 41.3055938, 2.083127 41.3053537, 2.0835486 41.3046315, 2.0722489 41.3006917, 2.0712027 41.3012626, 2.0711378 41.3012358, 2.0709678 41.301355, 2.0701231 41.3010713, 2.0698826 41.3010394, 2.0696565 41.3010419, 2.069413 41.30111, 2.0692546 41.3011854, 2.0691226 41.3012814, 2.068998 41.3013925, 2.0686842 41.3012826, 2.0690839 41.30063, 2.0689839 41.3005949, 2.069047 41.3004853, 2.0690088 41.3004645, 2.0690633 41.3003857, 2.0645607 41.2988319, 2.0599685 41.2972504, 2.0599389 41.2972985, 2.0599896 41.2973227, 2.0596179 41.2979278, 2.0571297 41.297094, 2.0562247 41.2967939, 2.0562495 41.2967457, 2.0557112 41.2965705, 2.0556573 41.2964957, 2.0559457 41.2959957, 2.0560786 41.29599, 2.0561241 41.2959181, 2.056204 41.2959079, 2.0564333 41.295528, 2.055826 41.2953218, 2.0559295 41.2951645, 2.0559947 41.2951888, 2.0562492 41.2947404, 2.0562514 41.2946637, 2.0562903 41.2945599, 2.0563955 41.2944967, 2.0565105 41.2944545, 2.0570779 41.2936476, 2.0572607 41.293323, 2.0573837 41.2930054, 2.0577561 41.2929318, 2.057689 41.2927995, 2.0573934 41.2928632, 2.0573572 41.2927928, 2.0574451 41.2926672, 2.0576929 41.2925804, 2.0580302 41.2923685, 2.0586755 41.2919591, 2.0595423 41.2915481, 2.0610718 41.2907889, 2.0631774 41.2897109, 2.0635655 41.2896194, 2.0637417 41.2896538, 2.0648827 41.2893392, 2.0650482 41.2892735, 2.065225 41.2891645, 2.0653121 41.2890284, 2.0653925 41.2889095, 2.0655699 41.288767, 2.0657315 41.2886851, 2.0659726 41.2886239, 2.066286 41.2885851, 2.0664856 41.2886062, 2.0667483 41.2886766, 2.0669668 41.2887429, 2.0689953 41.2894452, 2.0691536 41.2895036, 2.0692284 41.2895009, 2.069296 41.2894715, 2.069611 41.2895803, 2.0695851 41.2896231, 2.07435 41.2912511, 2.074462 41.2910661, 2.0745021 41.2910798, 2.0750295 41.2902082, 2.0750897 41.2901025, 2.0754669 41.2898485, 2.0763104 41.2898351, 2.0766242 41.2899744, 2.0768206 41.2896367, 2.0766805 41.2895861, 2.0766068 41.2895558, 2.0765442 41.2895261, 2.0764848 41.2894932, 2.0764241 41.2894567, 2.0763775 41.2894259, 2.0763331 41.2893922, 2.0762852 41.2893513, 2.0762428 41.2893137, 2.0762016 41.2892721, 2.0761615 41.2892255, 2.0761192 41.2891691, 2.0760899 41.2891206, 2.0760699 41.2890825, 2.0760504 41.2890376, 2.0760305 41.2889821, 2.0760143 41.2889275, 2.0759993 41.288867, 2.0759907 41.2888051, 2.0759883 41.2887416, 2.0759879 41.288684, 2.0759935 41.2886308, 2.0760021 41.288601, 2.0761474 41.288361, 2.0761965 41.2882799, 2.0765053 41.2877696, 2.0765544 41.2876884, 2.0765823 41.2876422, 2.0765357 41.2876263, 2.0765927 41.2875321, 2.0766418 41.287451, 2.0766524 41.2874334, 2.0764196 41.2873539, 2.0763151 41.2873182, 2.0759326 41.2871875, 2.0758721 41.2871668, 2.0741681 41.2865846, 2.0741077 41.2865639, 2.0725517 41.2860323, 2.0724913 41.2860116, 2.071975 41.2858352, 2.0719114 41.2858, 2.0718533 41.2857374, 2.0718306 41.2856748, 2.0718432 41.2855933, 2.0719038 41.2854871, 2.0718458 41.2854644, 2.0719316 41.2853297, 2.0720603 41.2851212, 2.072088 41.2851155, 2.0721006 41.2850946, 2.072088 41.2850776, 2.0720603 41.28507, 2.0720325 41.2850795, 2.0714244 41.2848633, 2.0714799 41.284778, 2.0715531 41.2847495, 2.0717045 41.2847362, 2.0718018 41.2847295, 2.0714653 41.2840754, 2.0713745 41.2839949, 2.0712333 41.2839498, 2.0711071 41.2839031, 2.0709619 41.2838388, 2.0708852 41.2837388, 2.0708905 41.2836219, 2.0709242 41.2835009, 2.0709909 41.2832469, 2.0710445 41.282984, 2.0710663 41.2827151, 2.0710938 41.2822329, 2.0710739 41.2819718, 2.071062 41.2817792, 2.0711142 41.2816178, 2.0712106 41.2814431, 2.0714645 41.2811175, 2.0715911 41.2809654, 2.0717711 41.2807777, 2.0723496 41.2804285, 2.0727644 41.2802028, 2.0729152 41.2801603, 2.0731687 41.2801518))",Number of parked airplanes, Time series of airport throughput at Aeroport Barcelona - el Prat Josep Tarradellas,GREEN,Aerospacelab SPRL,ES11,Archived
"41.296657915514594,2.0857359721622024",ES,,Barcelona,Aeroport Barcelona - el Prat Josep Tarradellas,Airports: Throughput (archived),Count of airplanes on Sentinel-2 image,Sentinel-2,Sentinel 2 L2A,E13b2,2020-05-22T10:36:29,97.57174393,Average value for 2019,2019,100,"X in [92.2417682563413, 107.75823174365871] --> Normal, X < 92.2417682563413 --> Low, X > 107.75823174365871 --> High",Normal,"POLYGON ((2.0731687 41.2801518, 2.0733601 41.2801633, 2.0735425 41.2801934, 2.0739213 41.2803274, 2.0742458 41.28045, 2.0742648 41.2804294, 2.0754768 41.2808281, 2.0758252 41.2809479, 2.0760077 41.2810213, 2.0770616 41.2814801, 2.0774704 41.2816566, 2.0776352 41.281699, 2.078649 41.2819207, 2.0801748 41.2822574, 2.0805205 41.2823552, 2.0808474 41.2824731, 2.084486 41.283721, 2.0890595 41.2852892, 2.0891286 41.2853317, 2.0897135 41.2858352, 2.0898009 41.285875, 2.0916661 41.2865173, 2.0933342 41.2870851, 2.0977675 41.2885929, 2.0979375 41.2886382, 2.0981057 41.2886533, 2.0982842 41.2886338, 2.0984663 41.288639, 2.0997053 41.2890569, 2.1011755 41.2895586, 2.1030503 41.2902016, 2.1031715 41.290232, 2.1032599 41.2902408, 2.1033449 41.2902375, 2.1034327 41.2902249, 2.1035151 41.2902056, 2.1036174 41.290171, 2.1037197 41.2901451, 2.103807 41.2901365, 2.1039013 41.2901495, 2.1040307 41.2901899, 2.1041849 41.2902674, 2.1042923 41.2903426, 2.1044248 41.2904531, 2.1045512 41.2905884, 2.1046034 41.2906667, 2.1046652 41.2907984, 2.1047014 41.2909025, 2.1047325 41.2910279, 2.1047392 41.2911592, 2.1047215 41.2913105, 2.1046382 41.2915674, 2.1044697 41.2918801, 2.1046565 41.2919438, 2.1048487 41.2915783, 2.1049117 41.2914016, 2.1049474 41.2912345, 2.1049392 41.2910796, 2.1048991 41.2909533, 2.1052294 41.2909825, 2.1052447 41.2909839, 2.1052552 41.2910125, 2.1052641 41.2911268, 2.1053126 41.2911745, 2.1060371 41.2914084, 2.1064581 41.2915521, 2.1072915 41.2920445, 2.1073195 41.2920756, 2.1073125 41.2921183, 2.1071212 41.2924051, 2.1069967 41.2926607, 2.1068612 41.2929039, 2.1065871 41.2933922, 2.1057607 41.2945633, 2.1048875 41.2942743, 2.1048264 41.2942891, 2.104723 41.2944491, 2.1046087 41.294485, 2.1041571 41.2942384, 2.1034969 41.2940384, 2.1033855 41.2939986, 2.103876 41.2931673, 2.1037554 41.2931258, 2.1028527 41.294641, 2.102784 41.2947051, 2.1027255 41.2947738, 2.1026127 41.294956, 2.1019947 41.2959812, 2.1015262 41.2967648, 2.1006818 41.2981568, 2.1006678 41.2981982, 2.1006618 41.2982406, 2.1006842 41.2983036, 2.1007166 41.2983692, 2.1007684 41.2984177, 2.1008452 41.2984596, 2.1025407 41.2990343, 2.1026862 41.2990885, 2.103008 41.2993153, 2.1035023 41.2998456, 2.1039722 41.3003759, 2.1047998 41.3014101, 2.1058952 41.3028145, 2.1060199 41.3030955, 2.1065045 41.3036467, 2.1071996 41.3044362, 2.1078095 41.3051075, 2.1086445 41.3060389, 2.1089879 41.3064329, 2.109629 41.307171, 2.1096965 41.307315, 2.109721 41.3074325, 2.1097171 41.3075959, 2.1097136 41.3076654, 2.1096654 41.3077845, 2.1096131 41.3078555, 2.1094958 41.308012, 2.1090896 41.3085539, 2.1090028 41.3086004, 2.1089388 41.3086374, 2.1088197 41.3086806, 2.1072173 41.3091989, 2.1071081 41.3092419, 2.1070167 41.3092963, 2.1069306 41.3093864, 2.1064671 41.3101143, 2.1063146 41.3103945, 2.1062993 41.3104676, 2.1062852 41.3105697, 2.1062816 41.3107012, 2.1062693 41.3108876, 2.1062339 41.3110347, 2.1061739 41.3111765, 2.1054177 41.3123811, 2.1051687 41.3127757, 2.104694 41.3135601, 2.0999615 41.3119445, 2.1000118 41.3118613, 2.1000324 41.3118273, 2.1004361 41.31116, 2.1004283 41.3111141, 2.1000318 41.310997, 2.0995777 41.3108628, 2.0991969 41.310812, 2.098809 41.310804, 2.0983037 41.3108468, 2.0980403 41.3108762, 2.0978126 41.3109564, 2.0976239 41.3110446, 2.0974496 41.3111809, 2.0973889 41.3112557, 2.0973108 41.311352, 2.0972338 41.3114233, 2.0971435 41.311507, 2.0969335 41.3116327, 2.0962878 41.3118043, 2.0950723 41.3121272, 2.0948694 41.3121352, 2.0946488 41.3121031, 2.094389 41.3119989, 2.0941933 41.3118011, 2.0941604 41.3117332, 2.0939034 41.3112022, 2.0936558 41.3106905, 2.0934731 41.3109949, 2.0918969 41.3104569, 2.0917009 41.3103303, 2.0905981 41.3099666, 2.0904509 41.309914, 2.0907019 41.3095034, 2.0901689 41.309317, 2.0903439 41.3090039, 2.0874451 41.3080219, 2.0873562 41.3079658, 2.0872819 41.3078871, 2.0872615 41.3077864, 2.0872788 41.3076901, 2.0875927 41.3071783, 2.0830413 41.3056247, 2.0829902 41.3055938, 2.083127 41.3053537, 2.0835486 41.3046315, 2.0722489 41.3006917, 2.0712027 41.3012626, 2.0711378 41.3012358, 2.0709678 41.301355, 2.0701231 41.3010713, 2.0698826 41.3010394, 2.0696565 41.3010419, 2.069413 41.30111, 2.0692546 41.3011854, 2.0691226 41.3012814, 2.068998 41.3013925, 2.0686842 41.3012826, 2.0690839 41.30063, 2.0689839 41.3005949, 2.069047 41.3004853, 2.0690088 41.3004645, 2.0690633 41.3003857, 2.0645607 41.2988319, 2.0599685 41.2972504, 2.0599389 41.2972985, 2.0599896 41.2973227, 2.0596179 41.2979278, 2.0571297 41.297094, 2.0562247 41.2967939, 2.0562495 41.2967457, 2.0557112 41.2965705, 2.0556573 41.2964957, 2.0559457 41.2959957, 2.0560786 41.29599, 2.0561241 41.2959181, 2.056204 41.2959079, 2.0564333 41.295528, 2.055826 41.2953218, 2.0559295 41.2951645, 2.0559947 41.2951888, 2.0562492 41.2947404, 2.0562514 41.2946637, 2.0562903 41.2945599, 2.0563955 41.2944967, 2.0565105 41.2944545, 2.0570779 41.2936476, 2.0572607 41.293323, 2.0573837 41.2930054, 2.0577561 41.2929318, 2.057689 41.2927995, 2.0573934 41.2928632, 2.0573572 41.2927928, 2.0574451 41.2926672, 2.0576929 41.2925804, 2.0580302 41.2923685, 2.0586755 41.2919591, 2.0595423 41.2915481, 2.0610718 41.2907889, 2.0631774 41.2897109, 2.0635655 41.2896194, 2.0637417 41.2896538, 2.0648827 41.2893392, 2.0650482 41.2892735, 2.065225 41.2891645, 2.0653121 41.2890284, 2.0653925 41.2889095, 2.0655699 41.288767, 2.0657315 41.2886851, 2.0659726 41.2886239, 2.066286 41.2885851, 2.0664856 41.2886062, 2.0667483 41.2886766, 2.0669668 41.2887429, 2.0689953 41.2894452, 2.0691536 41.2895036, 2.0692284 41.2895009, 2.069296 41.2894715, 2.069611 41.2895803, 2.0695851 41.2896231, 2.07435 41.2912511, 2.074462 41.2910661, 2.0745021 41.2910798, 2.0750295 41.2902082, 2.0750897 41.2901025, 2.0754669 41.2898485, 2.0763104 41.2898351, 2.0766242 41.2899744, 2.0768206 41.2896367, 2.0766805 41.2895861, 2.0766068 41.2895558, 2.0765442 41.2895261, 2.0764848 41.2894932, 2.0764241 41.2894567, 2.0763775 41.2894259, 2.0763331 41.2893922, 2.0762852 41.2893513, 2.0762428 41.2893137, 2.0762016 41.2892721, 2.0761615 41.2892255, 2.0761192 41.2891691, 2.0760899 41.2891206, 2.0760699 41.2890825, 2.0760504 41.2890376, 2.0760305 41.2889821, 2.0760143 41.2889275, 2.0759993 41.288867, 2.0759907 41.2888051, 2.0759883 41.2887416, 2.0759879 41.288684, 2.0759935 41.2886308, 2.0760021 41.288601, 2.0761474 41.288361, 2.0761965 41.2882799, 2.0765053 41.2877696, 2.0765544 41.2876884, 2.0765823 41.2876422, 2.0765357 41.2876263, 2.0765927 41.2875321, 2.0766418 41.287451, 2.0766524 41.2874334, 2.0764196 41.2873539, 2.0763151 41.2873182, 2.0759326 41.2871875, 2.0758721 41.2871668, 2.0741681 41.2865846, 2.0741077 41.2865639, 2.0725517 41.2860323, 2.0724913 41.2860116, 2.071975 41.2858352, 2.0719114 41.2858, 2.0718533 41.2857374, 2.0718306 41.2856748, 2.0718432 41.2855933, 2.0719038 41.2854871, 2.0718458 41.2854644, 2.0719316 41.2853297, 2.0720603 41.2851212, 2.072088 41.2851155, 2.0721006 41.2850946, 2.072088 41.2850776, 2.0720603 41.28507, 2.0720325 41.2850795, 2.0714244 41.2848633, 2.0714799 41.284778, 2.0715531 41.2847495, 2.0717045 41.2847362, 2.0718018 41.2847295, 2.0714653 41.2840754, 2.0713745 41.2839949, 2.0712333 41.2839498, 2.0711071 41.2839031, 2.0709619 41.2838388, 2.0708852 41.2837388, 2.0708905 41.2836219, 2.0709242 41.2835009, 2.0709909 41.2832469, 2.0710445 41.282984, 2.0710663 41.2827151, 2.0710938 41.2822329, 2.0710739 41.2819718, 2.071062 41.2817792, 2.0711142 41.2816178, 2.0712106 41.2814431, 2.0714645 41.2811175, 2.0715911 41.2809654, 2.0717711 41.2807777, 2.0723496 41.2804285, 2.0727644 41.2802028, 2.0729152 41.2801603, 2.0731687 41.2801518))",Number of parked airplanes, Time series of airport throughput at Aeroport Barcelona - el Prat Josep Tarradellas,BLUE,Aerospacelab SPRL,ES11,Archived
"41.296657915514594,2.0857359721622024",ES,,Barcelona,Aeroport Barcelona - el Prat Josep Tarradellas,Airports: Throughput (archived),Count of airplanes on Sentinel-2 image,Sentinel-2,Sentinel 2 L2A,E13b2,2020-05-27T10:40:31,84.43708609,Average value for 2019,2019,100,"X in [92.2417682563413, 107.75823174365871] --> Normal, X < 92.2417682563413 --> Low, X > 107.75823174365871 --> High",Low,"POLYGON ((2.0731687 41.2801518, 2.0733601 41.2801633, 2.0735425 41.2801934, 2.0739213 41.2803274, 2.0742458 41.28045, 2.0742648 41.2804294, 2.0754768 41.2808281, 2.0758252 41.2809479, 2.0760077 41.2810213, 2.0770616 41.2814801, 2.0774704 41.2816566, 2.0776352 41.281699, 2.078649 41.2819207, 2.0801748 41.2822574, 2.0805205 41.2823552, 2.0808474 41.2824731, 2.084486 41.283721, 2.0890595 41.2852892, 2.0891286 41.2853317, 2.0897135 41.2858352, 2.0898009 41.285875, 2.0916661 41.2865173, 2.0933342 41.2870851, 2.0977675 41.2885929, 2.0979375 41.2886382, 2.0981057 41.2886533, 2.0982842 41.2886338, 2.0984663 41.288639, 2.0997053 41.2890569, 2.1011755 41.2895586, 2.1030503 41.2902016, 2.1031715 41.290232, 2.1032599 41.2902408, 2.1033449 41.2902375, 2.1034327 41.2902249, 2.1035151 41.2902056, 2.1036174 41.290171, 2.1037197 41.2901451, 2.103807 41.2901365, 2.1039013 41.2901495, 2.1040307 41.2901899, 2.1041849 41.2902674, 2.1042923 41.2903426, 2.1044248 41.2904531, 2.1045512 41.2905884, 2.1046034 41.2906667, 2.1046652 41.2907984, 2.1047014 41.2909025, 2.1047325 41.2910279, 2.1047392 41.2911592, 2.1047215 41.2913105, 2.1046382 41.2915674, 2.1044697 41.2918801, 2.1046565 41.2919438, 2.1048487 41.2915783, 2.1049117 41.2914016, 2.1049474 41.2912345, 2.1049392 41.2910796, 2.1048991 41.2909533, 2.1052294 41.2909825, 2.1052447 41.2909839, 2.1052552 41.2910125, 2.1052641 41.2911268, 2.1053126 41.2911745, 2.1060371 41.2914084, 2.1064581 41.2915521, 2.1072915 41.2920445, 2.1073195 41.2920756, 2.1073125 41.2921183, 2.1071212 41.2924051, 2.1069967 41.2926607, 2.1068612 41.2929039, 2.1065871 41.2933922, 2.1057607 41.2945633, 2.1048875 41.2942743, 2.1048264 41.2942891, 2.104723 41.2944491, 2.1046087 41.294485, 2.1041571 41.2942384, 2.1034969 41.2940384, 2.1033855 41.2939986, 2.103876 41.2931673, 2.1037554 41.2931258, 2.1028527 41.294641, 2.102784 41.2947051, 2.1027255 41.2947738, 2.1026127 41.294956, 2.1019947 41.2959812, 2.1015262 41.2967648, 2.1006818 41.2981568, 2.1006678 41.2981982, 2.1006618 41.2982406, 2.1006842 41.2983036, 2.1007166 41.2983692, 2.1007684 41.2984177, 2.1008452 41.2984596, 2.1025407 41.2990343, 2.1026862 41.2990885, 2.103008 41.2993153, 2.1035023 41.2998456, 2.1039722 41.3003759, 2.1047998 41.3014101, 2.1058952 41.3028145, 2.1060199 41.3030955, 2.1065045 41.3036467, 2.1071996 41.3044362, 2.1078095 41.3051075, 2.1086445 41.3060389, 2.1089879 41.3064329, 2.109629 41.307171, 2.1096965 41.307315, 2.109721 41.3074325, 2.1097171 41.3075959, 2.1097136 41.3076654, 2.1096654 41.3077845, 2.1096131 41.3078555, 2.1094958 41.308012, 2.1090896 41.3085539, 2.1090028 41.3086004, 2.1089388 41.3086374, 2.1088197 41.3086806, 2.1072173 41.3091989, 2.1071081 41.3092419, 2.1070167 41.3092963, 2.1069306 41.3093864, 2.1064671 41.3101143, 2.1063146 41.3103945, 2.1062993 41.3104676, 2.1062852 41.3105697, 2.1062816 41.3107012, 2.1062693 41.3108876, 2.1062339 41.3110347, 2.1061739 41.3111765, 2.1054177 41.3123811, 2.1051687 41.3127757, 2.104694 41.3135601, 2.0999615 41.3119445, 2.1000118 41.3118613, 2.1000324 41.3118273, 2.1004361 41.31116, 2.1004283 41.3111141, 2.1000318 41.310997, 2.0995777 41.3108628, 2.0991969 41.310812, 2.098809 41.310804, 2.0983037 41.3108468, 2.0980403 41.3108762, 2.0978126 41.3109564, 2.0976239 41.3110446, 2.0974496 41.3111809, 2.0973889 41.3112557, 2.0973108 41.311352, 2.0972338 41.3114233, 2.0971435 41.311507, 2.0969335 41.3116327, 2.0962878 41.3118043, 2.0950723 41.3121272, 2.0948694 41.3121352, 2.0946488 41.3121031, 2.094389 41.3119989, 2.0941933 41.3118011, 2.0941604 41.3117332, 2.0939034 41.3112022, 2.0936558 41.3106905, 2.0934731 41.3109949, 2.0918969 41.3104569, 2.0917009 41.3103303, 2.0905981 41.3099666, 2.0904509 41.309914, 2.0907019 41.3095034, 2.0901689 41.309317, 2.0903439 41.3090039, 2.0874451 41.3080219, 2.0873562 41.3079658, 2.0872819 41.3078871, 2.0872615 41.3077864, 2.0872788 41.3076901, 2.0875927 41.3071783, 2.0830413 41.3056247, 2.0829902 41.3055938, 2.083127 41.3053537, 2.0835486 41.3046315, 2.0722489 41.3006917, 2.0712027 41.3012626, 2.0711378 41.3012358, 2.0709678 41.301355, 2.0701231 41.3010713, 2.0698826 41.3010394, 2.0696565 41.3010419, 2.069413 41.30111, 2.0692546 41.3011854, 2.0691226 41.3012814, 2.068998 41.3013925, 2.0686842 41.3012826, 2.0690839 41.30063, 2.0689839 41.3005949, 2.069047 41.3004853, 2.0690088 41.3004645, 2.0690633 41.3003857, 2.0645607 41.2988319, 2.0599685 41.2972504, 2.0599389 41.2972985, 2.0599896 41.2973227, 2.0596179 41.2979278, 2.0571297 41.297094, 2.0562247 41.2967939, 2.0562495 41.2967457, 2.0557112 41.2965705, 2.0556573 41.2964957, 2.0559457 41.2959957, 2.0560786 41.29599, 2.0561241 41.2959181, 2.056204 41.2959079, 2.0564333 41.295528, 2.055826 41.2953218, 2.0559295 41.2951645, 2.0559947 41.2951888, 2.0562492 41.2947404, 2.0562514 41.2946637, 2.0562903 41.2945599, 2.0563955 41.2944967, 2.0565105 41.2944545, 2.0570779 41.2936476, 2.0572607 41.293323, 2.0573837 41.2930054, 2.0577561 41.2929318, 2.057689 41.2927995, 2.0573934 41.2928632, 2.0573572 41.2927928, 2.0574451 41.2926672, 2.0576929 41.2925804, 2.0580302 41.2923685, 2.0586755 41.2919591, 2.0595423 41.2915481, 2.0610718 41.2907889, 2.0631774 41.2897109, 2.0635655 41.2896194, 2.0637417 41.2896538, 2.0648827 41.2893392, 2.0650482 41.2892735, 2.065225 41.2891645, 2.0653121 41.2890284, 2.0653925 41.2889095, 2.0655699 41.288767, 2.0657315 41.2886851, 2.0659726 41.2886239, 2.066286 41.2885851, 2.0664856 41.2886062, 2.0667483 41.2886766, 2.0669668 41.2887429, 2.0689953 41.2894452, 2.0691536 41.2895036, 2.0692284 41.2895009, 2.069296 41.2894715, 2.069611 41.2895803, 2.0695851 41.2896231, 2.07435 41.2912511, 2.074462 41.2910661, 2.0745021 41.2910798, 2.0750295 41.2902082, 2.0750897 41.2901025, 2.0754669 41.2898485, 2.0763104 41.2898351, 2.0766242 41.2899744, 2.0768206 41.2896367, 2.0766805 41.2895861, 2.0766068 41.2895558, 2.0765442 41.2895261, 2.0764848 41.2894932, 2.0764241 41.2894567, 2.0763775 41.2894259, 2.0763331 41.2893922, 2.0762852 41.2893513, 2.0762428 41.2893137, 2.0762016 41.2892721, 2.0761615 41.2892255, 2.0761192 41.2891691, 2.0760899 41.2891206, 2.0760699 41.2890825, 2.0760504 41.2890376, 2.0760305 41.2889821, 2.0760143 41.2889275, 2.0759993 41.288867, 2.0759907 41.2888051, 2.0759883 41.2887416, 2.0759879 41.288684, 2.0759935 41.2886308, 2.0760021 41.288601, 2.0761474 41.288361, 2.0761965 41.2882799, 2.0765053 41.2877696, 2.0765544 41.2876884, 2.0765823 41.2876422, 2.0765357 41.2876263, 2.0765927 41.2875321, 2.0766418 41.287451, 2.0766524 41.2874334, 2.0764196 41.2873539, 2.0763151 41.2873182, 2.0759326 41.2871875, 2.0758721 41.2871668, 2.0741681 41.2865846, 2.0741077 41.2865639, 2.0725517 41.2860323, 2.0724913 41.2860116, 2.071975 41.2858352, 2.0719114 41.2858, 2.0718533 41.2857374, 2.0718306 41.2856748, 2.0718432 41.2855933, 2.0719038 41.2854871, 2.0718458 41.2854644, 2.0719316 41.2853297, 2.0720603 41.2851212, 2.072088 41.2851155, 2.0721006 41.2850946, 2.072088 41.2850776, 2.0720603 41.28507, 2.0720325 41.2850795, 2.0714244 41.2848633, 2.0714799 41.284778, 2.0715531 41.2847495, 2.0717045 41.2847362, 2.0718018 41.2847295, 2.0714653 41.2840754, 2.0713745 41.2839949, 2.0712333 41.2839498, 2.0711071 41.2839031, 2.0709619 41.2838388, 2.0708852 41.2837388, 2.0708905 41.2836219, 2.0709242 41.2835009, 2.0709909 41.2832469, 2.0710445 41.282984, 2.0710663 41.2827151, 2.0710938 41.2822329, 2.0710739 41.2819718, 2.071062 41.2817792, 2.0711142 41.2816178, 2.0712106 41.2814431, 2.0714645 41.2811175, 2.0715911 41.2809654, 2.0717711 41.2807777, 2.0723496 41.2804285, 2.0727644 41.2802028, 2.0729152 41.2801603, 2.0731687 41.2801518))",Number of parked airplanes, Time series of airport throughput at Aeroport Barcelona - el Prat Josep Tarradellas,GREEN,Aerospacelab SPRL,ES11,Archived
"41.296657915514594,2.0857359721622024",ES,,Barcelona,Aeroport Barcelona - el Prat Josep Tarradellas,Airports: Throughput (archived),Count of airplanes on Sentinel-2 image,Sentinel-2,Sentinel 2 L2A,E13b2,2020-06-06T10:40:31,97.57174393,Average value for 2019,2019,100,"X in [92.2417682563413, 107.75823174365871] --> Normal, X < 92.2417682563413 --> Low, X > 107.75823174365871 --> High",Normal,"POLYGON ((2.0731687 41.2801518, 2.0733601 41.2801633, 2.0735425 41.2801934, 2.0739213 41.2803274, 2.0742458 41.28045, 2.0742648 41.2804294, 2.0754768 41.2808281, 2.0758252 41.2809479, 2.0760077 41.2810213, 2.0770616 41.2814801, 2.0774704 41.2816566, 2.0776352 41.281699, 2.078649 41.2819207, 2.0801748 41.2822574, 2.0805205 41.2823552, 2.0808474 41.2824731, 2.084486 41.283721, 2.0890595 41.2852892, 2.0891286 41.2853317, 2.0897135 41.2858352, 2.0898009 41.285875, 2.0916661 41.2865173, 2.0933342 41.2870851, 2.0977675 41.2885929, 2.0979375 41.2886382, 2.0981057 41.2886533, 2.0982842 41.2886338, 2.0984663 41.288639, 2.0997053 41.2890569, 2.1011755 41.2895586, 2.1030503 41.2902016, 2.1031715 41.290232, 2.1032599 41.2902408, 2.1033449 41.2902375, 2.1034327 41.2902249, 2.1035151 41.2902056, 2.1036174 41.290171, 2.1037197 41.2901451, 2.103807 41.2901365, 2.1039013 41.2901495, 2.1040307 41.2901899, 2.1041849 41.2902674, 2.1042923 41.2903426, 2.1044248 41.2904531, 2.1045512 41.2905884, 2.1046034 41.2906667, 2.1046652 41.2907984, 2.1047014 41.2909025, 2.1047325 41.2910279, 2.1047392 41.2911592, 2.1047215 41.2913105, 2.1046382 41.2915674, 2.1044697 41.2918801, 2.1046565 41.2919438, 2.1048487 41.2915783, 2.1049117 41.2914016, 2.1049474 41.2912345, 2.1049392 41.2910796, 2.1048991 41.2909533, 2.1052294 41.2909825, 2.1052447 41.2909839, 2.1052552 41.2910125, 2.1052641 41.2911268, 2.1053126 41.2911745, 2.1060371 41.2914084, 2.1064581 41.2915521, 2.1072915 41.2920445, 2.1073195 41.2920756, 2.1073125 41.2921183, 2.1071212 41.2924051, 2.1069967 41.2926607, 2.1068612 41.2929039, 2.1065871 41.2933922, 2.1057607 41.2945633, 2.1048875 41.2942743, 2.1048264 41.2942891, 2.104723 41.2944491, 2.1046087 41.294485, 2.1041571 41.2942384, 2.1034969 41.2940384, 2.1033855 41.2939986, 2.103876 41.2931673, 2.1037554 41.2931258, 2.1028527 41.294641, 2.102784 41.2947051, 2.1027255 41.2947738, 2.1026127 41.294956, 2.1019947 41.2959812, 2.1015262 41.2967648, 2.1006818 41.2981568, 2.1006678 41.2981982, 2.1006618 41.2982406, 2.1006842 41.2983036, 2.1007166 41.2983692, 2.1007684 41.2984177, 2.1008452 41.2984596, 2.1025407 41.2990343, 2.1026862 41.2990885, 2.103008 41.2993153, 2.1035023 41.2998456, 2.1039722 41.3003759, 2.1047998 41.3014101, 2.1058952 41.3028145, 2.1060199 41.3030955, 2.1065045 41.3036467, 2.1071996 41.3044362, 2.1078095 41.3051075, 2.1086445 41.3060389, 2.1089879 41.3064329, 2.109629 41.307171, 2.1096965 41.307315, 2.109721 41.3074325, 2.1097171 41.3075959, 2.1097136 41.3076654, 2.1096654 41.3077845, 2.1096131 41.3078555, 2.1094958 41.308012, 2.1090896 41.3085539, 2.1090028 41.3086004, 2.1089388 41.3086374, 2.1088197 41.3086806, 2.1072173 41.3091989, 2.1071081 41.3092419, 2.1070167 41.3092963, 2.1069306 41.3093864, 2.1064671 41.3101143, 2.1063146 41.3103945, 2.1062993 41.3104676, 2.1062852 41.3105697, 2.1062816 41.3107012, 2.1062693 41.3108876, 2.1062339 41.3110347, 2.1061739 41.3111765, 2.1054177 41.3123811, 2.1051687 41.3127757, 2.104694 41.3135601, 2.0999615 41.3119445, 2.1000118 41.3118613, 2.1000324 41.3118273, 2.1004361 41.31116, 2.1004283 41.3111141, 2.1000318 41.310997, 2.0995777 41.3108628, 2.0991969 41.310812, 2.098809 41.310804, 2.0983037 41.3108468, 2.0980403 41.3108762, 2.0978126 41.3109564, 2.0976239 41.3110446, 2.0974496 41.3111809, 2.0973889 41.3112557, 2.0973108 41.311352, 2.0972338 41.3114233, 2.0971435 41.311507, 2.0969335 41.3116327, 2.0962878 41.3118043, 2.0950723 41.3121272, 2.0948694 41.3121352, 2.0946488 41.3121031, 2.094389 41.3119989, 2.0941933 41.3118011, 2.0941604 41.3117332, 2.0939034 41.3112022, 2.0936558 41.3106905, 2.0934731 41.3109949, 2.0918969 41.3104569, 2.0917009 41.3103303, 2.0905981 41.3099666, 2.0904509 41.309914, 2.0907019 41.3095034, 2.0901689 41.309317, 2.0903439 41.3090039, 2.0874451 41.3080219, 2.0873562 41.3079658, 2.0872819 41.3078871, 2.0872615 41.3077864, 2.0872788 41.3076901, 2.0875927 41.3071783, 2.0830413 41.3056247, 2.0829902 41.3055938, 2.083127 41.3053537, 2.0835486 41.3046315, 2.0722489 41.3006917, 2.0712027 41.3012626, 2.0711378 41.3012358, 2.0709678 41.301355, 2.0701231 41.3010713, 2.0698826 41.3010394, 2.0696565 41.3010419, 2.069413 41.30111, 2.0692546 41.3011854, 2.0691226 41.3012814, 2.068998 41.3013925, 2.0686842 41.3012826, 2.0690839 41.30063, 2.0689839 41.3005949, 2.069047 41.3004853, 2.0690088 41.3004645, 2.0690633 41.3003857, 2.0645607 41.2988319, 2.0599685 41.2972504, 2.0599389 41.2972985, 2.0599896 41.2973227, 2.0596179 41.2979278, 2.0571297 41.297094, 2.0562247 41.2967939, 2.0562495 41.2967457, 2.0557112 41.2965705, 2.0556573 41.2964957, 2.0559457 41.2959957, 2.0560786 41.29599, 2.0561241 41.2959181, 2.056204 41.2959079, 2.0564333 41.295528, 2.055826 41.2953218, 2.0559295 41.2951645, 2.0559947 41.2951888, 2.0562492 41.2947404, 2.0562514 41.2946637, 2.0562903 41.2945599, 2.0563955 41.2944967, 2.0565105 41.2944545, 2.0570779 41.2936476, 2.0572607 41.293323, 2.0573837 41.2930054, 2.0577561 41.2929318, 2.057689 41.2927995, 2.0573934 41.2928632, 2.0573572 41.2927928, 2.0574451 41.2926672, 2.0576929 41.2925804, 2.0580302 41.2923685, 2.0586755 41.2919591, 2.0595423 41.2915481, 2.0610718 41.2907889, 2.0631774 41.2897109, 2.0635655 41.2896194, 2.0637417 41.2896538, 2.0648827 41.2893392, 2.0650482 41.2892735, 2.065225 41.2891645, 2.0653121 41.2890284, 2.0653925 41.2889095, 2.0655699 41.288767, 2.0657315 41.2886851, 2.0659726 41.2886239, 2.066286 41.2885851, 2.0664856 41.2886062, 2.0667483 41.2886766, 2.0669668 41.2887429, 2.0689953 41.2894452, 2.0691536 41.2895036, 2.0692284 41.2895009, 2.069296 41.2894715, 2.069611 41.2895803, 2.0695851 41.2896231, 2.07435 41.2912511, 2.074462 41.2910661, 2.0745021 41.2910798, 2.0750295 41.2902082, 2.0750897 41.2901025, 2.0754669 41.2898485, 2.0763104 41.2898351, 2.0766242 41.2899744, 2.0768206 41.2896367, 2.0766805 41.2895861, 2.0766068 41.2895558, 2.0765442 41.2895261, 2.0764848 41.2894932, 2.0764241 41.2894567, 2.0763775 41.2894259, 2.0763331 41.2893922, 2.0762852 41.2893513, 2.0762428 41.2893137, 2.0762016 41.2892721, 2.0761615 41.2892255, 2.0761192 41.2891691, 2.0760899 41.2891206, 2.0760699 41.2890825, 2.0760504 41.2890376, 2.0760305 41.2889821, 2.0760143 41.2889275, 2.0759993 41.288867, 2.0759907 41.2888051, 2.0759883 41.2887416, 2.0759879 41.288684, 2.0759935 41.2886308, 2.0760021 41.288601, 2.0761474 41.288361, 2.0761965 41.2882799, 2.0765053 41.2877696, 2.0765544 41.2876884, 2.0765823 41.2876422, 2.0765357 41.2876263, 2.0765927 41.2875321, 2.0766418 41.287451, 2.0766524 41.2874334, 2.0764196 41.2873539, 2.0763151 41.2873182, 2.0759326 41.2871875, 2.0758721 41.2871668, 2.0741681 41.2865846, 2.0741077 41.2865639, 2.0725517 41.2860323, 2.0724913 41.2860116, 2.071975 41.2858352, 2.0719114 41.2858, 2.0718533 41.2857374, 2.0718306 41.2856748, 2.0718432 41.2855933, 2.0719038 41.2854871, 2.0718458 41.2854644, 2.0719316 41.2853297, 2.0720603 41.2851212, 2.072088 41.2851155, 2.0721006 41.2850946, 2.072088 41.2850776, 2.0720603 41.28507, 2.0720325 41.2850795, 2.0714244 41.2848633, 2.0714799 41.284778, 2.0715531 41.2847495, 2.0717045 41.2847362, 2.0718018 41.2847295, 2.0714653 41.2840754, 2.0713745 41.2839949, 2.0712333 41.2839498, 2.0711071 41.2839031, 2.0709619 41.2838388, 2.0708852 41.2837388, 2.0708905 41.2836219, 2.0709242 41.2835009, 2.0709909 41.2832469, 2.0710445 41.282984, 2.0710663 41.2827151, 2.0710938 41.2822329, 2.0710739 41.2819718, 2.071062 41.2817792, 2.0711142 41.2816178, 2.0712106 41.2814431, 2.0714645 41.2811175, 2.0715911 41.2809654, 2.0717711 41.2807777, 2.0723496 41.2804285, 2.0727644 41.2802028, 2.0729152 41.2801603, 2.0731687 41.2801518))",Number of parked airplanes, Time series of airport throughput at Aeroport Barcelona - el Prat Josep Tarradellas,BLUE,Aerospacelab SPRL,ES11,Archived
"49.006976345624935,2.559786183921451",FR,,Paris,Aéroport Roissy Charles de Gaulle,Airports: Throughput (archived),Count of airplanes on Sentinel-2 image,Sentinel-2,Sentinel 2 L2A,E13b2,2019-06-28T10:56:21,108.9605735,Average value for 2019,2019,100,"X in [92.92200219341512, 107.07799780658488] --> Normal, X < 92.92200219341512 --> Low, X > 107.07799780658488 --> High",High,"POLYGON ((2.6361785 48.997775, 2.633425 48.9975045, 2.6325399 48.9973743, 2.6319927 48.9979268, 2.6325774 48.9987856, 2.6329154 49.0012351, 2.6327491 49.0016556, 2.6307455 49.0025108, 2.6304933 49.0023261, 2.6300186 49.0024316, 2.6297383 49.002531, 2.6296685 49.0025451, 2.6290544 49.0024536, 2.6283703 49.0023428, 2.6277427 49.0024836, 2.6275188 49.0026894, 2.62726 49.0029208, 2.6271419 49.0036642, 2.6269676 49.0038049, 2.6243007 49.0048694, 2.6205096 49.0065116, 2.615738 49.0084191, 2.6131944 49.0094278, 2.6125349 49.0096347, 2.6103181 49.0104714, 2.6095786 49.0110253, 2.6061153 49.0125479, 2.6048976 49.0130301, 2.6045028 49.0131864, 2.6040752 49.0133557, 2.6035848 49.0135499, 2.6033377 49.0136477, 2.6027146 49.0138945, 2.6003872 49.0148159, 2.6000187 49.0144438, 2.5995108 49.0146367, 2.5986351 49.0138303, 2.5983608 49.0137606, 2.5956284 49.0136822, 2.5938941 49.0134709, 2.5898444 49.0138444, 2.5877629 49.014365, 2.5863981 49.015291, 2.5841667 49.0183537, 2.5834579 49.0195713, 2.5841131 49.0218433, 2.5843296 49.0227807, 2.5851712 49.024207, 2.5848609 49.0246823, 2.584621 49.0250497, 2.5841449 49.0257781, 2.5836992 49.0264817, 2.5832988 49.0270969, 2.5831895 49.0272598, 2.582919 49.0276611, 2.582574 49.0275613, 2.5820716 49.027869, 2.5803459 49.0287112, 2.5802484 49.0287483, 2.5798227 49.0290117, 2.5792389 49.0293061, 2.5785789 49.0295845, 2.578003 49.0297885, 2.5774072 49.0299671, 2.5767943 49.0301209, 2.5759136 49.0302967, 2.5751176 49.0304168, 2.5744912 49.0304866, 2.5738413 49.0305442, 2.5729069 49.0305776, 2.5719752 49.0305805, 2.5709083 49.0305437, 2.5699754 49.0304802, 2.5685638 49.0303376, 2.5680279 49.0302649, 2.5673221 49.0301697, 2.5669905 49.0301156, 2.5659127 49.0299398, 2.5652126 49.0298256, 2.5630607 49.0294299, 2.5624106 49.0293104, 2.5623147 49.0292927, 2.5620652 49.0292573, 2.5618597 49.0292282, 2.5616981 49.0292052, 2.5615218 49.0291802, 2.5607287 49.0291249, 2.560513 49.0291099, 2.5601511 49.0290846, 2.559952 49.0290572, 2.5597873 49.0290345, 2.5596847 49.0290316, 2.5582797 49.028828, 2.5579207 49.0287766, 2.5577222 49.028754, 2.5574907 49.0287276, 2.5570178 49.0286738, 2.5565527 49.0286286, 2.5562917 49.0286032, 2.5560789 49.0285826, 2.5559092 49.0285661, 2.555718 49.0285475, 2.5554014 49.0285167, 2.554542 49.0284215, 2.5536921 49.0282804, 2.5535492 49.0282563, 2.5527435 49.0281204, 2.5517804 49.0280064, 2.5508078 49.027939, 2.5498788 49.027922, 2.5489445 49.027924, 2.5475567 49.027927, 2.5473371 49.0279274, 2.5468981 49.0279284, 2.5463875 49.0279295, 2.5459325 49.0279247, 2.5456265 49.0279171, 2.5453209 49.0279046, 2.5450158 49.0278871, 2.5444016 49.027831, 2.543793 49.0277519, 2.5428009 49.0276036, 2.5420759 49.0274958, 2.5421888 49.0272683, 2.5411422 49.0270891, 2.5411553 49.0269906, 2.5401995 49.0268665, 2.5392404 49.0268573, 2.5384647 49.0269056, 2.5377463 49.0270183, 2.5374958 49.0269245, 2.5371712 49.0263793, 2.5362716 49.0265224, 2.5358211 49.0266341, 2.5355136 49.0267733, 2.5348033 49.026535, 2.534489 49.0265253, 2.5341564 49.0267364, 2.5332541 49.0267663, 2.5326102 49.0270748, 2.5323741 49.0270155, 2.5321575 49.0274748, 2.5319127 49.0275965, 2.5315125 49.0279824, 2.5312506 49.0280632, 2.5309298 49.028178, 2.5305151 49.0282625, 2.5302587 49.0283053, 2.5296423 49.0283602, 2.5294165 49.0283723, 2.5290354 49.0283812, 2.5283592 49.0283537, 2.5271203 49.028214, 2.5269736 49.0281975, 2.5267925 49.0281771, 2.5265697 49.0281519, 2.5261631 49.0281147, 2.5250465 49.028014, 2.5231622 49.0277919, 2.5196222 49.0273305, 2.5189217 49.0272276, 2.5179381 49.0270771, 2.5174651 49.0268636, 2.5174053 49.0269938, 2.5170445 49.0269382, 2.5158532 49.0267772, 2.5155167 49.0267383, 2.515156 49.0266996, 2.514497 49.0266408, 2.5140704 49.0266116, 2.513716 49.0265933, 2.5134809 49.0265842, 2.5131994 49.026579, 2.512638 49.0265792, 2.512132 49.026571, 2.5119837 49.0265575, 2.5119566 49.0264904, 2.5116892 49.0265125, 2.5112466 49.026363, 2.5110203 49.02601, 2.510816 49.0260516, 2.5105855 49.0262716, 2.5100756 49.0266109, 2.5098759 49.026577, 2.5096791 49.0265364, 2.5094855 49.0264892, 2.5092958 49.0264356, 2.5091102 49.0263758, 2.5089293 49.0263098, 2.5087536 49.0262378, 2.5085834 49.02616, 2.5084193 49.0260767, 2.5082616 49.0259879, 2.5081106 49.0258939, 2.5079669 49.025795, 2.5078307 49.0256915, 2.5076578 49.0255531, 2.5069949 49.0250228, 2.5068151 49.0248926, 2.5067071 49.0248259, 2.5065939 49.0247632, 2.5064757 49.0247048, 2.5063529 49.0246508, 2.506226 49.0246013, 2.5060953 49.0245565, 2.5038564 49.0244533, 2.5014775 49.0243359, 2.4986658 49.0241915, 2.4976114 49.0225424, 2.4938821 49.016707, 2.4936038 49.0162263, 2.4933449 49.0157325, 2.4931207 49.015206, 2.4911452 49.0100741, 2.491202 49.0100221, 2.4923742 49.009777, 2.4938521 49.0094679, 2.4944729 49.0093381, 2.4951016 49.0091665, 2.4966191 49.0086445, 2.4970587 49.0084018, 2.4982039 49.0077092, 2.4985712 49.0075443, 2.4996408 49.0074391, 2.4999793 49.0073907, 2.5004403 49.0072933, 2.5013635 49.007066, 2.5018534 49.0069236, 2.5018927 49.0069792, 2.5023487 49.0068358, 2.5026581 49.0067699, 2.5033101 49.0065494, 2.5043619 49.006197, 2.5049593 49.0059973, 2.505359 49.005864, 2.5054192 49.0058675, 2.5054391 49.0057746, 2.5065264 49.0051953, 2.5064257 49.0051071, 2.5079016 49.0043757, 2.5085443 49.0041507, 2.5089188 49.0044489, 2.5094105 49.0044274, 2.5096786 49.0047692, 2.509688 49.0048308, 2.5097631 49.0049346, 2.5100219 49.0050771, 2.5102352 49.0053182, 2.5114621 49.0066747, 2.5118528 49.0071018, 2.512653 49.0074747, 2.5138334 49.0078162, 2.51397 49.0091705, 2.5140968 49.0093535, 2.5151124 49.009007, 2.51508 49.0097147, 2.5150181 49.0100857, 2.5148409 49.0105946, 2.5149641 49.0106171, 2.5148518 49.010981, 2.5172488 49.0099122, 2.517514 49.0101689, 2.5190207 49.0096316, 2.5199846 49.0087957, 2.5204018 49.0088093, 2.5204476 49.0087133, 2.5204934 49.0086174, 2.5215384 49.0086757, 2.5215465 49.0086087, 2.5241513 49.0087485, 2.5240759 49.0083866, 2.5240032 49.0080404, 2.5239277 49.0077852, 2.5237599 49.0075211, 2.5235363 49.0073052, 2.5232409 49.0071158, 2.5227223 49.0069131, 2.5223236 49.006837, 2.5205258 49.0064919, 2.5211116 49.0063353, 2.5218868 49.0064857, 2.5221828 49.0063191, 2.5223381 49.0056457, 2.5222792 49.0047263, 2.5213408 49.0025975, 2.5198706 49.0004921, 2.518037 48.9981443, 2.5178762 48.9979815, 2.5172694 48.9974137, 2.5168307 48.9970624, 2.515963 48.9970735, 2.5158237 48.9971709, 2.515543 48.9972338, 2.5153673 48.9972663, 2.5151847 48.9972948, 2.5150702 48.9973039, 2.5149361 48.9973078, 2.5147833 48.997305, 2.5146571 48.997292, 2.5144799 48.9972669, 2.5143582 48.9972415, 2.5142122 48.9972024, 2.5141032 48.9971656, 2.513981 48.9971159, 2.5135814 48.9974848, 2.5135483 48.9973782, 2.5132652 48.9970963, 2.5131718 48.9964842, 2.5133452 48.9966174, 2.5133354 48.9963574, 2.5131283 48.9961896, 2.5133097 48.9955309, 2.5134694 48.9954485, 2.5136478 48.9953564, 2.5137722 48.9951597, 2.5137545 48.9949, 2.5137195 48.994655, 2.5134776 48.994098, 2.5134136 48.9940462, 2.512215 48.9913634, 2.5099656 48.9892761, 2.5108651 48.9893247, 2.512302 48.9908232, 2.5134589 48.9917775, 2.5144258 48.99225, 2.5151765 48.9924929, 2.515531 48.9925922, 2.5158693 48.9928524, 2.5163999 48.9932608, 2.516853 48.9930307, 2.5169743 48.993079, 2.5176046 48.9923911, 2.5176609 48.992285, 2.5186927 48.9911079, 2.5188735 48.9905817, 2.5193645 48.9891131, 2.5193671 48.9891064, 2.5196244 48.9883373, 2.5198142 48.9877701, 2.520095 48.9869174, 2.5207371 48.9853502, 2.5246052 48.9839833, 2.527642 48.9838655, 2.5315507 48.9837135, 2.5332548 48.9837062, 2.5354709 48.9836728, 2.5375768 48.9834369, 2.5390245 48.9832747, 2.5396686 48.9832025, 2.5399951 48.9831659, 2.5418528 48.9828919, 2.5428266 48.9828244, 2.5433582 48.9836882, 2.5440364 48.9848044, 2.5451427 48.9865915, 2.5451198 48.9867969, 2.545495 48.9874781, 2.5459718 48.9883432, 2.5460793 48.9886556, 2.5462373 48.9890086, 2.546616 48.9890427, 2.5467075 48.989278, 2.5470432 48.9880999, 2.547454 48.9894612, 2.5475722 48.989653, 2.5497148 48.9900674, 2.5497987 48.9900655, 2.549977 48.9900729, 2.5501163 48.9900786, 2.5506633 48.9900158, 2.5509431 48.989972, 2.5515237 48.9898716, 2.5520331 48.9897407, 2.5525343 48.9895965, 2.5526859 48.9895456, 2.5530312 48.9894296, 2.5532985 48.9893546, 2.5535262 48.9892926, 2.5538227 48.989224, 2.5540906 48.9891887, 2.5544849 48.989115, 2.5547508 48.9890738, 2.5551551 48.9890298, 2.5557025 48.9889981, 2.5558212 48.9889912, 2.5559086 48.9889895, 2.5559225 48.9889892, 2.5560079 48.9889887, 2.5562069 48.9889874, 2.5565679 48.9889783, 2.5569818 48.9890007, 2.5575224 48.9890605, 2.558087 48.9891461, 2.5585922 48.9892227, 2.5596181 48.9893281, 2.5598411 48.9893503, 2.560082 48.9893743, 2.5604851 48.9893957, 2.5607403 48.9894073, 2.561038 48.9894064, 2.5614478 48.9893971, 2.5624564 48.9893761, 2.5626368 48.9893803, 2.5629954 48.9893592, 2.5633408 48.9893553, 2.5638878 48.9893635, 2.564571 48.9893886, 2.5649854 48.9894097, 2.5652127 48.9894247, 2.565798 48.9894632, 2.5661082 48.9894803, 2.5666449 48.9895387, 2.5667965 48.9895552, 2.5670202 48.9895795, 2.567878 48.989685, 2.5684558 48.9897783, 2.5696679 48.9899992, 2.5699302 48.9899731, 2.5699968 48.9900769, 2.5722913 48.9906143, 2.5730723 48.9907899, 2.5740596 48.991029, 2.574399 48.9911218, 2.5752963 48.9913374, 2.5760441 48.9914982, 2.5763711 48.9915527, 2.576848 48.9916143, 2.5771844 48.9916504, 2.5778611 48.9917008, 2.5786071 48.9917324, 2.5792864 48.9917525, 2.5799659 48.9917593, 2.5806503 48.9917576, 2.5809083 48.9917376, 2.5817565 48.9917475, 2.5820231 48.9917777, 2.5822994 48.9917846, 2.5825751 48.991799, 2.5833606 48.9918672, 2.5839672 48.9919462, 2.5847563 48.9920568, 2.5851535 48.9921026, 2.5855813 48.9921263, 2.58601 48.9921369, 2.58699 48.9901183, 2.5877206 48.9901522, 2.58817 48.990173, 2.5906156 48.9902849, 2.5912279 48.9903124, 2.5925085 48.9903698, 2.5932105 48.9904011, 2.5962313 48.9905355, 2.599219 48.9906679, 2.5996702 48.9906879, 2.5998601 48.9906963, 2.6000667 48.9907054, 2.6002292 48.9907126, 2.601186 48.9907633, 2.6097791 48.9912266, 2.6097812 48.9912096, 2.6110831 48.9912965, 2.6112855 48.9913073, 2.6114062 48.9913138, 2.6150597 48.99147, 2.6151612 48.9912009, 2.6167363 48.991419, 2.6167355 48.9916087, 2.6183905 48.9917123, 2.6193783 48.991808, 2.6215466 48.9927442, 2.6221434 48.9934805, 2.622623 48.9941185, 2.6227918 48.9943661, 2.6234675 48.994965, 2.6269994 48.9952126, 2.6281681 48.9952947, 2.6313958 48.995552, 2.6341819 48.9958019, 2.6341824 48.9956604, 2.6342427 48.9956629, 2.6364539 48.9959933, 2.6374963 48.9939523, 2.6369763 48.9917093, 2.6352843 48.9912998, 2.6364646 48.9880307, 2.6367961 48.9881211, 2.6382841 48.9883419, 2.6397861 48.9886585, 2.6423353 48.9890953, 2.6428699 48.9892308, 2.6433815 48.9893965, 2.6444579 48.9897482, 2.6471176 48.9905212, 2.6489389 48.9909099, 2.6499404 48.9952845, 2.6464785 48.9966362, 2.64637 48.9965109, 2.6424245 48.9979901, 2.6419957 48.9980985, 2.6417528 48.998145, 2.6410666 48.9981766, 2.6361785 48.997775))",Number of parked airplanes, Time series of airport throughput at Aéroport Roissy Charles de Gaulle,RED,Aerospacelab SPRL,FR8,Archived
"49.006976345624935,2.559786183921451",FR,,Paris,Aéroport Roissy Charles de Gaulle,Airports: Throughput (archived),Count of airplanes on Sentinel-2 image,Sentinel-2,Sentinel 2 L2A,E13b2,2019-07-03T10:56:29,102.2700119,Average value for 2019,2019,100,"X in [92.92200219341512, 107.07799780658488] --> Normal, X < 92.92200219341512 --> Low, X > 107.07799780658488 --> High",Normal,"POLYGON ((2.6361785 48.997775, 2.633425 48.9975045, 2.6325399 48.9973743, 2.6319927 48.9979268, 2.6325774 48.9987856, 2.6329154 49.0012351, 2.6327491 49.0016556, 2.6307455 49.0025108, 2.6304933 49.0023261, 2.6300186 49.0024316, 2.6297383 49.002531, 2.6296685 49.0025451, 2.6290544 49.0024536, 2.6283703 49.0023428, 2.6277427 49.0024836, 2.6275188 49.0026894, 2.62726 49.0029208, 2.6271419 49.0036642, 2.6269676 49.0038049, 2.6243007 49.0048694, 2.6205096 49.0065116, 2.615738 49.0084191, 2.6131944 49.0094278, 2.6125349 49.0096347, 2.6103181 49.0104714, 2.6095786 49.0110253, 2.6061153 49.0125479, 2.6048976 49.0130301, 2.6045028 49.0131864, 2.6040752 49.0133557, 2.6035848 49.0135499, 2.6033377 49.0136477, 2.6027146 49.0138945, 2.6003872 49.0148159, 2.6000187 49.0144438, 2.5995108 49.0146367, 2.5986351 49.0138303, 2.5983608 49.0137606, 2.5956284 49.0136822, 2.5938941 49.0134709, 2.5898444 49.0138444, 2.5877629 49.014365, 2.5863981 49.015291, 2.5841667 49.0183537, 2.5834579 49.0195713, 2.5841131 49.0218433, 2.5843296 49.0227807, 2.5851712 49.024207, 2.5848609 49.0246823, 2.584621 49.0250497, 2.5841449 49.0257781, 2.5836992 49.0264817, 2.5832988 49.0270969, 2.5831895 49.0272598, 2.582919 49.0276611, 2.582574 49.0275613, 2.5820716 49.027869, 2.5803459 49.0287112, 2.5802484 49.0287483, 2.5798227 49.0290117, 2.5792389 49.0293061, 2.5785789 49.0295845, 2.578003 49.0297885, 2.5774072 49.0299671, 2.5767943 49.0301209, 2.5759136 49.0302967, 2.5751176 49.0304168, 2.5744912 49.0304866, 2.5738413 49.0305442, 2.5729069 49.0305776, 2.5719752 49.0305805, 2.5709083 49.0305437, 2.5699754 49.0304802, 2.5685638 49.0303376, 2.5680279 49.0302649, 2.5673221 49.0301697, 2.5669905 49.0301156, 2.5659127 49.0299398, 2.5652126 49.0298256, 2.5630607 49.0294299, 2.5624106 49.0293104, 2.5623147 49.0292927, 2.5620652 49.0292573, 2.5618597 49.0292282, 2.5616981 49.0292052, 2.5615218 49.0291802, 2.5607287 49.0291249, 2.560513 49.0291099, 2.5601511 49.0290846, 2.559952 49.0290572, 2.5597873 49.0290345, 2.5596847 49.0290316, 2.5582797 49.028828, 2.5579207 49.0287766, 2.5577222 49.028754, 2.5574907 49.0287276, 2.5570178 49.0286738, 2.5565527 49.0286286, 2.5562917 49.0286032, 2.5560789 49.0285826, 2.5559092 49.0285661, 2.555718 49.0285475, 2.5554014 49.0285167, 2.554542 49.0284215, 2.5536921 49.0282804, 2.5535492 49.0282563, 2.5527435 49.0281204, 2.5517804 49.0280064, 2.5508078 49.027939, 2.5498788 49.027922, 2.5489445 49.027924, 2.5475567 49.027927, 2.5473371 49.0279274, 2.5468981 49.0279284, 2.5463875 49.0279295, 2.5459325 49.0279247, 2.5456265 49.0279171, 2.5453209 49.0279046, 2.5450158 49.0278871, 2.5444016 49.027831, 2.543793 49.0277519, 2.5428009 49.0276036, 2.5420759 49.0274958, 2.5421888 49.0272683, 2.5411422 49.0270891, 2.5411553 49.0269906, 2.5401995 49.0268665, 2.5392404 49.0268573, 2.5384647 49.0269056, 2.5377463 49.0270183, 2.5374958 49.0269245, 2.5371712 49.0263793, 2.5362716 49.0265224, 2.5358211 49.0266341, 2.5355136 49.0267733, 2.5348033 49.026535, 2.534489 49.0265253, 2.5341564 49.0267364, 2.5332541 49.0267663, 2.5326102 49.0270748, 2.5323741 49.0270155, 2.5321575 49.0274748, 2.5319127 49.0275965, 2.5315125 49.0279824, 2.5312506 49.0280632, 2.5309298 49.028178, 2.5305151 49.0282625, 2.5302587 49.0283053, 2.5296423 49.0283602, 2.5294165 49.0283723, 2.5290354 49.0283812, 2.5283592 49.0283537, 2.5271203 49.028214, 2.5269736 49.0281975, 2.5267925 49.0281771, 2.5265697 49.0281519, 2.5261631 49.0281147, 2.5250465 49.028014, 2.5231622 49.0277919, 2.5196222 49.0273305, 2.5189217 49.0272276, 2.5179381 49.0270771, 2.5174651 49.0268636, 2.5174053 49.0269938, 2.5170445 49.0269382, 2.5158532 49.0267772, 2.5155167 49.0267383, 2.515156 49.0266996, 2.514497 49.0266408, 2.5140704 49.0266116, 2.513716 49.0265933, 2.5134809 49.0265842, 2.5131994 49.026579, 2.512638 49.0265792, 2.512132 49.026571, 2.5119837 49.0265575, 2.5119566 49.0264904, 2.5116892 49.0265125, 2.5112466 49.026363, 2.5110203 49.02601, 2.510816 49.0260516, 2.5105855 49.0262716, 2.5100756 49.0266109, 2.5098759 49.026577, 2.5096791 49.0265364, 2.5094855 49.0264892, 2.5092958 49.0264356, 2.5091102 49.0263758, 2.5089293 49.0263098, 2.5087536 49.0262378, 2.5085834 49.02616, 2.5084193 49.0260767, 2.5082616 49.0259879, 2.5081106 49.0258939, 2.5079669 49.025795, 2.5078307 49.0256915, 2.5076578 49.0255531, 2.5069949 49.0250228, 2.5068151 49.0248926, 2.5067071 49.0248259, 2.5065939 49.0247632, 2.5064757 49.0247048, 2.5063529 49.0246508, 2.506226 49.0246013, 2.5060953 49.0245565, 2.5038564 49.0244533, 2.5014775 49.0243359, 2.4986658 49.0241915, 2.4976114 49.0225424, 2.4938821 49.016707, 2.4936038 49.0162263, 2.4933449 49.0157325, 2.4931207 49.015206, 2.4911452 49.0100741, 2.491202 49.0100221, 2.4923742 49.009777, 2.4938521 49.0094679, 2.4944729 49.0093381, 2.4951016 49.0091665, 2.4966191 49.0086445, 2.4970587 49.0084018, 2.4982039 49.0077092, 2.4985712 49.0075443, 2.4996408 49.0074391, 2.4999793 49.0073907, 2.5004403 49.0072933, 2.5013635 49.007066, 2.5018534 49.0069236, 2.5018927 49.0069792, 2.5023487 49.0068358, 2.5026581 49.0067699, 2.5033101 49.0065494, 2.5043619 49.006197, 2.5049593 49.0059973, 2.505359 49.005864, 2.5054192 49.0058675, 2.5054391 49.0057746, 2.5065264 49.0051953, 2.5064257 49.0051071, 2.5079016 49.0043757, 2.5085443 49.0041507, 2.5089188 49.0044489, 2.5094105 49.0044274, 2.5096786 49.0047692, 2.509688 49.0048308, 2.5097631 49.0049346, 2.5100219 49.0050771, 2.5102352 49.0053182, 2.5114621 49.0066747, 2.5118528 49.0071018, 2.512653 49.0074747, 2.5138334 49.0078162, 2.51397 49.0091705, 2.5140968 49.0093535, 2.5151124 49.009007, 2.51508 49.0097147, 2.5150181 49.0100857, 2.5148409 49.0105946, 2.5149641 49.0106171, 2.5148518 49.010981, 2.5172488 49.0099122, 2.517514 49.0101689, 2.5190207 49.0096316, 2.5199846 49.0087957, 2.5204018 49.0088093, 2.5204476 49.0087133, 2.5204934 49.0086174, 2.5215384 49.0086757, 2.5215465 49.0086087, 2.5241513 49.0087485, 2.5240759 49.0083866, 2.5240032 49.0080404, 2.5239277 49.0077852, 2.5237599 49.0075211, 2.5235363 49.0073052, 2.5232409 49.0071158, 2.5227223 49.0069131, 2.5223236 49.006837, 2.5205258 49.0064919, 2.5211116 49.0063353, 2.5218868 49.0064857, 2.5221828 49.0063191, 2.5223381 49.0056457, 2.5222792 49.0047263, 2.5213408 49.0025975, 2.5198706 49.0004921, 2.518037 48.9981443, 2.5178762 48.9979815, 2.5172694 48.9974137, 2.5168307 48.9970624, 2.515963 48.9970735, 2.5158237 48.9971709, 2.515543 48.9972338, 2.5153673 48.9972663, 2.5151847 48.9972948, 2.5150702 48.9973039, 2.5149361 48.9973078, 2.5147833 48.997305, 2.5146571 48.997292, 2.5144799 48.9972669, 2.5143582 48.9972415, 2.5142122 48.9972024, 2.5141032 48.9971656, 2.513981 48.9971159, 2.5135814 48.9974848, 2.5135483 48.9973782, 2.5132652 48.9970963, 2.5131718 48.9964842, 2.5133452 48.9966174, 2.5133354 48.9963574, 2.5131283 48.9961896, 2.5133097 48.9955309, 2.5134694 48.9954485, 2.5136478 48.9953564, 2.5137722 48.9951597, 2.5137545 48.9949, 2.5137195 48.994655, 2.5134776 48.994098, 2.5134136 48.9940462, 2.512215 48.9913634, 2.5099656 48.9892761, 2.5108651 48.9893247, 2.512302 48.9908232, 2.5134589 48.9917775, 2.5144258 48.99225, 2.5151765 48.9924929, 2.515531 48.9925922, 2.5158693 48.9928524, 2.5163999 48.9932608, 2.516853 48.9930307, 2.5169743 48.993079, 2.5176046 48.9923911, 2.5176609 48.992285, 2.5186927 48.9911079, 2.5188735 48.9905817, 2.5193645 48.9891131, 2.5193671 48.9891064, 2.5196244 48.9883373, 2.5198142 48.9877701, 2.520095 48.9869174, 2.5207371 48.9853502, 2.5246052 48.9839833, 2.527642 48.9838655, 2.5315507 48.9837135, 2.5332548 48.9837062, 2.5354709 48.9836728, 2.5375768 48.9834369, 2.5390245 48.9832747, 2.5396686 48.9832025, 2.5399951 48.9831659, 2.5418528 48.9828919, 2.5428266 48.9828244, 2.5433582 48.9836882, 2.5440364 48.9848044, 2.5451427 48.9865915, 2.5451198 48.9867969, 2.545495 48.9874781, 2.5459718 48.9883432, 2.5460793 48.9886556, 2.5462373 48.9890086, 2.546616 48.9890427, 2.5467075 48.989278, 2.5470432 48.9880999, 2.547454 48.9894612, 2.5475722 48.989653, 2.5497148 48.9900674, 2.5497987 48.9900655, 2.549977 48.9900729, 2.5501163 48.9900786, 2.5506633 48.9900158, 2.5509431 48.989972, 2.5515237 48.9898716, 2.5520331 48.9897407, 2.5525343 48.9895965, 2.5526859 48.9895456, 2.5530312 48.9894296, 2.5532985 48.9893546, 2.5535262 48.9892926, 2.5538227 48.989224, 2.5540906 48.9891887, 2.5544849 48.989115, 2.5547508 48.9890738, 2.5551551 48.9890298, 2.5557025 48.9889981, 2.5558212 48.9889912, 2.5559086 48.9889895, 2.5559225 48.9889892, 2.5560079 48.9889887, 2.5562069 48.9889874, 2.5565679 48.9889783, 2.5569818 48.9890007, 2.5575224 48.9890605, 2.558087 48.9891461, 2.5585922 48.9892227, 2.5596181 48.9893281, 2.5598411 48.9893503, 2.560082 48.9893743, 2.5604851 48.9893957, 2.5607403 48.9894073, 2.561038 48.9894064, 2.5614478 48.9893971, 2.5624564 48.9893761, 2.5626368 48.9893803, 2.5629954 48.9893592, 2.5633408 48.9893553, 2.5638878 48.9893635, 2.564571 48.9893886, 2.5649854 48.9894097, 2.5652127 48.9894247, 2.565798 48.9894632, 2.5661082 48.9894803, 2.5666449 48.9895387, 2.5667965 48.9895552, 2.5670202 48.9895795, 2.567878 48.989685, 2.5684558 48.9897783, 2.5696679 48.9899992, 2.5699302 48.9899731, 2.5699968 48.9900769, 2.5722913 48.9906143, 2.5730723 48.9907899, 2.5740596 48.991029, 2.574399 48.9911218, 2.5752963 48.9913374, 2.5760441 48.9914982, 2.5763711 48.9915527, 2.576848 48.9916143, 2.5771844 48.9916504, 2.5778611 48.9917008, 2.5786071 48.9917324, 2.5792864 48.9917525, 2.5799659 48.9917593, 2.5806503 48.9917576, 2.5809083 48.9917376, 2.5817565 48.9917475, 2.5820231 48.9917777, 2.5822994 48.9917846, 2.5825751 48.991799, 2.5833606 48.9918672, 2.5839672 48.9919462, 2.5847563 48.9920568, 2.5851535 48.9921026, 2.5855813 48.9921263, 2.58601 48.9921369, 2.58699 48.9901183, 2.5877206 48.9901522, 2.58817 48.990173, 2.5906156 48.9902849, 2.5912279 48.9903124, 2.5925085 48.9903698, 2.5932105 48.9904011, 2.5962313 48.9905355, 2.599219 48.9906679, 2.5996702 48.9906879, 2.5998601 48.9906963, 2.6000667 48.9907054, 2.6002292 48.9907126, 2.601186 48.9907633, 2.6097791 48.9912266, 2.6097812 48.9912096, 2.6110831 48.9912965, 2.6112855 48.9913073, 2.6114062 48.9913138, 2.6150597 48.99147, 2.6151612 48.9912009, 2.6167363 48.991419, 2.6167355 48.9916087, 2.6183905 48.9917123, 2.6193783 48.991808, 2.6215466 48.9927442, 2.6221434 48.9934805, 2.622623 48.9941185, 2.6227918 48.9943661, 2.6234675 48.994965, 2.6269994 48.9952126, 2.6281681 48.9952947, 2.6313958 48.995552, 2.6341819 48.9958019, 2.6341824 48.9956604, 2.6342427 48.9956629, 2.6364539 48.9959933, 2.6374963 48.9939523, 2.6369763 48.9917093, 2.6352843 48.9912998, 2.6364646 48.9880307, 2.6367961 48.9881211, 2.6382841 48.9883419, 2.6397861 48.9886585, 2.6423353 48.9890953, 2.6428699 48.9892308, 2.6433815 48.9893965, 2.6444579 48.9897482, 2.6471176 48.9905212, 2.6489389 48.9909099, 2.6499404 48.9952845, 2.6464785 48.9966362, 2.64637 48.9965109, 2.6424245 48.9979901, 2.6419957 48.9980985, 2.6417528 48.998145, 2.6410666 48.9981766, 2.6361785 48.997775))",Number of parked airplanes, Time series of airport throughput at Aéroport Roissy Charles de Gaulle,BLUE,Aerospacelab SPRL,FR8,Archived
"49.006976345624935,2.559786183921451",FR,,Paris,Aéroport Roissy Charles de Gaulle,Airports: Throughput (archived),Count of airplanes on Sentinel-2 image,Sentinel-2,Sentinel 2 L2A,E13b2,2019-07-05T10:50:31,103.2258065,Average value for 2019,2019,100,"X in [92.92200219341512, 107.07799780658488] --> Normal, X < 92.92200219341512 --> Low, X > 107.07799780658488 --> High",Normal,"POLYGON ((2.6361785 48.997775, 2.633425 48.9975045, 2.6325399 48.9973743, 2.6319927 48.9979268, 2.6325774 48.9987856, 2.6329154 49.0012351, 2.6327491 49.0016556, 2.6307455 49.0025108, 2.6304933 49.0023261, 2.6300186 49.0024316, 2.6297383 49.002531, 2.6296685 49.0025451, 2.6290544 49.0024536, 2.6283703 49.0023428, 2.6277427 49.0024836, 2.6275188 49.0026894, 2.62726 49.0029208, 2.6271419 49.0036642, 2.6269676 49.0038049, 2.6243007 49.0048694, 2.6205096 49.0065116, 2.615738 49.0084191, 2.6131944 49.0094278, 2.6125349 49.0096347, 2.6103181 49.0104714, 2.6095786 49.0110253, 2.6061153 49.0125479, 2.6048976 49.0130301, 2.6045028 49.0131864, 2.6040752 49.0133557, 2.6035848 49.0135499, 2.6033377 49.0136477, 2.6027146 49.0138945, 2.6003872 49.0148159, 2.6000187 49.0144438, 2.5995108 49.0146367, 2.5986351 49.0138303, 2.5983608 49.0137606, 2.5956284 49.0136822, 2.5938941 49.0134709, 2.5898444 49.0138444, 2.5877629 49.014365, 2.5863981 49.015291, 2.5841667 49.0183537, 2.5834579 49.0195713, 2.5841131 49.0218433, 2.5843296 49.0227807, 2.5851712 49.024207, 2.5848609 49.0246823, 2.584621 49.0250497, 2.5841449 49.0257781, 2.5836992 49.0264817, 2.5832988 49.0270969, 2.5831895 49.0272598, 2.582919 49.0276611, 2.582574 49.0275613, 2.5820716 49.027869, 2.5803459 49.0287112, 2.5802484 49.0287483, 2.5798227 49.0290117, 2.5792389 49.0293061, 2.5785789 49.0295845, 2.578003 49.0297885, 2.5774072 49.0299671, 2.5767943 49.0301209, 2.5759136 49.0302967, 2.5751176 49.0304168, 2.5744912 49.0304866, 2.5738413 49.0305442, 2.5729069 49.0305776, 2.5719752 49.0305805, 2.5709083 49.0305437, 2.5699754 49.0304802, 2.5685638 49.0303376, 2.5680279 49.0302649, 2.5673221 49.0301697, 2.5669905 49.0301156, 2.5659127 49.0299398, 2.5652126 49.0298256, 2.5630607 49.0294299, 2.5624106 49.0293104, 2.5623147 49.0292927, 2.5620652 49.0292573, 2.5618597 49.0292282, 2.5616981 49.0292052, 2.5615218 49.0291802, 2.5607287 49.0291249, 2.560513 49.0291099, 2.5601511 49.0290846, 2.559952 49.0290572, 2.5597873 49.0290345, 2.5596847 49.0290316, 2.5582797 49.028828, 2.5579207 49.0287766, 2.5577222 49.028754, 2.5574907 49.0287276, 2.5570178 49.0286738, 2.5565527 49.0286286, 2.5562917 49.0286032, 2.5560789 49.0285826, 2.5559092 49.0285661, 2.555718 49.0285475, 2.5554014 49.0285167, 2.554542 49.0284215, 2.5536921 49.0282804, 2.5535492 49.0282563, 2.5527435 49.0281204, 2.5517804 49.0280064, 2.5508078 49.027939, 2.5498788 49.027922, 2.5489445 49.027924, 2.5475567 49.027927, 2.5473371 49.0279274, 2.5468981 49.0279284, 2.5463875 49.0279295, 2.5459325 49.0279247, 2.5456265 49.0279171, 2.5453209 49.0279046, 2.5450158 49.0278871, 2.5444016 49.027831, 2.543793 49.0277519, 2.5428009 49.0276036, 2.5420759 49.0274958, 2.5421888 49.0272683, 2.5411422 49.0270891, 2.5411553 49.0269906, 2.5401995 49.0268665, 2.5392404 49.0268573, 2.5384647 49.0269056, 2.5377463 49.0270183, 2.5374958 49.0269245, 2.5371712 49.0263793, 2.5362716 49.0265224, 2.5358211 49.0266341, 2.5355136 49.0267733, 2.5348033 49.026535, 2.534489 49.0265253, 2.5341564 49.0267364, 2.5332541 49.0267663, 2.5326102 49.0270748, 2.5323741 49.0270155, 2.5321575 49.0274748, 2.5319127 49.0275965, 2.5315125 49.0279824, 2.5312506 49.0280632, 2.5309298 49.028178, 2.5305151 49.0282625, 2.5302587 49.0283053, 2.5296423 49.0283602, 2.5294165 49.0283723, 2.5290354 49.0283812, 2.5283592 49.0283537, 2.5271203 49.028214, 2.5269736 49.0281975, 2.5267925 49.0281771, 2.5265697 49.0281519, 2.5261631 49.0281147, 2.5250465 49.028014, 2.5231622 49.0277919, 2.5196222 49.0273305, 2.5189217 49.0272276, 2.5179381 49.0270771, 2.5174651 49.0268636, 2.5174053 49.0269938, 2.5170445 49.0269382, 2.5158532 49.0267772, 2.5155167 49.0267383, 2.515156 49.0266996, 2.514497 49.0266408, 2.5140704 49.0266116, 2.513716 49.0265933, 2.5134809 49.0265842, 2.5131994 49.026579, 2.512638 49.0265792, 2.512132 49.026571, 2.5119837 49.0265575, 2.5119566 49.0264904, 2.5116892 49.0265125, 2.5112466 49.026363, 2.5110203 49.02601, 2.510816 49.0260516, 2.5105855 49.0262716, 2.5100756 49.0266109, 2.5098759 49.026577, 2.5096791 49.0265364, 2.5094855 49.0264892, 2.5092958 49.0264356, 2.5091102 49.0263758, 2.5089293 49.0263098, 2.5087536 49.0262378, 2.5085834 49.02616, 2.5084193 49.0260767, 2.5082616 49.0259879, 2.5081106 49.0258939, 2.5079669 49.025795, 2.5078307 49.0256915, 2.5076578 49.0255531, 2.5069949 49.0250228, 2.5068151 49.0248926, 2.5067071 49.0248259, 2.5065939 49.0247632, 2.5064757 49.0247048, 2.5063529 49.0246508, 2.506226 49.0246013, 2.5060953 49.0245565, 2.5038564 49.0244533, 2.5014775 49.0243359, 2.4986658 49.0241915, 2.4976114 49.0225424, 2.4938821 49.016707, 2.4936038 49.0162263, 2.4933449 49.0157325, 2.4931207 49.015206, 2.4911452 49.0100741, 2.491202 49.0100221, 2.4923742 49.009777, 2.4938521 49.0094679, 2.4944729 49.0093381, 2.4951016 49.0091665, 2.4966191 49.0086445, 2.4970587 49.0084018, 2.4982039 49.0077092, 2.4985712 49.0075443, 2.4996408 49.0074391, 2.4999793 49.0073907, 2.5004403 49.0072933, 2.5013635 49.007066, 2.5018534 49.0069236, 2.5018927 49.0069792, 2.5023487 49.0068358, 2.5026581 49.0067699, 2.5033101 49.0065494, 2.5043619 49.006197, 2.5049593 49.0059973, 2.505359 49.005864, 2.5054192 49.0058675, 2.5054391 49.0057746, 2.5065264 49.0051953, 2.5064257 49.0051071, 2.5079016 49.0043757, 2.5085443 49.0041507, 2.5089188 49.0044489, 2.5094105 49.0044274, 2.5096786 49.0047692, 2.509688 49.0048308, 2.5097631 49.0049346, 2.5100219 49.0050771, 2.5102352 49.0053182, 2.5114621 49.0066747, 2.5118528 49.0071018, 2.512653 49.0074747, 2.5138334 49.0078162, 2.51397 49.0091705, 2.5140968 49.0093535, 2.5151124 49.009007, 2.51508 49.0097147, 2.5150181 49.0100857, 2.5148409 49.0105946, 2.5149641 49.0106171, 2.5148518 49.010981, 2.5172488 49.0099122, 2.517514 49.0101689, 2.5190207 49.0096316, 2.5199846 49.0087957, 2.5204018 49.0088093, 2.5204476 49.0087133, 2.5204934 49.0086174, 2.5215384 49.0086757, 2.5215465 49.0086087, 2.5241513 49.0087485, 2.5240759 49.0083866, 2.5240032 49.0080404, 2.5239277 49.0077852, 2.5237599 49.0075211, 2.5235363 49.0073052, 2.5232409 49.0071158, 2.5227223 49.0069131, 2.5223236 49.006837, 2.5205258 49.0064919, 2.5211116 49.0063353, 2.5218868 49.0064857, 2.5221828 49.0063191, 2.5223381 49.0056457, 2.5222792 49.0047263, 2.5213408 49.0025975, 2.5198706 49.0004921, 2.518037 48.9981443, 2.5178762 48.9979815, 2.5172694 48.9974137, 2.5168307 48.9970624, 2.515963 48.9970735, 2.5158237 48.9971709, 2.515543 48.9972338, 2.5153673 48.9972663, 2.5151847 48.9972948, 2.5150702 48.9973039, 2.5149361 48.9973078, 2.5147833 48.997305, 2.5146571 48.997292, 2.5144799 48.9972669, 2.5143582 48.9972415, 2.5142122 48.9972024, 2.5141032 48.9971656, 2.513981 48.9971159, 2.5135814 48.9974848, 2.5135483 48.9973782, 2.5132652 48.9970963, 2.5131718 48.9964842, 2.5133452 48.9966174, 2.5133354 48.9963574, 2.5131283 48.9961896, 2.5133097 48.9955309, 2.5134694 48.9954485, 2.5136478 48.9953564, 2.5137722 48.9951597, 2.5137545 48.9949, 2.5137195 48.994655, 2.5134776 48.994098, 2.5134136 48.9940462, 2.512215 48.9913634, 2.5099656 48.9892761, 2.5108651 48.9893247, 2.512302 48.9908232, 2.5134589 48.9917775, 2.5144258 48.99225, 2.5151765 48.9924929, 2.515531 48.9925922, 2.5158693 48.9928524, 2.5163999 48.9932608, 2.516853 48.9930307, 2.5169743 48.993079, 2.5176046 48.9923911, 2.5176609 48.992285, 2.5186927 48.9911079, 2.5188735 48.9905817, 2.5193645 48.9891131, 2.5193671 48.9891064, 2.5196244 48.9883373, 2.5198142 48.9877701, 2.520095 48.9869174, 2.5207371 48.9853502, 2.5246052 48.9839833, 2.527642 48.9838655, 2.5315507 48.9837135, 2.5332548 48.9837062, 2.5354709 48.9836728, 2.5375768 48.9834369, 2.5390245 48.9832747, 2.5396686 48.9832025, 2.5399951 48.9831659, 2.5418528 48.9828919, 2.5428266 48.9828244, 2.5433582 48.9836882, 2.5440364 48.9848044, 2.5451427 48.9865915, 2.5451198 48.9867969, 2.545495 48.9874781, 2.5459718 48.9883432, 2.5460793 48.9886556, 2.5462373 48.9890086, 2.546616 48.9890427, 2.5467075 48.989278, 2.5470432 48.9880999, 2.547454 48.9894612, 2.5475722 48.989653, 2.5497148 48.9900674, 2.5497987 48.9900655, 2.549977 48.9900729, 2.5501163 48.9900786, 2.5506633 48.9900158, 2.5509431 48.989972, 2.5515237 48.9898716, 2.5520331 48.9897407, 2.5525343 48.9895965, 2.5526859 48.9895456, 2.5530312 48.9894296, 2.5532985 48.9893546, 2.5535262 48.9892926, 2.5538227 48.989224, 2.5540906 48.9891887, 2.5544849 48.989115, 2.5547508 48.9890738, 2.5551551 48.9890298, 2.5557025 48.9889981, 2.5558212 48.9889912, 2.5559086 48.9889895, 2.5559225 48.9889892, 2.5560079 48.9889887, 2.5562069 48.9889874, 2.5565679 48.9889783, 2.5569818 48.9890007, 2.5575224 48.9890605, 2.558087 48.9891461, 2.5585922 48.9892227, 2.5596181 48.9893281, 2.5598411 48.9893503, 2.560082 48.9893743, 2.5604851 48.9893957, 2.5607403 48.9894073, 2.561038 48.9894064, 2.5614478 48.9893971, 2.5624564 48.9893761, 2.5626368 48.9893803, 2.5629954 48.9893592, 2.5633408 48.9893553, 2.5638878 48.9893635, 2.564571 48.9893886, 2.5649854 48.9894097, 2.5652127 48.9894247, 2.565798 48.9894632, 2.5661082 48.9894803, 2.5666449 48.9895387, 2.5667965 48.9895552, 2.5670202 48.9895795, 2.567878 48.989685, 2.5684558 48.9897783, 2.5696679 48.9899992, 2.5699302 48.9899731, 2.5699968 48.9900769, 2.5722913 48.9906143, 2.5730723 48.9907899, 2.5740596 48.991029, 2.574399 48.9911218, 2.5752963 48.9913374, 2.5760441 48.9914982, 2.5763711 48.9915527, 2.576848 48.9916143, 2.5771844 48.9916504, 2.5778611 48.9917008, 2.5786071 48.9917324, 2.5792864 48.9917525, 2.5799659 48.9917593, 2.5806503 48.9917576, 2.5809083 48.9917376, 2.5817565 48.9917475, 2.5820231 48.9917777, 2.5822994 48.9917846, 2.5825751 48.991799, 2.5833606 48.9918672, 2.5839672 48.9919462, 2.5847563 48.9920568, 2.5851535 48.9921026, 2.5855813 48.9921263, 2.58601 48.9921369, 2.58699 48.9901183, 2.5877206 48.9901522, 2.58817 48.990173, 2.5906156 48.9902849, 2.5912279 48.9903124, 2.5925085 48.9903698, 2.5932105 48.9904011, 2.5962313 48.9905355, 2.599219 48.9906679, 2.5996702 48.9906879, 2.5998601 48.9906963, 2.6000667 48.9907054, 2.6002292 48.9907126, 2.601186 48.9907633, 2.6097791 48.9912266, 2.6097812 48.9912096, 2.6110831 48.9912965, 2.6112855 48.9913073, 2.6114062 48.9913138, 2.6150597 48.99147, 2.6151612 48.9912009, 2.6167363 48.991419, 2.6167355 48.9916087, 2.6183905 48.9917123, 2.6193783 48.991808, 2.6215466 48.9927442, 2.6221434 48.9934805, 2.622623 48.9941185, 2.6227918 48.9943661, 2.6234675 48.994965, 2.6269994 48.9952126, 2.6281681 48.9952947, 2.6313958 48.995552, 2.6341819 48.9958019, 2.6341824 48.9956604, 2.6342427 48.9956629, 2.6364539 48.9959933, 2.6374963 48.9939523, 2.6369763 48.9917093, 2.6352843 48.9912998, 2.6364646 48.9880307, 2.6367961 48.9881211, 2.6382841 48.9883419, 2.6397861 48.9886585, 2.6423353 48.9890953, 2.6428699 48.9892308, 2.6433815 48.9893965, 2.6444579 48.9897482, 2.6471176 48.9905212, 2.6489389 48.9909099, 2.6499404 48.9952845, 2.6464785 48.9966362, 2.64637 48.9965109, 2.6424245 48.9979901, 2.6419957 48.9980985, 2.6417528 48.998145, 2.6410666 48.9981766, 2.6361785 48.997775))",Number of parked airplanes, Time series of airport throughput at Aéroport Roissy Charles de Gaulle,BLUE,Aerospacelab SPRL,FR8,Archived
"49.006976345624935,2.559786183921451",FR,,Paris,Aéroport Roissy Charles de Gaulle,Airports: Throughput (archived),Count of airplanes on Sentinel-2 image,Sentinel-2,Sentinel 2 L2A,E13b2,2019-07-23T10:56:29,95.57945042,Average value for 2019,2019,100,"X in [92.92200219341512, 107.07799780658488] --> Normal, X < 92.92200219341512 --> Low, X > 107.07799780658488 --> High",Normal,"POLYGON ((2.6361785 48.997775, 2.633425 48.9975045, 2.6325399 48.9973743, 2.6319927 48.9979268, 2.6325774 48.9987856, 2.6329154 49.0012351, 2.6327491 49.0016556, 2.6307455 49.0025108, 2.6304933 49.0023261, 2.6300186 49.0024316, 2.6297383 49.002531, 2.6296685 49.0025451, 2.6290544 49.0024536, 2.6283703 49.0023428, 2.6277427 49.0024836, 2.6275188 49.0026894, 2.62726 49.0029208, 2.6271419 49.0036642, 2.6269676 49.0038049, 2.6243007 49.0048694, 2.6205096 49.0065116, 2.615738 49.0084191, 2.6131944 49.0094278, 2.6125349 49.0096347, 2.6103181 49.0104714, 2.6095786 49.0110253, 2.6061153 49.0125479, 2.6048976 49.0130301, 2.6045028 49.0131864, 2.6040752 49.0133557, 2.6035848 49.0135499, 2.6033377 49.0136477, 2.6027146 49.0138945, 2.6003872 49.0148159, 2.6000187 49.0144438, 2.5995108 49.0146367, 2.5986351 49.0138303, 2.5983608 49.0137606, 2.5956284 49.0136822, 2.5938941 49.0134709, 2.5898444 49.0138444, 2.5877629 49.014365, 2.5863981 49.015291, 2.5841667 49.0183537, 2.5834579 49.0195713, 2.5841131 49.0218433, 2.5843296 49.0227807, 2.5851712 49.024207, 2.5848609 49.0246823, 2.584621 49.0250497, 2.5841449 49.0257781, 2.5836992 49.0264817, 2.5832988 49.0270969, 2.5831895 49.0272598, 2.582919 49.0276611, 2.582574 49.0275613, 2.5820716 49.027869, 2.5803459 49.0287112, 2.5802484 49.0287483, 2.5798227 49.0290117, 2.5792389 49.0293061, 2.5785789 49.0295845, 2.578003 49.0297885, 2.5774072 49.0299671, 2.5767943 49.0301209, 2.5759136 49.0302967, 2.5751176 49.0304168, 2.5744912 49.0304866, 2.5738413 49.0305442, 2.5729069 49.0305776, 2.5719752 49.0305805, 2.5709083 49.0305437, 2.5699754 49.0304802, 2.5685638 49.0303376, 2.5680279 49.0302649, 2.5673221 49.0301697, 2.5669905 49.0301156, 2.5659127 49.0299398, 2.5652126 49.0298256, 2.5630607 49.0294299, 2.5624106 49.0293104, 2.5623147 49.0292927, 2.5620652 49.0292573, 2.5618597 49.0292282, 2.5616981 49.0292052, 2.5615218 49.0291802, 2.5607287 49.0291249, 2.560513 49.0291099, 2.5601511 49.0290846, 2.559952 49.0290572, 2.5597873 49.0290345, 2.5596847 49.0290316, 2.5582797 49.028828, 2.5579207 49.0287766, 2.5577222 49.028754, 2.5574907 49.0287276, 2.5570178 49.0286738, 2.5565527 49.0286286, 2.5562917 49.0286032, 2.5560789 49.0285826, 2.5559092 49.0285661, 2.555718 49.0285475, 2.5554014 49.0285167, 2.554542 49.0284215, 2.5536921 49.0282804, 2.5535492 49.0282563, 2.5527435 49.0281204, 2.5517804 49.0280064, 2.5508078 49.027939, 2.5498788 49.027922, 2.5489445 49.027924, 2.5475567 49.027927, 2.5473371 49.0279274, 2.5468981 49.0279284, 2.5463875 49.0279295, 2.5459325 49.0279247, 2.5456265 49.0279171, 2.5453209 49.0279046, 2.5450158 49.0278871, 2.5444016 49.027831, 2.543793 49.0277519, 2.5428009 49.0276036, 2.5420759 49.0274958, 2.5421888 49.0272683, 2.5411422 49.0270891, 2.5411553 49.0269906, 2.5401995 49.0268665, 2.5392404 49.0268573, 2.5384647 49.0269056, 2.5377463 49.0270183, 2.5374958 49.0269245, 2.5371712 49.0263793, 2.5362716 49.0265224, 2.5358211 49.0266341, 2.5355136 49.0267733, 2.5348033 49.026535, 2.534489 49.0265253, 2.5341564 49.0267364, 2.5332541 49.0267663, 2.5326102 49.0270748, 2.5323741 49.0270155, 2.5321575 49.0274748, 2.5319127 49.0275965, 2.5315125 49.0279824, 2.5312506 49.0280632, 2.5309298 49.028178, 2.5305151 49.0282625, 2.5302587 49.0283053, 2.5296423 49.0283602, 2.5294165 49.0283723, 2.5290354 49.0283812, 2.5283592 49.0283537, 2.5271203 49.028214, 2.5269736 49.0281975, 2.5267925 49.0281771, 2.5265697 49.0281519, 2.5261631 49.0281147, 2.5250465 49.028014, 2.5231622 49.0277919, 2.5196222 49.0273305, 2.5189217 49.0272276, 2.5179381 49.0270771, 2.5174651 49.0268636, 2.5174053 49.0269938, 2.5170445 49.0269382, 2.5158532 49.0267772, 2.5155167 49.0267383, 2.515156 49.0266996, 2.514497 49.0266408, 2.5140704 49.0266116, 2.513716 49.0265933, 2.5134809 49.0265842, 2.5131994 49.026579, 2.512638 49.0265792, 2.512132 49.026571, 2.5119837 49.0265575, 2.5119566 49.0264904, 2.5116892 49.0265125, 2.5112466 49.026363, 2.5110203 49.02601, 2.510816 49.0260516, 2.5105855 49.0262716, 2.5100756 49.0266109, 2.5098759 49.026577, 2.5096791 49.0265364, 2.5094855 49.0264892, 2.5092958 49.0264356, 2.5091102 49.0263758, 2.5089293 49.0263098, 2.5087536 49.0262378, 2.5085834 49.02616, 2.5084193 49.0260767, 2.5082616 49.0259879, 2.5081106 49.0258939, 2.5079669 49.025795, 2.5078307 49.0256915, 2.5076578 49.0255531, 2.5069949 49.0250228, 2.5068151 49.0248926, 2.5067071 49.0248259, 2.5065939 49.0247632, 2.5064757 49.0247048, 2.5063529 49.0246508, 2.506226 49.0246013, 2.5060953 49.0245565, 2.5038564 49.0244533, 2.5014775 49.0243359, 2.4986658 49.0241915, 2.4976114 49.0225424, 2.4938821 49.016707, 2.4936038 49.0162263, 2.4933449 49.0157325, 2.4931207 49.015206, 2.4911452 49.0100741, 2.491202 49.0100221, 2.4923742 49.009777, 2.4938521 49.0094679, 2.4944729 49.0093381, 2.4951016 49.0091665, 2.4966191 49.0086445, 2.4970587 49.0084018, 2.4982039 49.0077092, 2.4985712 49.0075443, 2.4996408 49.0074391, 2.4999793 49.0073907, 2.5004403 49.0072933, 2.5013635 49.007066, 2.5018534 49.0069236, 2.5018927 49.0069792, 2.5023487 49.0068358, 2.5026581 49.0067699, 2.5033101 49.0065494, 2.5043619 49.006197, 2.5049593 49.0059973, 2.505359 49.005864, 2.5054192 49.0058675, 2.5054391 49.0057746, 2.5065264 49.0051953, 2.5064257 49.0051071, 2.5079016 49.0043757, 2.5085443 49.0041507, 2.5089188 49.0044489, 2.5094105 49.0044274, 2.5096786 49.0047692, 2.509688 49.0048308, 2.5097631 49.0049346, 2.5100219 49.0050771, 2.5102352 49.0053182, 2.5114621 49.0066747, 2.5118528 49.0071018, 2.512653 49.0074747, 2.5138334 49.0078162, 2.51397 49.0091705, 2.5140968 49.0093535, 2.5151124 49.009007, 2.51508 49.0097147, 2.5150181 49.0100857, 2.5148409 49.0105946, 2.5149641 49.0106171, 2.5148518 49.010981, 2.5172488 49.0099122, 2.517514 49.0101689, 2.5190207 49.0096316, 2.5199846 49.0087957, 2.5204018 49.0088093, 2.5204476 49.0087133, 2.5204934 49.0086174, 2.5215384 49.0086757, 2.5215465 49.0086087, 2.5241513 49.0087485, 2.5240759 49.0083866, 2.5240032 49.0080404, 2.5239277 49.0077852, 2.5237599 49.0075211, 2.5235363 49.0073052, 2.5232409 49.0071158, 2.5227223 49.0069131, 2.5223236 49.006837, 2.5205258 49.0064919, 2.5211116 49.0063353, 2.5218868 49.0064857, 2.5221828 49.0063191, 2.5223381 49.0056457, 2.5222792 49.0047263, 2.5213408 49.0025975, 2.5198706 49.0004921, 2.518037 48.9981443, 2.5178762 48.9979815, 2.5172694 48.9974137, 2.5168307 48.9970624, 2.515963 48.9970735, 2.5158237 48.9971709, 2.515543 48.9972338, 2.5153673 48.9972663, 2.5151847 48.9972948, 2.5150702 48.9973039, 2.5149361 48.9973078, 2.5147833 48.997305, 2.5146571 48.997292, 2.5144799 48.9972669, 2.5143582 48.9972415, 2.5142122 48.9972024, 2.5141032 48.9971656, 2.513981 48.9971159, 2.5135814 48.9974848, 2.5135483 48.9973782, 2.5132652 48.9970963, 2.5131718 48.9964842, 2.5133452 48.9966174, 2.5133354 48.9963574, 2.5131283 48.9961896, 2.5133097 48.9955309, 2.5134694 48.9954485, 2.5136478 48.9953564, 2.5137722 48.9951597, 2.5137545 48.9949, 2.5137195 48.994655, 2.5134776 48.994098, 2.5134136 48.9940462, 2.512215 48.9913634, 2.5099656 48.9892761, 2.5108651 48.9893247, 2.512302 48.9908232, 2.5134589 48.9917775, 2.5144258 48.99225, 2.5151765 48.9924929, 2.515531 48.9925922, 2.5158693 48.9928524, 2.5163999 48.9932608, 2.516853 48.9930307, 2.5169743 48.993079, 2.5176046 48.9923911, 2.5176609 48.992285, 2.5186927 48.9911079, 2.5188735 48.9905817, 2.5193645 48.9891131, 2.5193671 48.9891064, 2.5196244 48.9883373, 2.5198142 48.9877701, 2.520095 48.9869174, 2.5207371 48.9853502, 2.5246052 48.9839833, 2.527642 48.9838655, 2.5315507 48.9837135, 2.5332548 48.9837062, 2.5354709 48.9836728, 2.5375768 48.9834369, 2.5390245 48.9832747, 2.5396686 48.9832025, 2.5399951 48.9831659, 2.5418528 48.9828919, 2.5428266 48.9828244, 2.5433582 48.9836882, 2.5440364 48.9848044, 2.5451427 48.9865915, 2.5451198 48.9867969, 2.545495 48.9874781, 2.5459718 48.9883432, 2.5460793 48.9886556, 2.5462373 48.9890086, 2.546616 48.9890427, 2.5467075 48.989278, 2.5470432 48.9880999, 2.547454 48.9894612, 2.5475722 48.989653, 2.5497148 48.9900674, 2.5497987 48.9900655, 2.549977 48.9900729, 2.5501163 48.9900786, 2.5506633 48.9900158, 2.5509431 48.989972, 2.5515237 48.9898716, 2.5520331 48.9897407, 2.5525343 48.9895965, 2.5526859 48.9895456, 2.5530312 48.9894296, 2.5532985 48.9893546, 2.5535262 48.9892926, 2.5538227 48.989224, 2.5540906 48.9891887, 2.5544849 48.989115, 2.5547508 48.9890738, 2.5551551 48.9890298, 2.5557025 48.9889981, 2.5558212 48.9889912, 2.5559086 48.9889895, 2.5559225 48.9889892, 2.5560079 48.9889887, 2.5562069 48.9889874, 2.5565679 48.9889783, 2.5569818 48.9890007, 2.5575224 48.9890605, 2.558087 48.9891461, 2.5585922 48.9892227, 2.5596181 48.9893281, 2.5598411 48.9893503, 2.560082 48.9893743, 2.5604851 48.9893957, 2.5607403 48.9894073, 2.561038 48.9894064, 2.5614478 48.9893971, 2.5624564 48.9893761, 2.5626368 48.9893803, 2.5629954 48.9893592, 2.5633408 48.9893553, 2.5638878 48.9893635, 2.564571 48.9893886, 2.5649854 48.9894097, 2.5652127 48.9894247, 2.565798 48.9894632, 2.5661082 48.9894803, 2.5666449 48.9895387, 2.5667965 48.9895552, 2.5670202 48.9895795, 2.567878 48.989685, 2.5684558 48.9897783, 2.5696679 48.9899992, 2.5699302 48.9899731, 2.5699968 48.9900769, 2.5722913 48.9906143, 2.5730723 48.9907899, 2.5740596 48.991029, 2.574399 48.9911218, 2.5752963 48.9913374, 2.5760441 48.9914982, 2.5763711 48.9915527, 2.576848 48.9916143, 2.5771844 48.9916504, 2.5778611 48.9917008, 2.5786071 48.9917324, 2.5792864 48.9917525, 2.5799659 48.9917593, 2.5806503 48.9917576, 2.5809083 48.9917376, 2.5817565 48.9917475, 2.5820231 48.9917777, 2.5822994 48.9917846, 2.5825751 48.991799, 2.5833606 48.9918672, 2.5839672 48.9919462, 2.5847563 48.9920568, 2.5851535 48.9921026, 2.5855813 48.9921263, 2.58601 48.9921369, 2.58699 48.9901183, 2.5877206 48.9901522, 2.58817 48.990173, 2.5906156 48.9902849, 2.5912279 48.9903124, 2.5925085 48.9903698, 2.5932105 48.9904011, 2.5962313 48.9905355, 2.599219 48.9906679, 2.5996702 48.9906879, 2.5998601 48.9906963, 2.6000667 48.9907054, 2.6002292 48.9907126, 2.601186 48.9907633, 2.6097791 48.9912266, 2.6097812 48.9912096, 2.6110831 48.9912965, 2.6112855 48.9913073, 2.6114062 48.9913138, 2.6150597 48.99147, 2.6151612 48.9912009, 2.6167363 48.991419, 2.6167355 48.9916087, 2.6183905 48.9917123, 2.6193783 48.991808, 2.6215466 48.9927442, 2.6221434 48.9934805, 2.622623 48.9941185, 2.6227918 48.9943661, 2.6234675 48.994965, 2.6269994 48.9952126, 2.6281681 48.9952947, 2.6313958 48.995552, 2.6341819 48.9958019, 2.6341824 48.9956604, 2.6342427 48.9956629, 2.6364539 48.9959933, 2.6374963 48.9939523, 2.6369763 48.9917093, 2.6352843 48.9912998, 2.6364646 48.9880307, 2.6367961 48.9881211, 2.6382841 48.9883419, 2.6397861 48.9886585, 2.6423353 48.9890953, 2.6428699 48.9892308, 2.6433815 48.9893965, 2.6444579 48.9897482, 2.6471176 48.9905212, 2.6489389 48.9909099, 2.6499404 48.9952845, 2.6464785 48.9966362, 2.64637 48.9965109, 2.6424245 48.9979901, 2.6419957 48.9980985, 2.6417528 48.998145, 2.6410666 48.9981766, 2.6361785 48.997775))",Number of parked airplanes, Time series of airport throughput at Aéroport Roissy Charles de Gaulle,BLUE,Aerospacelab SPRL,FR8,Archived
"49.006976345624935,2.559786183921451",FR,,Paris,Aéroport Roissy Charles de Gaulle,Airports: Throughput (archived),Count of airplanes on Sentinel-2 image,Sentinel-2,Sentinel 2 L2A,E13b2,2019-07-25T10:50:31,86.02150538,Average value for 2019,2019,100,"X in [92.92200219341512, 107.07799780658488] --> Normal, X < 92.92200219341512 --> Low, X > 107.07799780658488 --> High",Low,"POLYGON ((2.6361785 48.997775, 2.633425 48.9975045, 2.6325399 48.9973743, 2.6319927 48.9979268, 2.6325774 48.9987856, 2.6329154 49.0012351, 2.6327491 49.0016556, 2.6307455 49.0025108, 2.6304933 49.0023261, 2.6300186 49.0024316, 2.6297383 49.002531, 2.6296685 49.0025451, 2.6290544 49.0024536, 2.6283703 49.0023428, 2.6277427 49.0024836, 2.6275188 49.0026894, 2.62726 49.0029208, 2.6271419 49.0036642, 2.6269676 49.0038049, 2.6243007 49.0048694, 2.6205096 49.0065116, 2.615738 49.0084191, 2.6131944 49.0094278, 2.6125349 49.0096347, 2.6103181 49.0104714, 2.6095786 49.0110253, 2.6061153 49.0125479, 2.6048976 49.0130301, 2.6045028 49.0131864, 2.6040752 49.0133557, 2.6035848 49.0135499, 2.6033377 49.0136477, 2.6027146 49.0138945, 2.6003872 49.0148159, 2.6000187 49.0144438, 2.5995108 49.0146367, 2.5986351 49.0138303, 2.5983608 49.0137606, 2.5956284 49.0136822, 2.5938941 49.0134709, 2.5898444 49.0138444, 2.5877629 49.014365, 2.5863981 49.015291, 2.5841667 49.0183537, 2.5834579 49.0195713, 2.5841131 49.0218433, 2.5843296 49.0227807, 2.5851712 49.024207, 2.5848609 49.0246823, 2.584621 49.0250497, 2.5841449 49.0257781, 2.5836992 49.0264817, 2.5832988 49.0270969, 2.5831895 49.0272598, 2.582919 49.0276611, 2.582574 49.0275613, 2.5820716 49.027869, 2.5803459 49.0287112, 2.5802484 49.0287483, 2.5798227 49.0290117, 2.5792389 49.0293061, 2.5785789 49.0295845, 2.578003 49.0297885, 2.5774072 49.0299671, 2.5767943 49.0301209, 2.5759136 49.0302967, 2.5751176 49.0304168, 2.5744912 49.0304866, 2.5738413 49.0305442, 2.5729069 49.0305776, 2.5719752 49.0305805, 2.5709083 49.0305437, 2.5699754 49.0304802, 2.5685638 49.0303376, 2.5680279 49.0302649, 2.5673221 49.0301697, 2.5669905 49.0301156, 2.5659127 49.0299398, 2.5652126 49.0298256, 2.5630607 49.0294299, 2.5624106 49.0293104, 2.5623147 49.0292927, 2.5620652 49.0292573, 2.5618597 49.0292282, 2.5616981 49.0292052, 2.5615218 49.0291802, 2.5607287 49.0291249, 2.560513 49.0291099, 2.5601511 49.0290846, 2.559952 49.0290572, 2.5597873 49.0290345, 2.5596847 49.0290316, 2.5582797 49.028828, 2.5579207 49.0287766, 2.5577222 49.028754, 2.5574907 49.0287276, 2.5570178 49.0286738, 2.5565527 49.0286286, 2.5562917 49.0286032, 2.5560789 49.0285826, 2.5559092 49.0285661, 2.555718 49.0285475, 2.5554014 49.0285167, 2.554542 49.0284215, 2.5536921 49.0282804, 2.5535492 49.0282563, 2.5527435 49.0281204, 2.5517804 49.0280064, 2.5508078 49.027939, 2.5498788 49.027922, 2.5489445 49.027924, 2.5475567 49.027927, 2.5473371 49.0279274, 2.5468981 49.0279284, 2.5463875 49.0279295, 2.5459325 49.0279247, 2.5456265 49.0279171, 2.5453209 49.0279046, 2.5450158 49.0278871, 2.5444016 49.027831, 2.543793 49.0277519, 2.5428009 49.0276036, 2.5420759 49.0274958, 2.5421888 49.0272683, 2.5411422 49.0270891, 2.5411553 49.0269906, 2.5401995 49.0268665, 2.5392404 49.0268573, 2.5384647 49.0269056, 2.5377463 49.0270183, 2.5374958 49.0269245, 2.5371712 49.0263793, 2.5362716 49.0265224, 2.5358211 49.0266341, 2.5355136 49.0267733, 2.5348033 49.026535, 2.534489 49.0265253, 2.5341564 49.0267364, 2.5332541 49.0267663, 2.5326102 49.0270748, 2.5323741 49.0270155, 2.5321575 49.0274748, 2.5319127 49.0275965, 2.5315125 49.0279824, 2.5312506 49.0280632, 2.5309298 49.028178, 2.5305151 49.0282625, 2.5302587 49.0283053, 2.5296423 49.0283602, 2.5294165 49.0283723, 2.5290354 49.0283812, 2.5283592 49.0283537, 2.5271203 49.028214, 2.5269736 49.0281975, 2.5267925 49.0281771, 2.5265697 49.0281519, 2.5261631 49.0281147, 2.5250465 49.028014, 2.5231622 49.0277919, 2.5196222 49.0273305, 2.5189217 49.0272276, 2.5179381 49.0270771, 2.5174651 49.0268636, 2.5174053 49.0269938, 2.5170445 49.0269382, 2.5158532 49.0267772, 2.5155167 49.0267383, 2.515156 49.0266996, 2.514497 49.0266408, 2.5140704 49.0266116, 2.513716 49.0265933, 2.5134809 49.0265842, 2.5131994 49.026579, 2.512638 49.0265792, 2.512132 49.026571, 2.5119837 49.0265575, 2.5119566 49.0264904, 2.5116892 49.0265125, 2.5112466 49.026363, 2.5110203 49.02601, 2.510816 49.0260516, 2.5105855 49.0262716, 2.5100756 49.0266109, 2.5098759 49.026577, 2.5096791 49.0265364, 2.5094855 49.0264892, 2.5092958 49.0264356, 2.5091102 49.0263758, 2.5089293 49.0263098, 2.5087536 49.0262378, 2.5085834 49.02616, 2.5084193 49.0260767, 2.5082616 49.0259879, 2.5081106 49.0258939, 2.5079669 49.025795, 2.5078307 49.0256915, 2.5076578 49.0255531, 2.5069949 49.0250228, 2.5068151 49.0248926, 2.5067071 49.0248259, 2.5065939 49.0247632, 2.5064757 49.0247048, 2.5063529 49.0246508, 2.506226 49.0246013, 2.5060953 49.0245565, 2.5038564 49.0244533, 2.5014775 49.0243359, 2.4986658 49.0241915, 2.4976114 49.0225424, 2.4938821 49.016707, 2.4936038 49.0162263, 2.4933449 49.0157325, 2.4931207 49.015206, 2.4911452 49.0100741, 2.491202 49.0100221, 2.4923742 49.009777, 2.4938521 49.0094679, 2.4944729 49.0093381, 2.4951016 49.0091665, 2.4966191 49.0086445, 2.4970587 49.0084018, 2.4982039 49.0077092, 2.4985712 49.0075443, 2.4996408 49.0074391, 2.4999793 49.0073907, 2.5004403 49.0072933, 2.5013635 49.007066, 2.5018534 49.0069236, 2.5018927 49.0069792, 2.5023487 49.0068358, 2.5026581 49.0067699, 2.5033101 49.0065494, 2.5043619 49.006197, 2.5049593 49.0059973, 2.505359 49.005864, 2.5054192 49.0058675, 2.5054391 49.0057746, 2.5065264 49.0051953, 2.5064257 49.0051071, 2.5079016 49.0043757, 2.5085443 49.0041507, 2.5089188 49.0044489, 2.5094105 49.0044274, 2.5096786 49.0047692, 2.509688 49.0048308, 2.5097631 49.0049346, 2.5100219 49.0050771, 2.5102352 49.0053182, 2.5114621 49.0066747, 2.5118528 49.0071018, 2.512653 49.0074747, 2.5138334 49.0078162, 2.51397 49.0091705, 2.5140968 49.0093535, 2.5151124 49.009007, 2.51508 49.0097147, 2.5150181 49.0100857, 2.5148409 49.0105946, 2.5149641 49.0106171, 2.5148518 49.010981, 2.5172488 49.0099122, 2.517514 49.0101689, 2.5190207 49.0096316, 2.5199846 49.0087957, 2.5204018 49.0088093, 2.5204476 49.0087133, 2.5204934 49.0086174, 2.5215384 49.0086757, 2.5215465 49.0086087, 2.5241513 49.0087485, 2.5240759 49.0083866, 2.5240032 49.0080404, 2.5239277 49.0077852, 2.5237599 49.0075211, 2.5235363 49.0073052, 2.5232409 49.0071158, 2.5227223 49.0069131, 2.5223236 49.006837, 2.5205258 49.0064919, 2.5211116 49.0063353, 2.5218868 49.0064857, 2.5221828 49.0063191, 2.5223381 49.0056457, 2.5222792 49.0047263, 2.5213408 49.0025975, 2.5198706 49.0004921, 2.518037 48.9981443, 2.5178762 48.9979815, 2.5172694 48.9974137, 2.5168307 48.9970624, 2.515963 48.9970735, 2.5158237 48.9971709, 2.515543 48.9972338, 2.5153673 48.9972663, 2.5151847 48.9972948, 2.5150702 48.9973039, 2.5149361 48.9973078, 2.5147833 48.997305, 2.5146571 48.997292, 2.5144799 48.9972669, 2.5143582 48.9972415, 2.5142122 48.9972024, 2.5141032 48.9971656, 2.513981 48.9971159, 2.5135814 48.9974848, 2.5135483 48.9973782, 2.5132652 48.9970963, 2.5131718 48.9964842, 2.5133452 48.9966174, 2.5133354 48.9963574, 2.5131283 48.9961896, 2.5133097 48.9955309, 2.5134694 48.9954485, 2.5136478 48.9953564, 2.5137722 48.9951597, 2.5137545 48.9949, 2.5137195 48.994655, 2.5134776 48.994098, 2.5134136 48.9940462, 2.512215 48.9913634, 2.5099656 48.9892761, 2.5108651 48.9893247, 2.512302 48.9908232, 2.5134589 48.9917775, 2.5144258 48.99225, 2.5151765 48.9924929, 2.515531 48.9925922, 2.5158693 48.9928524, 2.5163999 48.9932608, 2.516853 48.9930307, 2.5169743 48.993079, 2.5176046 48.9923911, 2.5176609 48.992285, 2.5186927 48.9911079, 2.5188735 48.9905817, 2.5193645 48.9891131, 2.5193671 48.9891064, 2.5196244 48.9883373, 2.5198142 48.9877701, 2.520095 48.9869174, 2.5207371 48.9853502, 2.5246052 48.9839833, 2.527642 48.9838655, 2.5315507 48.9837135, 2.5332548 48.9837062, 2.5354709 48.9836728, 2.5375768 48.9834369, 2.5390245 48.9832747, 2.5396686 48.9832025, 2.5399951 48.9831659, 2.5418528 48.9828919, 2.5428266 48.9828244, 2.5433582 48.9836882, 2.5440364 48.9848044, 2.5451427 48.9865915, 2.5451198 48.9867969, 2.545495 48.9874781, 2.5459718 48.9883432, 2.5460793 48.9886556, 2.5462373 48.9890086, 2.546616 48.9890427, 2.5467075 48.989278, 2.5470432 48.9880999, 2.547454 48.9894612, 2.5475722 48.989653, 2.5497148 48.9900674, 2.5497987 48.9900655, 2.549977 48.9900729, 2.5501163 48.9900786, 2.5506633 48.9900158, 2.5509431 48.989972, 2.5515237 48.9898716, 2.5520331 48.9897407, 2.5525343 48.9895965, 2.5526859 48.9895456, 2.5530312 48.9894296, 2.5532985 48.9893546, 2.5535262 48.9892926, 2.5538227 48.989224, 2.5540906 48.9891887, 2.5544849 48.989115, 2.5547508 48.9890738, 2.5551551 48.9890298, 2.5557025 48.9889981, 2.5558212 48.9889912, 2.5559086 48.9889895, 2.5559225 48.9889892, 2.5560079 48.9889887, 2.5562069 48.9889874, 2.5565679 48.9889783, 2.5569818 48.9890007, 2.5575224 48.9890605, 2.558087 48.9891461, 2.5585922 48.9892227, 2.5596181 48.9893281, 2.5598411 48.9893503, 2.560082 48.9893743, 2.5604851 48.9893957, 2.5607403 48.9894073, 2.561038 48.9894064, 2.5614478 48.9893971, 2.5624564 48.9893761, 2.5626368 48.9893803, 2.5629954 48.9893592, 2.5633408 48.9893553, 2.5638878 48.9893635, 2.564571 48.9893886, 2.5649854 48.9894097, 2.5652127 48.9894247, 2.565798 48.9894632, 2.5661082 48.9894803, 2.5666449 48.9895387, 2.5667965 48.9895552, 2.5670202 48.9895795, 2.567878 48.989685, 2.5684558 48.9897783, 2.5696679 48.9899992, 2.5699302 48.9899731, 2.5699968 48.9900769, 2.5722913 48.9906143, 2.5730723 48.9907899, 2.5740596 48.991029, 2.574399 48.9911218, 2.5752963 48.9913374, 2.5760441 48.9914982, 2.5763711 48.9915527, 2.576848 48.9916143, 2.5771844 48.9916504, 2.5778611 48.9917008, 2.5786071 48.9917324, 2.5792864 48.9917525, 2.5799659 48.9917593, 2.5806503 48.9917576, 2.5809083 48.9917376, 2.5817565 48.9917475, 2.5820231 48.9917777, 2.5822994 48.9917846, 2.5825751 48.991799, 2.5833606 48.9918672, 2.5839672 48.9919462, 2.5847563 48.9920568, 2.5851535 48.9921026, 2.5855813 48.9921263, 2.58601 48.9921369, 2.58699 48.9901183, 2.5877206 48.9901522, 2.58817 48.990173, 2.5906156 48.9902849, 2.5912279 48.9903124, 2.5925085 48.9903698, 2.5932105 48.9904011, 2.5962313 48.9905355, 2.599219 48.9906679, 2.5996702 48.9906879, 2.5998601 48.9906963, 2.6000667 48.9907054, 2.6002292 48.9907126, 2.601186 48.9907633, 2.6097791 48.9912266, 2.6097812 48.9912096, 2.6110831 48.9912965, 2.6112855 48.9913073, 2.6114062 48.9913138, 2.6150597 48.99147, 2.6151612 48.9912009, 2.6167363 48.991419, 2.6167355 48.9916087, 2.6183905 48.9917123, 2.6193783 48.991808, 2.6215466 48.9927442, 2.6221434 48.9934805, 2.622623 48.9941185, 2.6227918 48.9943661, 2.6234675 48.994965, 2.6269994 48.9952126, 2.6281681 48.9952947, 2.6313958 48.995552, 2.6341819 48.9958019, 2.6341824 48.9956604, 2.6342427 48.9956629, 2.6364539 48.9959933, 2.6374963 48.9939523, 2.6369763 48.9917093, 2.6352843 48.9912998, 2.6364646 48.9880307, 2.6367961 48.9881211, 2.6382841 48.9883419, 2.6397861 48.9886585, 2.6423353 48.9890953, 2.6428699 48.9892308, 2.6433815 48.9893965, 2.6444579 48.9897482, 2.6471176 48.9905212, 2.6489389 48.9909099, 2.6499404 48.9952845, 2.6464785 48.9966362, 2.64637 48.9965109, 2.6424245 48.9979901, 2.6419957 48.9980985, 2.6417528 48.998145, 2.6410666 48.9981766, 2.6361785 48.997775))",Number of parked airplanes, Time series of airport throughput at Aéroport Roissy Charles de Gaulle,GREEN,Aerospacelab SPRL,FR8,Archived
"49.006976345624935,2.559786183921451",FR,,Paris,Aéroport Roissy Charles de Gaulle,Airports: Throughput (archived),Count of airplanes on Sentinel-2 image,Sentinel-2,Sentinel 2 L2A,E13b2,2019-09-06T10:56:21,103.2258065,Average value for 2019,2019,100,"X in [92.92200219341512, 107.07799780658488] --> Normal, X < 92.92200219341512 --> Low, X > 107.07799780658488 --> High",Normal,"POLYGON ((2.6361785 48.997775, 2.633425 48.9975045, 2.6325399 48.9973743, 2.6319927 48.9979268, 2.6325774 48.9987856, 2.6329154 49.0012351, 2.6327491 49.0016556, 2.6307455 49.0025108, 2.6304933 49.0023261, 2.6300186 49.0024316, 2.6297383 49.002531, 2.6296685 49.0025451, 2.6290544 49.0024536, 2.6283703 49.0023428, 2.6277427 49.0024836, 2.6275188 49.0026894, 2.62726 49.0029208, 2.6271419 49.0036642, 2.6269676 49.0038049, 2.6243007 49.0048694, 2.6205096 49.0065116, 2.615738 49.0084191, 2.6131944 49.0094278, 2.6125349 49.0096347, 2.6103181 49.0104714, 2.6095786 49.0110253, 2.6061153 49.0125479, 2.6048976 49.0130301, 2.6045028 49.0131864, 2.6040752 49.0133557, 2.6035848 49.0135499, 2.6033377 49.0136477, 2.6027146 49.0138945, 2.6003872 49.0148159, 2.6000187 49.0144438, 2.5995108 49.0146367, 2.5986351 49.0138303, 2.5983608 49.0137606, 2.5956284 49.0136822, 2.5938941 49.0134709, 2.5898444 49.0138444, 2.5877629 49.014365, 2.5863981 49.015291, 2.5841667 49.0183537, 2.5834579 49.0195713, 2.5841131 49.0218433, 2.5843296 49.0227807, 2.5851712 49.024207, 2.5848609 49.0246823, 2.584621 49.0250497, 2.5841449 49.0257781, 2.5836992 49.0264817, 2.5832988 49.0270969, 2.5831895 49.0272598, 2.582919 49.0276611, 2.582574 49.0275613, 2.5820716 49.027869, 2.5803459 49.0287112, 2.5802484 49.0287483, 2.5798227 49.0290117, 2.5792389 49.0293061, 2.5785789 49.0295845, 2.578003 49.0297885, 2.5774072 49.0299671, 2.5767943 49.0301209, 2.5759136 49.0302967, 2.5751176 49.0304168, 2.5744912 49.0304866, 2.5738413 49.0305442, 2.5729069 49.0305776, 2.5719752 49.0305805, 2.5709083 49.0305437, 2.5699754 49.0304802, 2.5685638 49.0303376, 2.5680279 49.0302649, 2.5673221 49.0301697, 2.5669905 49.0301156, 2.5659127 49.0299398, 2.5652126 49.0298256, 2.5630607 49.0294299, 2.5624106 49.0293104, 2.5623147 49.0292927, 2.5620652 49.0292573, 2.5618597 49.0292282, 2.5616981 49.0292052, 2.5615218 49.0291802, 2.5607287 49.0291249, 2.560513 49.0291099, 2.5601511 49.0290846, 2.559952 49.0290572, 2.5597873 49.0290345, 2.5596847 49.0290316, 2.5582797 49.028828, 2.5579207 49.0287766, 2.5577222 49.028754, 2.5574907 49.0287276, 2.5570178 49.0286738, 2.5565527 49.0286286, 2.5562917 49.0286032, 2.5560789 49.0285826, 2.5559092 49.0285661, 2.555718 49.0285475, 2.5554014 49.0285167, 2.554542 49.0284215, 2.5536921 49.0282804, 2.5535492 49.0282563, 2.5527435 49.0281204, 2.5517804 49.0280064, 2.5508078 49.027939, 2.5498788 49.027922, 2.5489445 49.027924, 2.5475567 49.027927, 2.5473371 49.0279274, 2.5468981 49.0279284, 2.5463875 49.0279295, 2.5459325 49.0279247, 2.5456265 49.0279171, 2.5453209 49.0279046, 2.5450158 49.0278871, 2.5444016 49.027831, 2.543793 49.0277519, 2.5428009 49.0276036, 2.5420759 49.0274958, 2.5421888 49.0272683, 2.5411422 49.0270891, 2.5411553 49.0269906, 2.5401995 49.0268665, 2.5392404 49.0268573, 2.5384647 49.0269056, 2.5377463 49.0270183, 2.5374958 49.0269245, 2.5371712 49.0263793, 2.5362716 49.0265224, 2.5358211 49.0266341, 2.5355136 49.0267733, 2.5348033 49.026535, 2.534489 49.0265253, 2.5341564 49.0267364, 2.5332541 49.0267663, 2.5326102 49.0270748, 2.5323741 49.0270155, 2.5321575 49.0274748, 2.5319127 49.0275965, 2.5315125 49.0279824, 2.5312506 49.0280632, 2.5309298 49.028178, 2.5305151 49.0282625, 2.5302587 49.0283053, 2.5296423 49.0283602, 2.5294165 49.0283723, 2.5290354 49.0283812, 2.5283592 49.0283537, 2.5271203 49.028214, 2.5269736 49.0281975, 2.5267925 49.0281771, 2.5265697 49.0281519, 2.5261631 49.0281147, 2.5250465 49.028014, 2.5231622 49.0277919, 2.5196222 49.0273305, 2.5189217 49.0272276, 2.5179381 49.0270771, 2.5174651 49.0268636, 2.5174053 49.0269938, 2.5170445 49.0269382, 2.5158532 49.0267772, 2.5155167 49.0267383, 2.515156 49.0266996, 2.514497 49.0266408, 2.5140704 49.0266116, 2.513716 49.0265933, 2.5134809 49.0265842, 2.5131994 49.026579, 2.512638 49.0265792, 2.512132 49.026571, 2.5119837 49.0265575, 2.5119566 49.0264904, 2.5116892 49.0265125, 2.5112466 49.026363, 2.5110203 49.02601, 2.510816 49.0260516, 2.5105855 49.0262716, 2.5100756 49.0266109, 2.5098759 49.026577, 2.5096791 49.0265364, 2.5094855 49.0264892, 2.5092958 49.0264356, 2.5091102 49.0263758, 2.5089293 49.0263098, 2.5087536 49.0262378, 2.5085834 49.02616, 2.5084193 49.0260767, 2.5082616 49.0259879, 2.5081106 49.0258939, 2.5079669 49.025795, 2.5078307 49.0256915, 2.5076578 49.0255531, 2.5069949 49.0250228, 2.5068151 49.0248926, 2.5067071 49.0248259, 2.5065939 49.0247632, 2.5064757 49.0247048, 2.5063529 49.0246508, 2.506226 49.0246013, 2.5060953 49.0245565, 2.5038564 49.0244533, 2.5014775 49.0243359, 2.4986658 49.0241915, 2.4976114 49.0225424, 2.4938821 49.016707, 2.4936038 49.0162263, 2.4933449 49.0157325, 2.4931207 49.015206, 2.4911452 49.0100741, 2.491202 49.0100221, 2.4923742 49.009777, 2.4938521 49.0094679, 2.4944729 49.0093381, 2.4951016 49.0091665, 2.4966191 49.0086445, 2.4970587 49.0084018, 2.4982039 49.0077092, 2.4985712 49.0075443, 2.4996408 49.0074391, 2.4999793 49.0073907, 2.5004403 49.0072933, 2.5013635 49.007066, 2.5018534 49.0069236, 2.5018927 49.0069792, 2.5023487 49.0068358, 2.5026581 49.0067699, 2.5033101 49.0065494, 2.5043619 49.006197, 2.5049593 49.0059973, 2.505359 49.005864, 2.5054192 49.0058675, 2.5054391 49.0057746, 2.5065264 49.0051953, 2.5064257 49.0051071, 2.5079016 49.0043757, 2.5085443 49.0041507, 2.5089188 49.0044489, 2.5094105 49.0044274, 2.5096786 49.0047692, 2.509688 49.0048308, 2.5097631 49.0049346, 2.5100219 49.0050771, 2.5102352 49.0053182, 2.5114621 49.0066747, 2.5118528 49.0071018, 2.512653 49.0074747, 2.5138334 49.0078162, 2.51397 49.0091705, 2.5140968 49.0093535, 2.5151124 49.009007, 2.51508 49.0097147, 2.5150181 49.0100857, 2.5148409 49.0105946, 2.5149641 49.0106171, 2.5148518 49.010981, 2.5172488 49.0099122, 2.517514 49.0101689, 2.5190207 49.0096316, 2.5199846 49.0087957, 2.5204018 49.0088093, 2.5204476 49.0087133, 2.5204934 49.0086174, 2.5215384 49.0086757, 2.5215465 49.0086087, 2.5241513 49.0087485, 2.5240759 49.0083866, 2.5240032 49.0080404, 2.5239277 49.0077852, 2.5237599 49.0075211, 2.5235363 49.0073052, 2.5232409 49.0071158, 2.5227223 49.0069131, 2.5223236 49.006837, 2.5205258 49.0064919, 2.5211116 49.0063353, 2.5218868 49.0064857, 2.5221828 49.0063191, 2.5223381 49.0056457, 2.5222792 49.0047263, 2.5213408 49.0025975, 2.5198706 49.0004921, 2.518037 48.9981443, 2.5178762 48.9979815, 2.5172694 48.9974137, 2.5168307 48.9970624, 2.515963 48.9970735, 2.5158237 48.9971709, 2.515543 48.9972338, 2.5153673 48.9972663, 2.5151847 48.9972948, 2.5150702 48.9973039, 2.5149361 48.9973078, 2.5147833 48.997305, 2.5146571 48.997292, 2.5144799 48.9972669, 2.5143582 48.9972415, 2.5142122 48.9972024, 2.5141032 48.9971656, 2.513981 48.9971159, 2.5135814 48.9974848, 2.5135483 48.9973782, 2.5132652 48.9970963, 2.5131718 48.9964842, 2.5133452 48.9966174, 2.5133354 48.9963574, 2.5131283 48.9961896, 2.5133097 48.9955309, 2.5134694 48.9954485, 2.5136478 48.9953564, 2.5137722 48.9951597, 2.5137545 48.9949, 2.5137195 48.994655, 2.5134776 48.994098, 2.5134136 48.9940462, 2.512215 48.9913634, 2.5099656 48.9892761, 2.5108651 48.9893247, 2.512302 48.9908232, 2.5134589 48.9917775, 2.5144258 48.99225, 2.5151765 48.9924929, 2.515531 48.9925922, 2.5158693 48.9928524, 2.5163999 48.9932608, 2.516853 48.9930307, 2.5169743 48.993079, 2.5176046 48.9923911, 2.5176609 48.992285, 2.5186927 48.9911079, 2.5188735 48.9905817, 2.5193645 48.9891131, 2.5193671 48.9891064, 2.5196244 48.9883373, 2.5198142 48.9877701, 2.520095 48.9869174, 2.5207371 48.9853502, 2.5246052 48.9839833, 2.527642 48.9838655, 2.5315507 48.9837135, 2.5332548 48.9837062, 2.5354709 48.9836728, 2.5375768 48.9834369, 2.5390245 48.9832747, 2.5396686 48.9832025, 2.5399951 48.9831659, 2.5418528 48.9828919, 2.5428266 48.9828244, 2.5433582 48.9836882, 2.5440364 48.9848044, 2.5451427 48.9865915, 2.5451198 48.9867969, 2.545495 48.9874781, 2.5459718 48.9883432, 2.5460793 48.9886556, 2.5462373 48.9890086, 2.546616 48.9890427, 2.5467075 48.989278, 2.5470432 48.9880999, 2.547454 48.9894612, 2.5475722 48.989653, 2.5497148 48.9900674, 2.5497987 48.9900655, 2.549977 48.9900729, 2.5501163 48.9900786, 2.5506633 48.9900158, 2.5509431 48.989972, 2.5515237 48.9898716, 2.5520331 48.9897407, 2.5525343 48.9895965, 2.5526859 48.9895456, 2.5530312 48.9894296, 2.5532985 48.9893546, 2.5535262 48.9892926, 2.5538227 48.989224, 2.5540906 48.9891887, 2.5544849 48.989115, 2.5547508 48.9890738, 2.5551551 48.9890298, 2.5557025 48.9889981, 2.5558212 48.9889912, 2.5559086 48.9889895, 2.5559225 48.9889892, 2.5560079 48.9889887, 2.5562069 48.9889874, 2.5565679 48.9889783, 2.5569818 48.9890007, 2.5575224 48.9890605, 2.558087 48.9891461, 2.5585922 48.9892227, 2.5596181 48.9893281, 2.5598411 48.9893503, 2.560082 48.9893743, 2.5604851 48.9893957, 2.5607403 48.9894073, 2.561038 48.9894064, 2.5614478 48.9893971, 2.5624564 48.9893761, 2.5626368 48.9893803, 2.5629954 48.9893592, 2.5633408 48.9893553, 2.5638878 48.9893635, 2.564571 48.9893886, 2.5649854 48.9894097, 2.5652127 48.9894247, 2.565798 48.9894632, 2.5661082 48.9894803, 2.5666449 48.9895387, 2.5667965 48.9895552, 2.5670202 48.9895795, 2.567878 48.989685, 2.5684558 48.9897783, 2.5696679 48.9899992, 2.5699302 48.9899731, 2.5699968 48.9900769, 2.5722913 48.9906143, 2.5730723 48.9907899, 2.5740596 48.991029, 2.574399 48.9911218, 2.5752963 48.9913374, 2.5760441 48.9914982, 2.5763711 48.9915527, 2.576848 48.9916143, 2.5771844 48.9916504, 2.5778611 48.9917008, 2.5786071 48.9917324, 2.5792864 48.9917525, 2.5799659 48.9917593, 2.5806503 48.9917576, 2.5809083 48.9917376, 2.5817565 48.9917475, 2.5820231 48.9917777, 2.5822994 48.9917846, 2.5825751 48.991799, 2.5833606 48.9918672, 2.5839672 48.9919462, 2.5847563 48.9920568, 2.5851535 48.9921026, 2.5855813 48.9921263, 2.58601 48.9921369, 2.58699 48.9901183, 2.5877206 48.9901522, 2.58817 48.990173, 2.5906156 48.9902849, 2.5912279 48.9903124, 2.5925085 48.9903698, 2.5932105 48.9904011, 2.5962313 48.9905355, 2.599219 48.9906679, 2.5996702 48.9906879, 2.5998601 48.9906963, 2.6000667 48.9907054, 2.6002292 48.9907126, 2.601186 48.9907633, 2.6097791 48.9912266, 2.6097812 48.9912096, 2.6110831 48.9912965, 2.6112855 48.9913073, 2.6114062 48.9913138, 2.6150597 48.99147, 2.6151612 48.9912009, 2.6167363 48.991419, 2.6167355 48.9916087, 2.6183905 48.9917123, 2.6193783 48.991808, 2.6215466 48.9927442, 2.6221434 48.9934805, 2.622623 48.9941185, 2.6227918 48.9943661, 2.6234675 48.994965, 2.6269994 48.9952126, 2.6281681 48.9952947, 2.6313958 48.995552, 2.6341819 48.9958019, 2.6341824 48.9956604, 2.6342427 48.9956629, 2.6364539 48.9959933, 2.6374963 48.9939523, 2.6369763 48.9917093, 2.6352843 48.9912998, 2.6364646 48.9880307, 2.6367961 48.9881211, 2.6382841 48.9883419, 2.6397861 48.9886585, 2.6423353 48.9890953, 2.6428699 48.9892308, 2.6433815 48.9893965, 2.6444579 48.9897482, 2.6471176 48.9905212, 2.6489389 48.9909099, 2.6499404 48.9952845, 2.6464785 48.9966362, 2.64637 48.9965109, 2.6424245 48.9979901, 2.6419957 48.9980985, 2.6417528 48.998145, 2.6410666 48.9981766, 2.6361785 48.997775))",Number of parked airplanes, Time series of airport throughput at Aéroport Roissy Charles de Gaulle,BLUE,Aerospacelab SPRL,FR8,Archived
"49.006976345624935,2.559786183921451",FR,,Paris,Aéroport Roissy Charles de Gaulle,Airports: Throughput (archived),Count of airplanes on Sentinel-2 image,Sentinel-2,Sentinel 2 L2A,E13b2,2019-09-21T10:57:39,104.181601,Average value for 2019,2019,100,"X in [92.92200219341512, 107.07799780658488] --> Normal, X < 92.92200219341512 --> Low, X > 107.07799780658488 --> High",Normal,"POLYGON ((2.6361785 48.997775, 2.633425 48.9975045, 2.6325399 48.9973743, 2.6319927 48.9979268, 2.6325774 48.9987856, 2.6329154 49.0012351, 2.6327491 49.0016556, 2.6307455 49.0025108, 2.6304933 49.0023261, 2.6300186 49.0024316, 2.6297383 49.002531, 2.6296685 49.0025451, 2.6290544 49.0024536, 2.6283703 49.0023428, 2.6277427 49.0024836, 2.6275188 49.0026894, 2.62726 49.0029208, 2.6271419 49.0036642, 2.6269676 49.0038049, 2.6243007 49.0048694, 2.6205096 49.0065116, 2.615738 49.0084191, 2.6131944 49.0094278, 2.6125349 49.0096347, 2.6103181 49.0104714, 2.6095786 49.0110253, 2.6061153 49.0125479, 2.6048976 49.0130301, 2.6045028 49.0131864, 2.6040752 49.0133557, 2.6035848 49.0135499, 2.6033377 49.0136477, 2.6027146 49.0138945, 2.6003872 49.0148159, 2.6000187 49.0144438, 2.5995108 49.0146367, 2.5986351 49.0138303, 2.5983608 49.0137606, 2.5956284 49.0136822, 2.5938941 49.0134709, 2.5898444 49.0138444, 2.5877629 49.014365, 2.5863981 49.015291, 2.5841667 49.0183537, 2.5834579 49.0195713, 2.5841131 49.0218433, 2.5843296 49.0227807, 2.5851712 49.024207, 2.5848609 49.0246823, 2.584621 49.0250497, 2.5841449 49.0257781, 2.5836992 49.0264817, 2.5832988 49.0270969, 2.5831895 49.0272598, 2.582919 49.0276611, 2.582574 49.0275613, 2.5820716 49.027869, 2.5803459 49.0287112, 2.5802484 49.0287483, 2.5798227 49.0290117, 2.5792389 49.0293061, 2.5785789 49.0295845, 2.578003 49.0297885, 2.5774072 49.0299671, 2.5767943 49.0301209, 2.5759136 49.0302967, 2.5751176 49.0304168, 2.5744912 49.0304866, 2.5738413 49.0305442, 2.5729069 49.0305776, 2.5719752 49.0305805, 2.5709083 49.0305437, 2.5699754 49.0304802, 2.5685638 49.0303376, 2.5680279 49.0302649, 2.5673221 49.0301697, 2.5669905 49.0301156, 2.5659127 49.0299398, 2.5652126 49.0298256, 2.5630607 49.0294299, 2.5624106 49.0293104, 2.5623147 49.0292927, 2.5620652 49.0292573, 2.5618597 49.0292282, 2.5616981 49.0292052, 2.5615218 49.0291802, 2.5607287 49.0291249, 2.560513 49.0291099, 2.5601511 49.0290846, 2.559952 49.0290572, 2.5597873 49.0290345, 2.5596847 49.0290316, 2.5582797 49.028828, 2.5579207 49.0287766, 2.5577222 49.028754, 2.5574907 49.0287276, 2.5570178 49.0286738, 2.5565527 49.0286286, 2.5562917 49.0286032, 2.5560789 49.0285826, 2.5559092 49.0285661, 2.555718 49.0285475, 2.5554014 49.0285167, 2.554542 49.0284215, 2.5536921 49.0282804, 2.5535492 49.0282563, 2.5527435 49.0281204, 2.5517804 49.0280064, 2.5508078 49.027939, 2.5498788 49.027922, 2.5489445 49.027924, 2.5475567 49.027927, 2.5473371 49.0279274, 2.5468981 49.0279284, 2.5463875 49.0279295, 2.5459325 49.0279247, 2.5456265 49.0279171, 2.5453209 49.0279046, 2.5450158 49.0278871, 2.5444016 49.027831, 2.543793 49.0277519, 2.5428009 49.0276036, 2.5420759 49.0274958, 2.5421888 49.0272683, 2.5411422 49.0270891, 2.5411553 49.0269906, 2.5401995 49.0268665, 2.5392404 49.0268573, 2.5384647 49.0269056, 2.5377463 49.0270183, 2.5374958 49.0269245, 2.5371712 49.0263793, 2.5362716 49.0265224, 2.5358211 49.0266341, 2.5355136 49.0267733, 2.5348033 49.026535, 2.534489 49.0265253, 2.5341564 49.0267364, 2.5332541 49.0267663, 2.5326102 49.0270748, 2.5323741 49.0270155, 2.5321575 49.0274748, 2.5319127 49.0275965, 2.5315125 49.0279824, 2.5312506 49.0280632, 2.5309298 49.028178, 2.5305151 49.0282625, 2.5302587 49.0283053, 2.5296423 49.0283602, 2.5294165 49.0283723, 2.5290354 49.0283812, 2.5283592 49.0283537, 2.5271203 49.028214, 2.5269736 49.0281975, 2.5267925 49.0281771, 2.5265697 49.0281519, 2.5261631 49.0281147, 2.5250465 49.028014, 2.5231622 49.0277919, 2.5196222 49.0273305, 2.5189217 49.0272276, 2.5179381 49.0270771, 2.5174651 49.0268636, 2.5174053 49.0269938, 2.5170445 49.0269382, 2.5158532 49.0267772, 2.5155167 49.0267383, 2.515156 49.0266996, 2.514497 49.0266408, 2.5140704 49.0266116, 2.513716 49.0265933, 2.5134809 49.0265842, 2.5131994 49.026579, 2.512638 49.0265792, 2.512132 49.026571, 2.5119837 49.0265575, 2.5119566 49.0264904, 2.5116892 49.0265125, 2.5112466 49.026363, 2.5110203 49.02601, 2.510816 49.0260516, 2.5105855 49.0262716, 2.5100756 49.0266109, 2.5098759 49.026577, 2.5096791 49.0265364, 2.5094855 49.0264892, 2.5092958 49.0264356, 2.5091102 49.0263758, 2.5089293 49.0263098, 2.5087536 49.0262378, 2.5085834 49.02616, 2.5084193 49.0260767, 2.5082616 49.0259879, 2.5081106 49.0258939, 2.5079669 49.025795, 2.5078307 49.0256915, 2.5076578 49.0255531, 2.5069949 49.0250228, 2.5068151 49.0248926, 2.5067071 49.0248259, 2.5065939 49.0247632, 2.5064757 49.0247048, 2.5063529 49.0246508, 2.506226 49.0246013, 2.5060953 49.0245565, 2.5038564 49.0244533, 2.5014775 49.0243359, 2.4986658 49.0241915, 2.4976114 49.0225424, 2.4938821 49.016707, 2.4936038 49.0162263, 2.4933449 49.0157325, 2.4931207 49.015206, 2.4911452 49.0100741, 2.491202 49.0100221, 2.4923742 49.009777, 2.4938521 49.0094679, 2.4944729 49.0093381, 2.4951016 49.0091665, 2.4966191 49.0086445, 2.4970587 49.0084018, 2.4982039 49.0077092, 2.4985712 49.0075443, 2.4996408 49.0074391, 2.4999793 49.0073907, 2.5004403 49.0072933, 2.5013635 49.007066, 2.5018534 49.0069236, 2.5018927 49.0069792, 2.5023487 49.0068358, 2.5026581 49.0067699, 2.5033101 49.0065494, 2.5043619 49.006197, 2.5049593 49.0059973, 2.505359 49.005864, 2.5054192 49.0058675, 2.5054391 49.0057746, 2.5065264 49.0051953, 2.5064257 49.0051071, 2.5079016 49.0043757, 2.5085443 49.0041507, 2.5089188 49.0044489, 2.5094105 49.0044274, 2.5096786 49.0047692, 2.509688 49.0048308, 2.5097631 49.0049346, 2.5100219 49.0050771, 2.5102352 49.0053182, 2.5114621 49.0066747, 2.5118528 49.0071018, 2.512653 49.0074747, 2.5138334 49.0078162, 2.51397 49.0091705, 2.5140968 49.0093535, 2.5151124 49.009007, 2.51508 49.0097147, 2.5150181 49.0100857, 2.5148409 49.0105946, 2.5149641 49.0106171, 2.5148518 49.010981, 2.5172488 49.0099122, 2.517514 49.0101689, 2.5190207 49.0096316, 2.5199846 49.0087957, 2.5204018 49.0088093, 2.5204476 49.0087133, 2.5204934 49.0086174, 2.5215384 49.0086757, 2.5215465 49.0086087, 2.5241513 49.0087485, 2.5240759 49.0083866, 2.5240032 49.0080404, 2.5239277 49.0077852, 2.5237599 49.0075211, 2.5235363 49.0073052, 2.5232409 49.0071158, 2.5227223 49.0069131, 2.5223236 49.006837, 2.5205258 49.0064919, 2.5211116 49.0063353, 2.5218868 49.0064857, 2.5221828 49.0063191, 2.5223381 49.0056457, 2.5222792 49.0047263, 2.5213408 49.0025975, 2.5198706 49.0004921, 2.518037 48.9981443, 2.5178762 48.9979815, 2.5172694 48.9974137, 2.5168307 48.9970624, 2.515963 48.9970735, 2.5158237 48.9971709, 2.515543 48.9972338, 2.5153673 48.9972663, 2.5151847 48.9972948, 2.5150702 48.9973039, 2.5149361 48.9973078, 2.5147833 48.997305, 2.5146571 48.997292, 2.5144799 48.9972669, 2.5143582 48.9972415, 2.5142122 48.9972024, 2.5141032 48.9971656, 2.513981 48.9971159, 2.5135814 48.9974848, 2.5135483 48.9973782, 2.5132652 48.9970963, 2.5131718 48.9964842, 2.5133452 48.9966174, 2.5133354 48.9963574, 2.5131283 48.9961896, 2.5133097 48.9955309, 2.5134694 48.9954485, 2.5136478 48.9953564, 2.5137722 48.9951597, 2.5137545 48.9949, 2.5137195 48.994655, 2.5134776 48.994098, 2.5134136 48.9940462, 2.512215 48.9913634, 2.5099656 48.9892761, 2.5108651 48.9893247, 2.512302 48.9908232, 2.5134589 48.9917775, 2.5144258 48.99225, 2.5151765 48.9924929, 2.515531 48.9925922, 2.5158693 48.9928524, 2.5163999 48.9932608, 2.516853 48.9930307, 2.5169743 48.993079, 2.5176046 48.9923911, 2.5176609 48.992285, 2.5186927 48.9911079, 2.5188735 48.9905817, 2.5193645 48.9891131, 2.5193671 48.9891064, 2.5196244 48.9883373, 2.5198142 48.9877701, 2.520095 48.9869174, 2.5207371 48.9853502, 2.5246052 48.9839833, 2.527642 48.9838655, 2.5315507 48.9837135, 2.5332548 48.9837062, 2.5354709 48.9836728, 2.5375768 48.9834369, 2.5390245 48.9832747, 2.5396686 48.9832025, 2.5399951 48.9831659, 2.5418528 48.9828919, 2.5428266 48.9828244, 2.5433582 48.9836882, 2.5440364 48.9848044, 2.5451427 48.9865915, 2.5451198 48.9867969, 2.545495 48.9874781, 2.5459718 48.9883432, 2.5460793 48.9886556, 2.5462373 48.9890086, 2.546616 48.9890427, 2.5467075 48.989278, 2.5470432 48.9880999, 2.547454 48.9894612, 2.5475722 48.989653, 2.5497148 48.9900674, 2.5497987 48.9900655, 2.549977 48.9900729, 2.5501163 48.9900786, 2.5506633 48.9900158, 2.5509431 48.989972, 2.5515237 48.9898716, 2.5520331 48.9897407, 2.5525343 48.9895965, 2.5526859 48.9895456, 2.5530312 48.9894296, 2.5532985 48.9893546, 2.5535262 48.9892926, 2.5538227 48.989224, 2.5540906 48.9891887, 2.5544849 48.989115, 2.5547508 48.9890738, 2.5551551 48.9890298, 2.5557025 48.9889981, 2.5558212 48.9889912, 2.5559086 48.9889895, 2.5559225 48.9889892, 2.5560079 48.9889887, 2.5562069 48.9889874, 2.5565679 48.9889783, 2.5569818 48.9890007, 2.5575224 48.9890605, 2.558087 48.9891461, 2.5585922 48.9892227, 2.5596181 48.9893281, 2.5598411 48.9893503, 2.560082 48.9893743, 2.5604851 48.9893957, 2.5607403 48.9894073, 2.561038 48.9894064, 2.5614478 48.9893971, 2.5624564 48.9893761, 2.5626368 48.9893803, 2.5629954 48.9893592, 2.5633408 48.9893553, 2.5638878 48.9893635, 2.564571 48.9893886, 2.5649854 48.9894097, 2.5652127 48.9894247, 2.565798 48.9894632, 2.5661082 48.9894803, 2.5666449 48.9895387, 2.5667965 48.9895552, 2.5670202 48.9895795, 2.567878 48.989685, 2.5684558 48.9897783, 2.5696679 48.9899992, 2.5699302 48.9899731, 2.5699968 48.9900769, 2.5722913 48.9906143, 2.5730723 48.9907899, 2.5740596 48.991029, 2.574399 48.9911218, 2.5752963 48.9913374, 2.5760441 48.9914982, 2.5763711 48.9915527, 2.576848 48.9916143, 2.5771844 48.9916504, 2.5778611 48.9917008, 2.5786071 48.9917324, 2.5792864 48.9917525, 2.5799659 48.9917593, 2.5806503 48.9917576, 2.5809083 48.9917376, 2.5817565 48.9917475, 2.5820231 48.9917777, 2.5822994 48.9917846, 2.5825751 48.991799, 2.5833606 48.9918672, 2.5839672 48.9919462, 2.5847563 48.9920568, 2.5851535 48.9921026, 2.5855813 48.9921263, 2.58601 48.9921369, 2.58699 48.9901183, 2.5877206 48.9901522, 2.58817 48.990173, 2.5906156 48.9902849, 2.5912279 48.9903124, 2.5925085 48.9903698, 2.5932105 48.9904011, 2.5962313 48.9905355, 2.599219 48.9906679, 2.5996702 48.9906879, 2.5998601 48.9906963, 2.6000667 48.9907054, 2.6002292 48.9907126, 2.601186 48.9907633, 2.6097791 48.9912266, 2.6097812 48.9912096, 2.6110831 48.9912965, 2.6112855 48.9913073, 2.6114062 48.9913138, 2.6150597 48.99147, 2.6151612 48.9912009, 2.6167363 48.991419, 2.6167355 48.9916087, 2.6183905 48.9917123, 2.6193783 48.991808, 2.6215466 48.9927442, 2.6221434 48.9934805, 2.622623 48.9941185, 2.6227918 48.9943661, 2.6234675 48.994965, 2.6269994 48.9952126, 2.6281681 48.9952947, 2.6313958 48.995552, 2.6341819 48.9958019, 2.6341824 48.9956604, 2.6342427 48.9956629, 2.6364539 48.9959933, 2.6374963 48.9939523, 2.6369763 48.9917093, 2.6352843 48.9912998, 2.6364646 48.9880307, 2.6367961 48.9881211, 2.6382841 48.9883419, 2.6397861 48.9886585, 2.6423353 48.9890953, 2.6428699 48.9892308, 2.6433815 48.9893965, 2.6444579 48.9897482, 2.6471176 48.9905212, 2.6489389 48.9909099, 2.6499404 48.9952845, 2.6464785 48.9966362, 2.64637 48.9965109, 2.6424245 48.9979901, 2.6419957 48.9980985, 2.6417528 48.998145, 2.6410666 48.9981766, 2.6361785 48.997775))",Number of parked airplanes, Time series of airport throughput at Aéroport Roissy Charles de Gaulle,BLUE,Aerospacelab SPRL,FR8,Archived
"49.006976345624935,2.559786183921451",FR,,Paris,Aéroport Roissy Charles de Gaulle,Airports: Throughput (archived),Count of airplanes on Sentinel-2 image,Sentinel-2,Sentinel 2 L2A,E13b2,2019-12-30T11:03:49,96.53524492,Average value for 2019,2019,100,"X in [92.92200219341512, 107.07799780658488] --> Normal, X < 92.92200219341512 --> Low, X > 107.07799780658488 --> High",Normal,"POLYGON ((2.6361785 48.997775, 2.633425 48.9975045, 2.6325399 48.9973743, 2.6319927 48.9979268, 2.6325774 48.9987856, 2.6329154 49.0012351, 2.6327491 49.0016556, 2.6307455 49.0025108, 2.6304933 49.0023261, 2.6300186 49.0024316, 2.6297383 49.002531, 2.6296685 49.0025451, 2.6290544 49.0024536, 2.6283703 49.0023428, 2.6277427 49.0024836, 2.6275188 49.0026894, 2.62726 49.0029208, 2.6271419 49.0036642, 2.6269676 49.0038049, 2.6243007 49.0048694, 2.6205096 49.0065116, 2.615738 49.0084191, 2.6131944 49.0094278, 2.6125349 49.0096347, 2.6103181 49.0104714, 2.6095786 49.0110253, 2.6061153 49.0125479, 2.6048976 49.0130301, 2.6045028 49.0131864, 2.6040752 49.0133557, 2.6035848 49.0135499, 2.6033377 49.0136477, 2.6027146 49.0138945, 2.6003872 49.0148159, 2.6000187 49.0144438, 2.5995108 49.0146367, 2.5986351 49.0138303, 2.5983608 49.0137606, 2.5956284 49.0136822, 2.5938941 49.0134709, 2.5898444 49.0138444, 2.5877629 49.014365, 2.5863981 49.015291, 2.5841667 49.0183537, 2.5834579 49.0195713, 2.5841131 49.0218433, 2.5843296 49.0227807, 2.5851712 49.024207, 2.5848609 49.0246823, 2.584621 49.0250497, 2.5841449 49.0257781, 2.5836992 49.0264817, 2.5832988 49.0270969, 2.5831895 49.0272598, 2.582919 49.0276611, 2.582574 49.0275613, 2.5820716 49.027869, 2.5803459 49.0287112, 2.5802484 49.0287483, 2.5798227 49.0290117, 2.5792389 49.0293061, 2.5785789 49.0295845, 2.578003 49.0297885, 2.5774072 49.0299671, 2.5767943 49.0301209, 2.5759136 49.0302967, 2.5751176 49.0304168, 2.5744912 49.0304866, 2.5738413 49.0305442, 2.5729069 49.0305776, 2.5719752 49.0305805, 2.5709083 49.0305437, 2.5699754 49.0304802, 2.5685638 49.0303376, 2.5680279 49.0302649, 2.5673221 49.0301697, 2.5669905 49.0301156, 2.5659127 49.0299398, 2.5652126 49.0298256, 2.5630607 49.0294299, 2.5624106 49.0293104, 2.5623147 49.0292927, 2.5620652 49.0292573, 2.5618597 49.0292282, 2.5616981 49.0292052, 2.5615218 49.0291802, 2.5607287 49.0291249, 2.560513 49.0291099, 2.5601511 49.0290846, 2.559952 49.0290572, 2.5597873 49.0290345, 2.5596847 49.0290316, 2.5582797 49.028828, 2.5579207 49.0287766, 2.5577222 49.028754, 2.5574907 49.0287276, 2.5570178 49.0286738, 2.5565527 49.0286286, 2.5562917 49.0286032, 2.5560789 49.0285826, 2.5559092 49.0285661, 2.555718 49.0285475, 2.5554014 49.0285167, 2.554542 49.0284215, 2.5536921 49.0282804, 2.5535492 49.0282563, 2.5527435 49.0281204, 2.5517804 49.0280064, 2.5508078 49.027939, 2.5498788 49.027922, 2.5489445 49.027924, 2.5475567 49.027927, 2.5473371 49.0279274, 2.5468981 49.0279284, 2.5463875 49.0279295, 2.5459325 49.0279247, 2.5456265 49.0279171, 2.5453209 49.0279046, 2.5450158 49.0278871, 2.5444016 49.027831, 2.543793 49.0277519, 2.5428009 49.0276036, 2.5420759 49.0274958, 2.5421888 49.0272683, 2.5411422 49.0270891, 2.5411553 49.0269906, 2.5401995 49.0268665, 2.5392404 49.0268573, 2.5384647 49.0269056, 2.5377463 49.0270183, 2.5374958 49.0269245, 2.5371712 49.0263793, 2.5362716 49.0265224, 2.5358211 49.0266341, 2.5355136 49.0267733, 2.5348033 49.026535, 2.534489 49.0265253, 2.5341564 49.0267364, 2.5332541 49.0267663, 2.5326102 49.0270748, 2.5323741 49.0270155, 2.5321575 49.0274748, 2.5319127 49.0275965, 2.5315125 49.0279824, 2.5312506 49.0280632, 2.5309298 49.028178, 2.5305151 49.0282625, 2.5302587 49.0283053, 2.5296423 49.0283602, 2.5294165 49.0283723, 2.5290354 49.0283812, 2.5283592 49.0283537, 2.5271203 49.028214, 2.5269736 49.0281975, 2.5267925 49.0281771, 2.5265697 49.0281519, 2.5261631 49.0281147, 2.5250465 49.028014, 2.5231622 49.0277919, 2.5196222 49.0273305, 2.5189217 49.0272276, 2.5179381 49.0270771, 2.5174651 49.0268636, 2.5174053 49.0269938, 2.5170445 49.0269382, 2.5158532 49.0267772, 2.5155167 49.0267383, 2.515156 49.0266996, 2.514497 49.0266408, 2.5140704 49.0266116, 2.513716 49.0265933, 2.5134809 49.0265842, 2.5131994 49.026579, 2.512638 49.0265792, 2.512132 49.026571, 2.5119837 49.0265575, 2.5119566 49.0264904, 2.5116892 49.0265125, 2.5112466 49.026363, 2.5110203 49.02601, 2.510816 49.0260516, 2.5105855 49.0262716, 2.5100756 49.0266109, 2.5098759 49.026577, 2.5096791 49.0265364, 2.5094855 49.0264892, 2.5092958 49.0264356, 2.5091102 49.0263758, 2.5089293 49.0263098, 2.5087536 49.0262378, 2.5085834 49.02616, 2.5084193 49.0260767, 2.5082616 49.0259879, 2.5081106 49.0258939, 2.5079669 49.025795, 2.5078307 49.0256915, 2.5076578 49.0255531, 2.5069949 49.0250228, 2.5068151 49.0248926, 2.5067071 49.0248259, 2.5065939 49.0247632, 2.5064757 49.0247048, 2.5063529 49.0246508, 2.506226 49.0246013, 2.5060953 49.0245565, 2.5038564 49.0244533, 2.5014775 49.0243359, 2.4986658 49.0241915, 2.4976114 49.0225424, 2.4938821 49.016707, 2.4936038 49.0162263, 2.4933449 49.0157325, 2.4931207 49.015206, 2.4911452 49.0100741, 2.491202 49.0100221, 2.4923742 49.009777, 2.4938521 49.0094679, 2.4944729 49.0093381, 2.4951016 49.0091665, 2.4966191 49.0086445, 2.4970587 49.0084018, 2.4982039 49.0077092, 2.4985712 49.0075443, 2.4996408 49.0074391, 2.4999793 49.0073907, 2.5004403 49.0072933, 2.5013635 49.007066, 2.5018534 49.0069236, 2.5018927 49.0069792, 2.5023487 49.0068358, 2.5026581 49.0067699, 2.5033101 49.0065494, 2.5043619 49.006197, 2.5049593 49.0059973, 2.505359 49.005864, 2.5054192 49.0058675, 2.5054391 49.0057746, 2.5065264 49.0051953, 2.5064257 49.0051071, 2.5079016 49.0043757, 2.5085443 49.0041507, 2.5089188 49.0044489, 2.5094105 49.0044274, 2.5096786 49.0047692, 2.509688 49.0048308, 2.5097631 49.0049346, 2.5100219 49.0050771, 2.5102352 49.0053182, 2.5114621 49.0066747, 2.5118528 49.0071018, 2.512653 49.0074747, 2.5138334 49.0078162, 2.51397 49.0091705, 2.5140968 49.0093535, 2.5151124 49.009007, 2.51508 49.0097147, 2.5150181 49.0100857, 2.5148409 49.0105946, 2.5149641 49.0106171, 2.5148518 49.010981, 2.5172488 49.0099122, 2.517514 49.0101689, 2.5190207 49.0096316, 2.5199846 49.0087957, 2.5204018 49.0088093, 2.5204476 49.0087133, 2.5204934 49.0086174, 2.5215384 49.0086757, 2.5215465 49.0086087, 2.5241513 49.0087485, 2.5240759 49.0083866, 2.5240032 49.0080404, 2.5239277 49.0077852, 2.5237599 49.0075211, 2.5235363 49.0073052, 2.5232409 49.0071158, 2.5227223 49.0069131, 2.5223236 49.006837, 2.5205258 49.0064919, 2.5211116 49.0063353, 2.5218868 49.0064857, 2.5221828 49.0063191, 2.5223381 49.0056457, 2.5222792 49.0047263, 2.5213408 49.0025975, 2.5198706 49.0004921, 2.518037 48.9981443, 2.5178762 48.9979815, 2.5172694 48.9974137, 2.5168307 48.9970624, 2.515963 48.9970735, 2.5158237 48.9971709, 2.515543 48.9972338, 2.5153673 48.9972663, 2.5151847 48.9972948, 2.5150702 48.9973039, 2.5149361 48.9973078, 2.5147833 48.997305, 2.5146571 48.997292, 2.5144799 48.9972669, 2.5143582 48.9972415, 2.5142122 48.9972024, 2.5141032 48.9971656, 2.513981 48.9971159, 2.5135814 48.9974848, 2.5135483 48.9973782, 2.5132652 48.9970963, 2.5131718 48.9964842, 2.5133452 48.9966174, 2.5133354 48.9963574, 2.5131283 48.9961896, 2.5133097 48.9955309, 2.5134694 48.9954485, 2.5136478 48.9953564, 2.5137722 48.9951597, 2.5137545 48.9949, 2.5137195 48.994655, 2.5134776 48.994098, 2.5134136 48.9940462, 2.512215 48.9913634, 2.5099656 48.9892761, 2.5108651 48.9893247, 2.512302 48.9908232, 2.5134589 48.9917775, 2.5144258 48.99225, 2.5151765 48.9924929, 2.515531 48.9925922, 2.5158693 48.9928524, 2.5163999 48.9932608, 2.516853 48.9930307, 2.5169743 48.993079, 2.5176046 48.9923911, 2.5176609 48.992285, 2.5186927 48.9911079, 2.5188735 48.9905817, 2.5193645 48.9891131, 2.5193671 48.9891064, 2.5196244 48.9883373, 2.5198142 48.9877701, 2.520095 48.9869174, 2.5207371 48.9853502, 2.5246052 48.9839833, 2.527642 48.9838655, 2.5315507 48.9837135, 2.5332548 48.9837062, 2.5354709 48.9836728, 2.5375768 48.9834369, 2.5390245 48.9832747, 2.5396686 48.9832025, 2.5399951 48.9831659, 2.5418528 48.9828919, 2.5428266 48.9828244, 2.5433582 48.9836882, 2.5440364 48.9848044, 2.5451427 48.9865915, 2.5451198 48.9867969, 2.545495 48.9874781, 2.5459718 48.9883432, 2.5460793 48.9886556, 2.5462373 48.9890086, 2.546616 48.9890427, 2.5467075 48.989278, 2.5470432 48.9880999, 2.547454 48.9894612, 2.5475722 48.989653, 2.5497148 48.9900674, 2.5497987 48.9900655, 2.549977 48.9900729, 2.5501163 48.9900786, 2.5506633 48.9900158, 2.5509431 48.989972, 2.5515237 48.9898716, 2.5520331 48.9897407, 2.5525343 48.9895965, 2.5526859 48.9895456, 2.5530312 48.9894296, 2.5532985 48.9893546, 2.5535262 48.9892926, 2.5538227 48.989224, 2.5540906 48.9891887, 2.5544849 48.989115, 2.5547508 48.9890738, 2.5551551 48.9890298, 2.5557025 48.9889981, 2.5558212 48.9889912, 2.5559086 48.9889895, 2.5559225 48.9889892, 2.5560079 48.9889887, 2.5562069 48.9889874, 2.5565679 48.9889783, 2.5569818 48.9890007, 2.5575224 48.9890605, 2.558087 48.9891461, 2.5585922 48.9892227, 2.5596181 48.9893281, 2.5598411 48.9893503, 2.560082 48.9893743, 2.5604851 48.9893957, 2.5607403 48.9894073, 2.561038 48.9894064, 2.5614478 48.9893971, 2.5624564 48.9893761, 2.5626368 48.9893803, 2.5629954 48.9893592, 2.5633408 48.9893553, 2.5638878 48.9893635, 2.564571 48.9893886, 2.5649854 48.9894097, 2.5652127 48.9894247, 2.565798 48.9894632, 2.5661082 48.9894803, 2.5666449 48.9895387, 2.5667965 48.9895552, 2.5670202 48.9895795, 2.567878 48.989685, 2.5684558 48.9897783, 2.5696679 48.9899992, 2.5699302 48.9899731, 2.5699968 48.9900769, 2.5722913 48.9906143, 2.5730723 48.9907899, 2.5740596 48.991029, 2.574399 48.9911218, 2.5752963 48.9913374, 2.5760441 48.9914982, 2.5763711 48.9915527, 2.576848 48.9916143, 2.5771844 48.9916504, 2.5778611 48.9917008, 2.5786071 48.9917324, 2.5792864 48.9917525, 2.5799659 48.9917593, 2.5806503 48.9917576, 2.5809083 48.9917376, 2.5817565 48.9917475, 2.5820231 48.9917777, 2.5822994 48.9917846, 2.5825751 48.991799, 2.5833606 48.9918672, 2.5839672 48.9919462, 2.5847563 48.9920568, 2.5851535 48.9921026, 2.5855813 48.9921263, 2.58601 48.9921369, 2.58699 48.9901183, 2.5877206 48.9901522, 2.58817 48.990173, 2.5906156 48.9902849, 2.5912279 48.9903124, 2.5925085 48.9903698, 2.5932105 48.9904011, 2.5962313 48.9905355, 2.599219 48.9906679, 2.5996702 48.9906879, 2.5998601 48.9906963, 2.6000667 48.9907054, 2.6002292 48.9907126, 2.601186 48.9907633, 2.6097791 48.9912266, 2.6097812 48.9912096, 2.6110831 48.9912965, 2.6112855 48.9913073, 2.6114062 48.9913138, 2.6150597 48.99147, 2.6151612 48.9912009, 2.6167363 48.991419, 2.6167355 48.9916087, 2.6183905 48.9917123, 2.6193783 48.991808, 2.6215466 48.9927442, 2.6221434 48.9934805, 2.622623 48.9941185, 2.6227918 48.9943661, 2.6234675 48.994965, 2.6269994 48.9952126, 2.6281681 48.9952947, 2.6313958 48.995552, 2.6341819 48.9958019, 2.6341824 48.9956604, 2.6342427 48.9956629, 2.6364539 48.9959933, 2.6374963 48.9939523, 2.6369763 48.9917093, 2.6352843 48.9912998, 2.6364646 48.9880307, 2.6367961 48.9881211, 2.6382841 48.9883419, 2.6397861 48.9886585, 2.6423353 48.9890953, 2.6428699 48.9892308, 2.6433815 48.9893965, 2.6444579 48.9897482, 2.6471176 48.9905212, 2.6489389 48.9909099, 2.6499404 48.9952845, 2.6464785 48.9966362, 2.64637 48.9965109, 2.6424245 48.9979901, 2.6419957 48.9980985, 2.6417528 48.998145, 2.6410666 48.9981766, 2.6361785 48.997775))",Number of parked airplanes, Time series of airport throughput at Aéroport Roissy Charles de Gaulle,BLUE,Aerospacelab SPRL,FR8,Archived
"49.006976345624935,2.559786183921451",FR,,Paris,Aéroport Roissy Charles de Gaulle,Airports: Throughput (archived),Count of airplanes on Sentinel-2 image,Sentinel-2,Sentinel 2 L2A,E13b2,2020-01-06T10:53:39,97.49103943,Average value for 2019,2019,100,"X in [92.92200219341512, 107.07799780658488] --> Normal, X < 92.92200219341512 --> Low, X > 107.07799780658488 --> High",Normal,"POLYGON ((2.6361785 48.997775, 2.633425 48.9975045, 2.6325399 48.9973743, 2.6319927 48.9979268, 2.6325774 48.9987856, 2.6329154 49.0012351, 2.6327491 49.0016556, 2.6307455 49.0025108, 2.6304933 49.0023261, 2.6300186 49.0024316, 2.6297383 49.002531, 2.6296685 49.0025451, 2.6290544 49.0024536, 2.6283703 49.0023428, 2.6277427 49.0024836, 2.6275188 49.0026894, 2.62726 49.0029208, 2.6271419 49.0036642, 2.6269676 49.0038049, 2.6243007 49.0048694, 2.6205096 49.0065116, 2.615738 49.0084191, 2.6131944 49.0094278, 2.6125349 49.0096347, 2.6103181 49.0104714, 2.6095786 49.0110253, 2.6061153 49.0125479, 2.6048976 49.0130301, 2.6045028 49.0131864, 2.6040752 49.0133557, 2.6035848 49.0135499, 2.6033377 49.0136477, 2.6027146 49.0138945, 2.6003872 49.0148159, 2.6000187 49.0144438, 2.5995108 49.0146367, 2.5986351 49.0138303, 2.5983608 49.0137606, 2.5956284 49.0136822, 2.5938941 49.0134709, 2.5898444 49.0138444, 2.5877629 49.014365, 2.5863981 49.015291, 2.5841667 49.0183537, 2.5834579 49.0195713, 2.5841131 49.0218433, 2.5843296 49.0227807, 2.5851712 49.024207, 2.5848609 49.0246823, 2.584621 49.0250497, 2.5841449 49.0257781, 2.5836992 49.0264817, 2.5832988 49.0270969, 2.5831895 49.0272598, 2.582919 49.0276611, 2.582574 49.0275613, 2.5820716 49.027869, 2.5803459 49.0287112, 2.5802484 49.0287483, 2.5798227 49.0290117, 2.5792389 49.0293061, 2.5785789 49.0295845, 2.578003 49.0297885, 2.5774072 49.0299671, 2.5767943 49.0301209, 2.5759136 49.0302967, 2.5751176 49.0304168, 2.5744912 49.0304866, 2.5738413 49.0305442, 2.5729069 49.0305776, 2.5719752 49.0305805, 2.5709083 49.0305437, 2.5699754 49.0304802, 2.5685638 49.0303376, 2.5680279 49.0302649, 2.5673221 49.0301697, 2.5669905 49.0301156, 2.5659127 49.0299398, 2.5652126 49.0298256, 2.5630607 49.0294299, 2.5624106 49.0293104, 2.5623147 49.0292927, 2.5620652 49.0292573, 2.5618597 49.0292282, 2.5616981 49.0292052, 2.5615218 49.0291802, 2.5607287 49.0291249, 2.560513 49.0291099, 2.5601511 49.0290846, 2.559952 49.0290572, 2.5597873 49.0290345, 2.5596847 49.0290316, 2.5582797 49.028828, 2.5579207 49.0287766, 2.5577222 49.028754, 2.5574907 49.0287276, 2.5570178 49.0286738, 2.5565527 49.0286286, 2.5562917 49.0286032, 2.5560789 49.0285826, 2.5559092 49.0285661, 2.555718 49.0285475, 2.5554014 49.0285167, 2.554542 49.0284215, 2.5536921 49.0282804, 2.5535492 49.0282563, 2.5527435 49.0281204, 2.5517804 49.0280064, 2.5508078 49.027939, 2.5498788 49.027922, 2.5489445 49.027924, 2.5475567 49.027927, 2.5473371 49.0279274, 2.5468981 49.0279284, 2.5463875 49.0279295, 2.5459325 49.0279247, 2.5456265 49.0279171, 2.5453209 49.0279046, 2.5450158 49.0278871, 2.5444016 49.027831, 2.543793 49.0277519, 2.5428009 49.0276036, 2.5420759 49.0274958, 2.5421888 49.0272683, 2.5411422 49.0270891, 2.5411553 49.0269906, 2.5401995 49.0268665, 2.5392404 49.0268573, 2.5384647 49.0269056, 2.5377463 49.0270183, 2.5374958 49.0269245, 2.5371712 49.0263793, 2.5362716 49.0265224, 2.5358211 49.0266341, 2.5355136 49.0267733, 2.5348033 49.026535, 2.534489 49.0265253, 2.5341564 49.0267364, 2.5332541 49.0267663, 2.5326102 49.0270748, 2.5323741 49.0270155, 2.5321575 49.0274748, 2.5319127 49.0275965, 2.5315125 49.0279824, 2.5312506 49.0280632, 2.5309298 49.028178, 2.5305151 49.0282625, 2.5302587 49.0283053, 2.5296423 49.0283602, 2.5294165 49.0283723, 2.5290354 49.0283812, 2.5283592 49.0283537, 2.5271203 49.028214, 2.5269736 49.0281975, 2.5267925 49.0281771, 2.5265697 49.0281519, 2.5261631 49.0281147, 2.5250465 49.028014, 2.5231622 49.0277919, 2.5196222 49.0273305, 2.5189217 49.0272276, 2.5179381 49.0270771, 2.5174651 49.0268636, 2.5174053 49.0269938, 2.5170445 49.0269382, 2.5158532 49.0267772, 2.5155167 49.0267383, 2.515156 49.0266996, 2.514497 49.0266408, 2.5140704 49.0266116, 2.513716 49.0265933, 2.5134809 49.0265842, 2.5131994 49.026579, 2.512638 49.0265792, 2.512132 49.026571, 2.5119837 49.0265575, 2.5119566 49.0264904, 2.5116892 49.0265125, 2.5112466 49.026363, 2.5110203 49.02601, 2.510816 49.0260516, 2.5105855 49.0262716, 2.5100756 49.0266109, 2.5098759 49.026577, 2.5096791 49.0265364, 2.5094855 49.0264892, 2.5092958 49.0264356, 2.5091102 49.0263758, 2.5089293 49.0263098, 2.5087536 49.0262378, 2.5085834 49.02616, 2.5084193 49.0260767, 2.5082616 49.0259879, 2.5081106 49.0258939, 2.5079669 49.025795, 2.5078307 49.0256915, 2.5076578 49.0255531, 2.5069949 49.0250228, 2.5068151 49.0248926, 2.5067071 49.0248259, 2.5065939 49.0247632, 2.5064757 49.0247048, 2.5063529 49.0246508, 2.506226 49.0246013, 2.5060953 49.0245565, 2.5038564 49.0244533, 2.5014775 49.0243359, 2.4986658 49.0241915, 2.4976114 49.0225424, 2.4938821 49.016707, 2.4936038 49.0162263, 2.4933449 49.0157325, 2.4931207 49.015206, 2.4911452 49.0100741, 2.491202 49.0100221, 2.4923742 49.009777, 2.4938521 49.0094679, 2.4944729 49.0093381, 2.4951016 49.0091665, 2.4966191 49.0086445, 2.4970587 49.0084018, 2.4982039 49.0077092, 2.4985712 49.0075443, 2.4996408 49.0074391, 2.4999793 49.0073907, 2.5004403 49.0072933, 2.5013635 49.007066, 2.5018534 49.0069236, 2.5018927 49.0069792, 2.5023487 49.0068358, 2.5026581 49.0067699, 2.5033101 49.0065494, 2.5043619 49.006197, 2.5049593 49.0059973, 2.505359 49.005864, 2.5054192 49.0058675, 2.5054391 49.0057746, 2.5065264 49.0051953, 2.5064257 49.0051071, 2.5079016 49.0043757, 2.5085443 49.0041507, 2.5089188 49.0044489, 2.5094105 49.0044274, 2.5096786 49.0047692, 2.509688 49.0048308, 2.5097631 49.0049346, 2.5100219 49.0050771, 2.5102352 49.0053182, 2.5114621 49.0066747, 2.5118528 49.0071018, 2.512653 49.0074747, 2.5138334 49.0078162, 2.51397 49.0091705, 2.5140968 49.0093535, 2.5151124 49.009007, 2.51508 49.0097147, 2.5150181 49.0100857, 2.5148409 49.0105946, 2.5149641 49.0106171, 2.5148518 49.010981, 2.5172488 49.0099122, 2.517514 49.0101689, 2.5190207 49.0096316, 2.5199846 49.0087957, 2.5204018 49.0088093, 2.5204476 49.0087133, 2.5204934 49.0086174, 2.5215384 49.0086757, 2.5215465 49.0086087, 2.5241513 49.0087485, 2.5240759 49.0083866, 2.5240032 49.0080404, 2.5239277 49.0077852, 2.5237599 49.0075211, 2.5235363 49.0073052, 2.5232409 49.0071158, 2.5227223 49.0069131, 2.5223236 49.006837, 2.5205258 49.0064919, 2.5211116 49.0063353, 2.5218868 49.0064857, 2.5221828 49.0063191, 2.5223381 49.0056457, 2.5222792 49.0047263, 2.5213408 49.0025975, 2.5198706 49.0004921, 2.518037 48.9981443, 2.5178762 48.9979815, 2.5172694 48.9974137, 2.5168307 48.9970624, 2.515963 48.9970735, 2.5158237 48.9971709, 2.515543 48.9972338, 2.5153673 48.9972663, 2.5151847 48.9972948, 2.5150702 48.9973039, 2.5149361 48.9973078, 2.5147833 48.997305, 2.5146571 48.997292, 2.5144799 48.9972669, 2.5143582 48.9972415, 2.5142122 48.9972024, 2.5141032 48.9971656, 2.513981 48.9971159, 2.5135814 48.9974848, 2.5135483 48.9973782, 2.5132652 48.9970963, 2.5131718 48.9964842, 2.5133452 48.9966174, 2.5133354 48.9963574, 2.5131283 48.9961896, 2.5133097 48.9955309, 2.5134694 48.9954485, 2.5136478 48.9953564, 2.5137722 48.9951597, 2.5137545 48.9949, 2.5137195 48.994655, 2.5134776 48.994098, 2.5134136 48.9940462, 2.512215 48.9913634, 2.5099656 48.9892761, 2.5108651 48.9893247, 2.512302 48.9908232, 2.5134589 48.9917775, 2.5144258 48.99225, 2.5151765 48.9924929, 2.515531 48.9925922, 2.5158693 48.9928524, 2.5163999 48.9932608, 2.516853 48.9930307, 2.5169743 48.993079, 2.5176046 48.9923911, 2.5176609 48.992285, 2.5186927 48.9911079, 2.5188735 48.9905817, 2.5193645 48.9891131, 2.5193671 48.9891064, 2.5196244 48.9883373, 2.5198142 48.9877701, 2.520095 48.9869174, 2.5207371 48.9853502, 2.5246052 48.9839833, 2.527642 48.9838655, 2.5315507 48.9837135, 2.5332548 48.9837062, 2.5354709 48.9836728, 2.5375768 48.9834369, 2.5390245 48.9832747, 2.5396686 48.9832025, 2.5399951 48.9831659, 2.5418528 48.9828919, 2.5428266 48.9828244, 2.5433582 48.9836882, 2.5440364 48.9848044, 2.5451427 48.9865915, 2.5451198 48.9867969, 2.545495 48.9874781, 2.5459718 48.9883432, 2.5460793 48.9886556, 2.5462373 48.9890086, 2.546616 48.9890427, 2.5467075 48.989278, 2.5470432 48.9880999, 2.547454 48.9894612, 2.5475722 48.989653, 2.5497148 48.9900674, 2.5497987 48.9900655, 2.549977 48.9900729, 2.5501163 48.9900786, 2.5506633 48.9900158, 2.5509431 48.989972, 2.5515237 48.9898716, 2.5520331 48.9897407, 2.5525343 48.9895965, 2.5526859 48.9895456, 2.5530312 48.9894296, 2.5532985 48.9893546, 2.5535262 48.9892926, 2.5538227 48.989224, 2.5540906 48.9891887, 2.5544849 48.989115, 2.5547508 48.9890738, 2.5551551 48.9890298, 2.5557025 48.9889981, 2.5558212 48.9889912, 2.5559086 48.9889895, 2.5559225 48.9889892, 2.5560079 48.9889887, 2.5562069 48.9889874, 2.5565679 48.9889783, 2.5569818 48.9890007, 2.5575224 48.9890605, 2.558087 48.9891461, 2.5585922 48.9892227, 2.5596181 48.9893281, 2.5598411 48.9893503, 2.560082 48.9893743, 2.5604851 48.9893957, 2.5607403 48.9894073, 2.561038 48.9894064, 2.5614478 48.9893971, 2.5624564 48.9893761, 2.5626368 48.9893803, 2.5629954 48.9893592, 2.5633408 48.9893553, 2.5638878 48.9893635, 2.564571 48.9893886, 2.5649854 48.9894097, 2.5652127 48.9894247, 2.565798 48.9894632, 2.5661082 48.9894803, 2.5666449 48.9895387, 2.5667965 48.9895552, 2.5670202 48.9895795, 2.567878 48.989685, 2.5684558 48.9897783, 2.5696679 48.9899992, 2.5699302 48.9899731, 2.5699968 48.9900769, 2.5722913 48.9906143, 2.5730723 48.9907899, 2.5740596 48.991029, 2.574399 48.9911218, 2.5752963 48.9913374, 2.5760441 48.9914982, 2.5763711 48.9915527, 2.576848 48.9916143, 2.5771844 48.9916504, 2.5778611 48.9917008, 2.5786071 48.9917324, 2.5792864 48.9917525, 2.5799659 48.9917593, 2.5806503 48.9917576, 2.5809083 48.9917376, 2.5817565 48.9917475, 2.5820231 48.9917777, 2.5822994 48.9917846, 2.5825751 48.991799, 2.5833606 48.9918672, 2.5839672 48.9919462, 2.5847563 48.9920568, 2.5851535 48.9921026, 2.5855813 48.9921263, 2.58601 48.9921369, 2.58699 48.9901183, 2.5877206 48.9901522, 2.58817 48.990173, 2.5906156 48.9902849, 2.5912279 48.9903124, 2.5925085 48.9903698, 2.5932105 48.9904011, 2.5962313 48.9905355, 2.599219 48.9906679, 2.5996702 48.9906879, 2.5998601 48.9906963, 2.6000667 48.9907054, 2.6002292 48.9907126, 2.601186 48.9907633, 2.6097791 48.9912266, 2.6097812 48.9912096, 2.6110831 48.9912965, 2.6112855 48.9913073, 2.6114062 48.9913138, 2.6150597 48.99147, 2.6151612 48.9912009, 2.6167363 48.991419, 2.6167355 48.9916087, 2.6183905 48.9917123, 2.6193783 48.991808, 2.6215466 48.9927442, 2.6221434 48.9934805, 2.622623 48.9941185, 2.6227918 48.9943661, 2.6234675 48.994965, 2.6269994 48.9952126, 2.6281681 48.9952947, 2.6313958 48.995552, 2.6341819 48.9958019, 2.6341824 48.9956604, 2.6342427 48.9956629, 2.6364539 48.9959933, 2.6374963 48.9939523, 2.6369763 48.9917093, 2.6352843 48.9912998, 2.6364646 48.9880307, 2.6367961 48.9881211, 2.6382841 48.9883419, 2.6397861 48.9886585, 2.6423353 48.9890953, 2.6428699 48.9892308, 2.6433815 48.9893965, 2.6444579 48.9897482, 2.6471176 48.9905212, 2.6489389 48.9909099, 2.6499404 48.9952845, 2.6464785 48.9966362, 2.64637 48.9965109, 2.6424245 48.9979901, 2.6419957 48.9980985, 2.6417528 48.998145, 2.6410666 48.9981766, 2.6361785 48.997775))",Number of parked airplanes, Time series of airport throughput at Aéroport Roissy Charles de Gaulle,BLUE,Aerospacelab SPRL,FR8,Archived
"49.006976345624935,2.559786183921451",FR,,Paris,Aéroport Roissy Charles de Gaulle,Airports: Throughput (archived),Count of airplanes on Sentinel-2 image,Sentinel-2,Sentinel 2 L2A,E13b2,2020-01-16T10:53:09,80.28673835,Average value for 2019,2019,100,"X in [92.92200219341512, 107.07799780658488] --> Normal, X < 92.92200219341512 --> Low, X > 107.07799780658488 --> High",Low,"POLYGON ((2.6361785 48.997775, 2.633425 48.9975045, 2.6325399 48.9973743, 2.6319927 48.9979268, 2.6325774 48.9987856, 2.6329154 49.0012351, 2.6327491 49.0016556, 2.6307455 49.0025108, 2.6304933 49.0023261, 2.6300186 49.0024316, 2.6297383 49.002531, 2.6296685 49.0025451, 2.6290544 49.0024536, 2.6283703 49.0023428, 2.6277427 49.0024836, 2.6275188 49.0026894, 2.62726 49.0029208, 2.6271419 49.0036642, 2.6269676 49.0038049, 2.6243007 49.0048694, 2.6205096 49.0065116, 2.615738 49.0084191, 2.6131944 49.0094278, 2.6125349 49.0096347, 2.6103181 49.0104714, 2.6095786 49.0110253, 2.6061153 49.0125479, 2.6048976 49.0130301, 2.6045028 49.0131864, 2.6040752 49.0133557, 2.6035848 49.0135499, 2.6033377 49.0136477, 2.6027146 49.0138945, 2.6003872 49.0148159, 2.6000187 49.0144438, 2.5995108 49.0146367, 2.5986351 49.0138303, 2.5983608 49.0137606, 2.5956284 49.0136822, 2.5938941 49.0134709, 2.5898444 49.0138444, 2.5877629 49.014365, 2.5863981 49.015291, 2.5841667 49.0183537, 2.5834579 49.0195713, 2.5841131 49.0218433, 2.5843296 49.0227807, 2.5851712 49.024207, 2.5848609 49.0246823, 2.584621 49.0250497, 2.5841449 49.0257781, 2.5836992 49.0264817, 2.5832988 49.0270969, 2.5831895 49.0272598, 2.582919 49.0276611, 2.582574 49.0275613, 2.5820716 49.027869, 2.5803459 49.0287112, 2.5802484 49.0287483, 2.5798227 49.0290117, 2.5792389 49.0293061, 2.5785789 49.0295845, 2.578003 49.0297885, 2.5774072 49.0299671, 2.5767943 49.0301209, 2.5759136 49.0302967, 2.5751176 49.0304168, 2.5744912 49.0304866, 2.5738413 49.0305442, 2.5729069 49.0305776, 2.5719752 49.0305805, 2.5709083 49.0305437, 2.5699754 49.0304802, 2.5685638 49.0303376, 2.5680279 49.0302649, 2.5673221 49.0301697, 2.5669905 49.0301156, 2.5659127 49.0299398, 2.5652126 49.0298256, 2.5630607 49.0294299, 2.5624106 49.0293104, 2.5623147 49.0292927, 2.5620652 49.0292573, 2.5618597 49.0292282, 2.5616981 49.0292052, 2.5615218 49.0291802, 2.5607287 49.0291249, 2.560513 49.0291099, 2.5601511 49.0290846, 2.559952 49.0290572, 2.5597873 49.0290345, 2.5596847 49.0290316, 2.5582797 49.028828, 2.5579207 49.0287766, 2.5577222 49.028754, 2.5574907 49.0287276, 2.5570178 49.0286738, 2.5565527 49.0286286, 2.5562917 49.0286032, 2.5560789 49.0285826, 2.5559092 49.0285661, 2.555718 49.0285475, 2.5554014 49.0285167, 2.554542 49.0284215, 2.5536921 49.0282804, 2.5535492 49.0282563, 2.5527435 49.0281204, 2.5517804 49.0280064, 2.5508078 49.027939, 2.5498788 49.027922, 2.5489445 49.027924, 2.5475567 49.027927, 2.5473371 49.0279274, 2.5468981 49.0279284, 2.5463875 49.0279295, 2.5459325 49.0279247, 2.5456265 49.0279171, 2.5453209 49.0279046, 2.5450158 49.0278871, 2.5444016 49.027831, 2.543793 49.0277519, 2.5428009 49.0276036, 2.5420759 49.0274958, 2.5421888 49.0272683, 2.5411422 49.0270891, 2.5411553 49.0269906, 2.5401995 49.0268665, 2.5392404 49.0268573, 2.5384647 49.0269056, 2.5377463 49.0270183, 2.5374958 49.0269245, 2.5371712 49.0263793, 2.5362716 49.0265224, 2.5358211 49.0266341, 2.5355136 49.0267733, 2.5348033 49.026535, 2.534489 49.0265253, 2.5341564 49.0267364, 2.5332541 49.0267663, 2.5326102 49.0270748, 2.5323741 49.0270155, 2.5321575 49.0274748, 2.5319127 49.0275965, 2.5315125 49.0279824, 2.5312506 49.0280632, 2.5309298 49.028178, 2.5305151 49.0282625, 2.5302587 49.0283053, 2.5296423 49.0283602, 2.5294165 49.0283723, 2.5290354 49.0283812, 2.5283592 49.0283537, 2.5271203 49.028214, 2.5269736 49.0281975, 2.5267925 49.0281771, 2.5265697 49.0281519, 2.5261631 49.0281147, 2.5250465 49.028014, 2.5231622 49.0277919, 2.5196222 49.0273305, 2.5189217 49.0272276, 2.5179381 49.0270771, 2.5174651 49.0268636, 2.5174053 49.0269938, 2.5170445 49.0269382, 2.5158532 49.0267772, 2.5155167 49.0267383, 2.515156 49.0266996, 2.514497 49.0266408, 2.5140704 49.0266116, 2.513716 49.0265933, 2.5134809 49.0265842, 2.5131994 49.026579, 2.512638 49.0265792, 2.512132 49.026571, 2.5119837 49.0265575, 2.5119566 49.0264904, 2.5116892 49.0265125, 2.5112466 49.026363, 2.5110203 49.02601, 2.510816 49.0260516, 2.5105855 49.0262716, 2.5100756 49.0266109, 2.5098759 49.026577, 2.5096791 49.0265364, 2.5094855 49.0264892, 2.5092958 49.0264356, 2.5091102 49.0263758, 2.5089293 49.0263098, 2.5087536 49.0262378, 2.5085834 49.02616, 2.5084193 49.0260767, 2.5082616 49.0259879, 2.5081106 49.0258939, 2.5079669 49.025795, 2.5078307 49.0256915, 2.5076578 49.0255531, 2.5069949 49.0250228, 2.5068151 49.0248926, 2.5067071 49.0248259, 2.5065939 49.0247632, 2.5064757 49.0247048, 2.5063529 49.0246508, 2.506226 49.0246013, 2.5060953 49.0245565, 2.5038564 49.0244533, 2.5014775 49.0243359, 2.4986658 49.0241915, 2.4976114 49.0225424, 2.4938821 49.016707, 2.4936038 49.0162263, 2.4933449 49.0157325, 2.4931207 49.015206, 2.4911452 49.0100741, 2.491202 49.0100221, 2.4923742 49.009777, 2.4938521 49.0094679, 2.4944729 49.0093381, 2.4951016 49.0091665, 2.4966191 49.0086445, 2.4970587 49.0084018, 2.4982039 49.0077092, 2.4985712 49.0075443, 2.4996408 49.0074391, 2.4999793 49.0073907, 2.5004403 49.0072933, 2.5013635 49.007066, 2.5018534 49.0069236, 2.5018927 49.0069792, 2.5023487 49.0068358, 2.5026581 49.0067699, 2.5033101 49.0065494, 2.5043619 49.006197, 2.5049593 49.0059973, 2.505359 49.005864, 2.5054192 49.0058675, 2.5054391 49.0057746, 2.5065264 49.0051953, 2.5064257 49.0051071, 2.5079016 49.0043757, 2.5085443 49.0041507, 2.5089188 49.0044489, 2.5094105 49.0044274, 2.5096786 49.0047692, 2.509688 49.0048308, 2.5097631 49.0049346, 2.5100219 49.0050771, 2.5102352 49.0053182, 2.5114621 49.0066747, 2.5118528 49.0071018, 2.512653 49.0074747, 2.5138334 49.0078162, 2.51397 49.0091705, 2.5140968 49.0093535, 2.5151124 49.009007, 2.51508 49.0097147, 2.5150181 49.0100857, 2.5148409 49.0105946, 2.5149641 49.0106171, 2.5148518 49.010981, 2.5172488 49.0099122, 2.517514 49.0101689, 2.5190207 49.0096316, 2.5199846 49.0087957, 2.5204018 49.0088093, 2.5204476 49.0087133, 2.5204934 49.0086174, 2.5215384 49.0086757, 2.5215465 49.0086087, 2.5241513 49.0087485, 2.5240759 49.0083866, 2.5240032 49.0080404, 2.5239277 49.0077852, 2.5237599 49.0075211, 2.5235363 49.0073052, 2.5232409 49.0071158, 2.5227223 49.0069131, 2.5223236 49.006837, 2.5205258 49.0064919, 2.5211116 49.0063353, 2.5218868 49.0064857, 2.5221828 49.0063191, 2.5223381 49.0056457, 2.5222792 49.0047263, 2.5213408 49.0025975, 2.5198706 49.0004921, 2.518037 48.9981443, 2.5178762 48.9979815, 2.5172694 48.9974137, 2.5168307 48.9970624, 2.515963 48.9970735, 2.5158237 48.9971709, 2.515543 48.9972338, 2.5153673 48.9972663, 2.5151847 48.9972948, 2.5150702 48.9973039, 2.5149361 48.9973078, 2.5147833 48.997305, 2.5146571 48.997292, 2.5144799 48.9972669, 2.5143582 48.9972415, 2.5142122 48.9972024, 2.5141032 48.9971656, 2.513981 48.9971159, 2.5135814 48.9974848, 2.5135483 48.9973782, 2.5132652 48.9970963, 2.5131718 48.9964842, 2.5133452 48.9966174, 2.5133354 48.9963574, 2.5131283 48.9961896, 2.5133097 48.9955309, 2.5134694 48.9954485, 2.5136478 48.9953564, 2.5137722 48.9951597, 2.5137545 48.9949, 2.5137195 48.994655, 2.5134776 48.994098, 2.5134136 48.9940462, 2.512215 48.9913634, 2.5099656 48.9892761, 2.5108651 48.9893247, 2.512302 48.9908232, 2.5134589 48.9917775, 2.5144258 48.99225, 2.5151765 48.9924929, 2.515531 48.9925922, 2.5158693 48.9928524, 2.5163999 48.9932608, 2.516853 48.9930307, 2.5169743 48.993079, 2.5176046 48.9923911, 2.5176609 48.992285, 2.5186927 48.9911079, 2.5188735 48.9905817, 2.5193645 48.9891131, 2.5193671 48.9891064, 2.5196244 48.9883373, 2.5198142 48.9877701, 2.520095 48.9869174, 2.5207371 48.9853502, 2.5246052 48.9839833, 2.527642 48.9838655, 2.5315507 48.9837135, 2.5332548 48.9837062, 2.5354709 48.9836728, 2.5375768 48.9834369, 2.5390245 48.9832747, 2.5396686 48.9832025, 2.5399951 48.9831659, 2.5418528 48.9828919, 2.5428266 48.9828244, 2.5433582 48.9836882, 2.5440364 48.9848044, 2.5451427 48.9865915, 2.5451198 48.9867969, 2.545495 48.9874781, 2.5459718 48.9883432, 2.5460793 48.9886556, 2.5462373 48.9890086, 2.546616 48.9890427, 2.5467075 48.989278, 2.5470432 48.9880999, 2.547454 48.9894612, 2.5475722 48.989653, 2.5497148 48.9900674, 2.5497987 48.9900655, 2.549977 48.9900729, 2.5501163 48.9900786, 2.5506633 48.9900158, 2.5509431 48.989972, 2.5515237 48.9898716, 2.5520331 48.9897407, 2.5525343 48.9895965, 2.5526859 48.9895456, 2.5530312 48.9894296, 2.5532985 48.9893546, 2.5535262 48.9892926, 2.5538227 48.989224, 2.5540906 48.9891887, 2.5544849 48.989115, 2.5547508 48.9890738, 2.5551551 48.9890298, 2.5557025 48.9889981, 2.5558212 48.9889912, 2.5559086 48.9889895, 2.5559225 48.9889892, 2.5560079 48.9889887, 2.5562069 48.9889874, 2.5565679 48.9889783, 2.5569818 48.9890007, 2.5575224 48.9890605, 2.558087 48.9891461, 2.5585922 48.9892227, 2.5596181 48.9893281, 2.5598411 48.9893503, 2.560082 48.9893743, 2.5604851 48.9893957, 2.5607403 48.9894073, 2.561038 48.9894064, 2.5614478 48.9893971, 2.5624564 48.9893761, 2.5626368 48.9893803, 2.5629954 48.9893592, 2.5633408 48.9893553, 2.5638878 48.9893635, 2.564571 48.9893886, 2.5649854 48.9894097, 2.5652127 48.9894247, 2.565798 48.9894632, 2.5661082 48.9894803, 2.5666449 48.9895387, 2.5667965 48.9895552, 2.5670202 48.9895795, 2.567878 48.989685, 2.5684558 48.9897783, 2.5696679 48.9899992, 2.5699302 48.9899731, 2.5699968 48.9900769, 2.5722913 48.9906143, 2.5730723 48.9907899, 2.5740596 48.991029, 2.574399 48.9911218, 2.5752963 48.9913374, 2.5760441 48.9914982, 2.5763711 48.9915527, 2.576848 48.9916143, 2.5771844 48.9916504, 2.5778611 48.9917008, 2.5786071 48.9917324, 2.5792864 48.9917525, 2.5799659 48.9917593, 2.5806503 48.9917576, 2.5809083 48.9917376, 2.5817565 48.9917475, 2.5820231 48.9917777, 2.5822994 48.9917846, 2.5825751 48.991799, 2.5833606 48.9918672, 2.5839672 48.9919462, 2.5847563 48.9920568, 2.5851535 48.9921026, 2.5855813 48.9921263, 2.58601 48.9921369, 2.58699 48.9901183, 2.5877206 48.9901522, 2.58817 48.990173, 2.5906156 48.9902849, 2.5912279 48.9903124, 2.5925085 48.9903698, 2.5932105 48.9904011, 2.5962313 48.9905355, 2.599219 48.9906679, 2.5996702 48.9906879, 2.5998601 48.9906963, 2.6000667 48.9907054, 2.6002292 48.9907126, 2.601186 48.9907633, 2.6097791 48.9912266, 2.6097812 48.9912096, 2.6110831 48.9912965, 2.6112855 48.9913073, 2.6114062 48.9913138, 2.6150597 48.99147, 2.6151612 48.9912009, 2.6167363 48.991419, 2.6167355 48.9916087, 2.6183905 48.9917123, 2.6193783 48.991808, 2.6215466 48.9927442, 2.6221434 48.9934805, 2.622623 48.9941185, 2.6227918 48.9943661, 2.6234675 48.994965, 2.6269994 48.9952126, 2.6281681 48.9952947, 2.6313958 48.995552, 2.6341819 48.9958019, 2.6341824 48.9956604, 2.6342427 48.9956629, 2.6364539 48.9959933, 2.6374963 48.9939523, 2.6369763 48.9917093, 2.6352843 48.9912998, 2.6364646 48.9880307, 2.6367961 48.9881211, 2.6382841 48.9883419, 2.6397861 48.9886585, 2.6423353 48.9890953, 2.6428699 48.9892308, 2.6433815 48.9893965, 2.6444579 48.9897482, 2.6471176 48.9905212, 2.6489389 48.9909099, 2.6499404 48.9952845, 2.6464785 48.9966362, 2.64637 48.9965109, 2.6424245 48.9979901, 2.6419957 48.9980985, 2.6417528 48.998145, 2.6410666 48.9981766, 2.6361785 48.997775))",Number of parked airplanes, Time series of airport throughput at Aéroport Roissy Charles de Gaulle,GREEN,Aerospacelab SPRL,FR8,Archived
"49.006976345624935,2.559786183921451",FR,,Paris,Aéroport Roissy Charles de Gaulle,Airports: Throughput (archived),Count of airplanes on Sentinel-2 image,Sentinel-2,Sentinel 2 L2A,E13b2,2020-01-19T11:02:59,96.53524492,Average value for 2019,2019,100,"X in [92.92200219341512, 107.07799780658488] --> Normal, X < 92.92200219341512 --> Low, X > 107.07799780658488 --> High",Normal,"POLYGON ((2.6361785 48.997775, 2.633425 48.9975045, 2.6325399 48.9973743, 2.6319927 48.9979268, 2.6325774 48.9987856, 2.6329154 49.0012351, 2.6327491 49.0016556, 2.6307455 49.0025108, 2.6304933 49.0023261, 2.6300186 49.0024316, 2.6297383 49.002531, 2.6296685 49.0025451, 2.6290544 49.0024536, 2.6283703 49.0023428, 2.6277427 49.0024836, 2.6275188 49.0026894, 2.62726 49.0029208, 2.6271419 49.0036642, 2.6269676 49.0038049, 2.6243007 49.0048694, 2.6205096 49.0065116, 2.615738 49.0084191, 2.6131944 49.0094278, 2.6125349 49.0096347, 2.6103181 49.0104714, 2.6095786 49.0110253, 2.6061153 49.0125479, 2.6048976 49.0130301, 2.6045028 49.0131864, 2.6040752 49.0133557, 2.6035848 49.0135499, 2.6033377 49.0136477, 2.6027146 49.0138945, 2.6003872 49.0148159, 2.6000187 49.0144438, 2.5995108 49.0146367, 2.5986351 49.0138303, 2.5983608 49.0137606, 2.5956284 49.0136822, 2.5938941 49.0134709, 2.5898444 49.0138444, 2.5877629 49.014365, 2.5863981 49.015291, 2.5841667 49.0183537, 2.5834579 49.0195713, 2.5841131 49.0218433, 2.5843296 49.0227807, 2.5851712 49.024207, 2.5848609 49.0246823, 2.584621 49.0250497, 2.5841449 49.0257781, 2.5836992 49.0264817, 2.5832988 49.0270969, 2.5831895 49.0272598, 2.582919 49.0276611, 2.582574 49.0275613, 2.5820716 49.027869, 2.5803459 49.0287112, 2.5802484 49.0287483, 2.5798227 49.0290117, 2.5792389 49.0293061, 2.5785789 49.0295845, 2.578003 49.0297885, 2.5774072 49.0299671, 2.5767943 49.0301209, 2.5759136 49.0302967, 2.5751176 49.0304168, 2.5744912 49.0304866, 2.5738413 49.0305442, 2.5729069 49.0305776, 2.5719752 49.0305805, 2.5709083 49.0305437, 2.5699754 49.0304802, 2.5685638 49.0303376, 2.5680279 49.0302649, 2.5673221 49.0301697, 2.5669905 49.0301156, 2.5659127 49.0299398, 2.5652126 49.0298256, 2.5630607 49.0294299, 2.5624106 49.0293104, 2.5623147 49.0292927, 2.5620652 49.0292573, 2.5618597 49.0292282, 2.5616981 49.0292052, 2.5615218 49.0291802, 2.5607287 49.0291249, 2.560513 49.0291099, 2.5601511 49.0290846, 2.559952 49.0290572, 2.5597873 49.0290345, 2.5596847 49.0290316, 2.5582797 49.028828, 2.5579207 49.0287766, 2.5577222 49.028754, 2.5574907 49.0287276, 2.5570178 49.0286738, 2.5565527 49.0286286, 2.5562917 49.0286032, 2.5560789 49.0285826, 2.5559092 49.0285661, 2.555718 49.0285475, 2.5554014 49.0285167, 2.554542 49.0284215, 2.5536921 49.0282804, 2.5535492 49.0282563, 2.5527435 49.0281204, 2.5517804 49.0280064, 2.5508078 49.027939, 2.5498788 49.027922, 2.5489445 49.027924, 2.5475567 49.027927, 2.5473371 49.0279274, 2.5468981 49.0279284, 2.5463875 49.0279295, 2.5459325 49.0279247, 2.5456265 49.0279171, 2.5453209 49.0279046, 2.5450158 49.0278871, 2.5444016 49.027831, 2.543793 49.0277519, 2.5428009 49.0276036, 2.5420759 49.0274958, 2.5421888 49.0272683, 2.5411422 49.0270891, 2.5411553 49.0269906, 2.5401995 49.0268665, 2.5392404 49.0268573, 2.5384647 49.0269056, 2.5377463 49.0270183, 2.5374958 49.0269245, 2.5371712 49.0263793, 2.5362716 49.0265224, 2.5358211 49.0266341, 2.5355136 49.0267733, 2.5348033 49.026535, 2.534489 49.0265253, 2.5341564 49.0267364, 2.5332541 49.0267663, 2.5326102 49.0270748, 2.5323741 49.0270155, 2.5321575 49.0274748, 2.5319127 49.0275965, 2.5315125 49.0279824, 2.5312506 49.0280632, 2.5309298 49.028178, 2.5305151 49.0282625, 2.5302587 49.0283053, 2.5296423 49.0283602, 2.5294165 49.0283723, 2.5290354 49.0283812, 2.5283592 49.0283537, 2.5271203 49.028214, 2.5269736 49.0281975, 2.5267925 49.0281771, 2.5265697 49.0281519, 2.5261631 49.0281147, 2.5250465 49.028014, 2.5231622 49.0277919, 2.5196222 49.0273305, 2.5189217 49.0272276, 2.5179381 49.0270771, 2.5174651 49.0268636, 2.5174053 49.0269938, 2.5170445 49.0269382, 2.5158532 49.0267772, 2.5155167 49.0267383, 2.515156 49.0266996, 2.514497 49.0266408, 2.5140704 49.0266116, 2.513716 49.0265933, 2.5134809 49.0265842, 2.5131994 49.026579, 2.512638 49.0265792, 2.512132 49.026571, 2.5119837 49.0265575, 2.5119566 49.0264904, 2.5116892 49.0265125, 2.5112466 49.026363, 2.5110203 49.02601, 2.510816 49.0260516, 2.5105855 49.0262716, 2.5100756 49.0266109, 2.5098759 49.026577, 2.5096791 49.0265364, 2.5094855 49.0264892, 2.5092958 49.0264356, 2.5091102 49.0263758, 2.5089293 49.0263098, 2.5087536 49.0262378, 2.5085834 49.02616, 2.5084193 49.0260767, 2.5082616 49.0259879, 2.5081106 49.0258939, 2.5079669 49.025795, 2.5078307 49.0256915, 2.5076578 49.0255531, 2.5069949 49.0250228, 2.5068151 49.0248926, 2.5067071 49.0248259, 2.5065939 49.0247632, 2.5064757 49.0247048, 2.5063529 49.0246508, 2.506226 49.0246013, 2.5060953 49.0245565, 2.5038564 49.0244533, 2.5014775 49.0243359, 2.4986658 49.0241915, 2.4976114 49.0225424, 2.4938821 49.016707, 2.4936038 49.0162263, 2.4933449 49.0157325, 2.4931207 49.015206, 2.4911452 49.0100741, 2.491202 49.0100221, 2.4923742 49.009777, 2.4938521 49.0094679, 2.4944729 49.0093381, 2.4951016 49.0091665, 2.4966191 49.0086445, 2.4970587 49.0084018, 2.4982039 49.0077092, 2.4985712 49.0075443, 2.4996408 49.0074391, 2.4999793 49.0073907, 2.5004403 49.0072933, 2.5013635 49.007066, 2.5018534 49.0069236, 2.5018927 49.0069792, 2.5023487 49.0068358, 2.5026581 49.0067699, 2.5033101 49.0065494, 2.5043619 49.006197, 2.5049593 49.0059973, 2.505359 49.005864, 2.5054192 49.0058675, 2.5054391 49.0057746, 2.5065264 49.0051953, 2.5064257 49.0051071, 2.5079016 49.0043757, 2.5085443 49.0041507, 2.5089188 49.0044489, 2.5094105 49.0044274, 2.5096786 49.0047692, 2.509688 49.0048308, 2.5097631 49.0049346, 2.5100219 49.0050771, 2.5102352 49.0053182, 2.5114621 49.0066747, 2.5118528 49.0071018, 2.512653 49.0074747, 2.5138334 49.0078162, 2.51397 49.0091705, 2.5140968 49.0093535, 2.5151124 49.009007, 2.51508 49.0097147, 2.5150181 49.0100857, 2.5148409 49.0105946, 2.5149641 49.0106171, 2.5148518 49.010981, 2.5172488 49.0099122, 2.517514 49.0101689, 2.5190207 49.0096316, 2.5199846 49.0087957, 2.5204018 49.0088093, 2.5204476 49.0087133, 2.5204934 49.0086174, 2.5215384 49.0086757, 2.5215465 49.0086087, 2.5241513 49.0087485, 2.5240759 49.0083866, 2.5240032 49.0080404, 2.5239277 49.0077852, 2.5237599 49.0075211, 2.5235363 49.0073052, 2.5232409 49.0071158, 2.5227223 49.0069131, 2.5223236 49.006837, 2.5205258 49.0064919, 2.5211116 49.0063353, 2.5218868 49.0064857, 2.5221828 49.0063191, 2.5223381 49.0056457, 2.5222792 49.0047263, 2.5213408 49.0025975, 2.5198706 49.0004921, 2.518037 48.9981443, 2.5178762 48.9979815, 2.5172694 48.9974137, 2.5168307 48.9970624, 2.515963 48.9970735, 2.5158237 48.9971709, 2.515543 48.9972338, 2.5153673 48.9972663, 2.5151847 48.9972948, 2.5150702 48.9973039, 2.5149361 48.9973078, 2.5147833 48.997305, 2.5146571 48.997292, 2.5144799 48.9972669, 2.5143582 48.9972415, 2.5142122 48.9972024, 2.5141032 48.9971656, 2.513981 48.9971159, 2.5135814 48.9974848, 2.5135483 48.9973782, 2.5132652 48.9970963, 2.5131718 48.9964842, 2.5133452 48.9966174, 2.5133354 48.9963574, 2.5131283 48.9961896, 2.5133097 48.9955309, 2.5134694 48.9954485, 2.5136478 48.9953564, 2.5137722 48.9951597, 2.5137545 48.9949, 2.5137195 48.994655, 2.5134776 48.994098, 2.5134136 48.9940462, 2.512215 48.9913634, 2.5099656 48.9892761, 2.5108651 48.9893247, 2.512302 48.9908232, 2.5134589 48.9917775, 2.5144258 48.99225, 2.5151765 48.9924929, 2.515531 48.9925922, 2.5158693 48.9928524, 2.5163999 48.9932608, 2.516853 48.9930307, 2.5169743 48.993079, 2.5176046 48.9923911, 2.5176609 48.992285, 2.5186927 48.9911079, 2.5188735 48.9905817, 2.5193645 48.9891131, 2.5193671 48.9891064, 2.5196244 48.9883373, 2.5198142 48.9877701, 2.520095 48.9869174, 2.5207371 48.9853502, 2.5246052 48.9839833, 2.527642 48.9838655, 2.5315507 48.9837135, 2.5332548 48.9837062, 2.5354709 48.9836728, 2.5375768 48.9834369, 2.5390245 48.9832747, 2.5396686 48.9832025, 2.5399951 48.9831659, 2.5418528 48.9828919, 2.5428266 48.9828244, 2.5433582 48.9836882, 2.5440364 48.9848044, 2.5451427 48.9865915, 2.5451198 48.9867969, 2.545495 48.9874781, 2.5459718 48.9883432, 2.5460793 48.9886556, 2.5462373 48.9890086, 2.546616 48.9890427, 2.5467075 48.989278, 2.5470432 48.9880999, 2.547454 48.9894612, 2.5475722 48.989653, 2.5497148 48.9900674, 2.5497987 48.9900655, 2.549977 48.9900729, 2.5501163 48.9900786, 2.5506633 48.9900158, 2.5509431 48.989972, 2.5515237 48.9898716, 2.5520331 48.9897407, 2.5525343 48.9895965, 2.5526859 48.9895456, 2.5530312 48.9894296, 2.5532985 48.9893546, 2.5535262 48.9892926, 2.5538227 48.989224, 2.5540906 48.9891887, 2.5544849 48.989115, 2.5547508 48.9890738, 2.5551551 48.9890298, 2.5557025 48.9889981, 2.5558212 48.9889912, 2.5559086 48.9889895, 2.5559225 48.9889892, 2.5560079 48.9889887, 2.5562069 48.9889874, 2.5565679 48.9889783, 2.5569818 48.9890007, 2.5575224 48.9890605, 2.558087 48.9891461, 2.5585922 48.9892227, 2.5596181 48.9893281, 2.5598411 48.9893503, 2.560082 48.9893743, 2.5604851 48.9893957, 2.5607403 48.9894073, 2.561038 48.9894064, 2.5614478 48.9893971, 2.5624564 48.9893761, 2.5626368 48.9893803, 2.5629954 48.9893592, 2.5633408 48.9893553, 2.5638878 48.9893635, 2.564571 48.9893886, 2.5649854 48.9894097, 2.5652127 48.9894247, 2.565798 48.9894632, 2.5661082 48.9894803, 2.5666449 48.9895387, 2.5667965 48.9895552, 2.5670202 48.9895795, 2.567878 48.989685, 2.5684558 48.9897783, 2.5696679 48.9899992, 2.5699302 48.9899731, 2.5699968 48.9900769, 2.5722913 48.9906143, 2.5730723 48.9907899, 2.5740596 48.991029, 2.574399 48.9911218, 2.5752963 48.9913374, 2.5760441 48.9914982, 2.5763711 48.9915527, 2.576848 48.9916143, 2.5771844 48.9916504, 2.5778611 48.9917008, 2.5786071 48.9917324, 2.5792864 48.9917525, 2.5799659 48.9917593, 2.5806503 48.9917576, 2.5809083 48.9917376, 2.5817565 48.9917475, 2.5820231 48.9917777, 2.5822994 48.9917846, 2.5825751 48.991799, 2.5833606 48.9918672, 2.5839672 48.9919462, 2.5847563 48.9920568, 2.5851535 48.9921026, 2.5855813 48.9921263, 2.58601 48.9921369, 2.58699 48.9901183, 2.5877206 48.9901522, 2.58817 48.990173, 2.5906156 48.9902849, 2.5912279 48.9903124, 2.5925085 48.9903698, 2.5932105 48.9904011, 2.5962313 48.9905355, 2.599219 48.9906679, 2.5996702 48.9906879, 2.5998601 48.9906963, 2.6000667 48.9907054, 2.6002292 48.9907126, 2.601186 48.9907633, 2.6097791 48.9912266, 2.6097812 48.9912096, 2.6110831 48.9912965, 2.6112855 48.9913073, 2.6114062 48.9913138, 2.6150597 48.99147, 2.6151612 48.9912009, 2.6167363 48.991419, 2.6167355 48.9916087, 2.6183905 48.9917123, 2.6193783 48.991808, 2.6215466 48.9927442, 2.6221434 48.9934805, 2.622623 48.9941185, 2.6227918 48.9943661, 2.6234675 48.994965, 2.6269994 48.9952126, 2.6281681 48.9952947, 2.6313958 48.995552, 2.6341819 48.9958019, 2.6341824 48.9956604, 2.6342427 48.9956629, 2.6364539 48.9959933, 2.6374963 48.9939523, 2.6369763 48.9917093, 2.6352843 48.9912998, 2.6364646 48.9880307, 2.6367961 48.9881211, 2.6382841 48.9883419, 2.6397861 48.9886585, 2.6423353 48.9890953, 2.6428699 48.9892308, 2.6433815 48.9893965, 2.6444579 48.9897482, 2.6471176 48.9905212, 2.6489389 48.9909099, 2.6499404 48.9952845, 2.6464785 48.9966362, 2.64637 48.9965109, 2.6424245 48.9979901, 2.6419957 48.9980985, 2.6417528 48.998145, 2.6410666 48.9981766, 2.6361785 48.997775))",Number of parked airplanes, Time series of airport throughput at Aéroport Roissy Charles de Gaulle,BLUE,Aerospacelab SPRL,FR8,Archived
"49.006976345624935,2.559786183921451",FR,,Paris,Aéroport Roissy Charles de Gaulle,Airports: Throughput (archived),Count of airplanes on Sentinel-2 image,Sentinel-2,Sentinel 2 L2A,E13b2,2020-03-19T10:56:49,97.49103943,Average value for 2019,2019,100,"X in [92.92200219341512, 107.07799780658488] --> Normal, X < 92.92200219341512 --> Low, X > 107.07799780658488 --> High",Normal,"POLYGON ((2.6361785 48.997775, 2.633425 48.9975045, 2.6325399 48.9973743, 2.6319927 48.9979268, 2.6325774 48.9987856, 2.6329154 49.0012351, 2.6327491 49.0016556, 2.6307455 49.0025108, 2.6304933 49.0023261, 2.6300186 49.0024316, 2.6297383 49.002531, 2.6296685 49.0025451, 2.6290544 49.0024536, 2.6283703 49.0023428, 2.6277427 49.0024836, 2.6275188 49.0026894, 2.62726 49.0029208, 2.6271419 49.0036642, 2.6269676 49.0038049, 2.6243007 49.0048694, 2.6205096 49.0065116, 2.615738 49.0084191, 2.6131944 49.0094278, 2.6125349 49.0096347, 2.6103181 49.0104714, 2.6095786 49.0110253, 2.6061153 49.0125479, 2.6048976 49.0130301, 2.6045028 49.0131864, 2.6040752 49.0133557, 2.6035848 49.0135499, 2.6033377 49.0136477, 2.6027146 49.0138945, 2.6003872 49.0148159, 2.6000187 49.0144438, 2.5995108 49.0146367, 2.5986351 49.0138303, 2.5983608 49.0137606, 2.5956284 49.0136822, 2.5938941 49.0134709, 2.5898444 49.0138444, 2.5877629 49.014365, 2.5863981 49.015291, 2.5841667 49.0183537, 2.5834579 49.0195713, 2.5841131 49.0218433, 2.5843296 49.0227807, 2.5851712 49.024207, 2.5848609 49.0246823, 2.584621 49.0250497, 2.5841449 49.0257781, 2.5836992 49.0264817, 2.5832988 49.0270969, 2.5831895 49.0272598, 2.582919 49.0276611, 2.582574 49.0275613, 2.5820716 49.027869, 2.5803459 49.0287112, 2.5802484 49.0287483, 2.5798227 49.0290117, 2.5792389 49.0293061, 2.5785789 49.0295845, 2.578003 49.0297885, 2.5774072 49.0299671, 2.5767943 49.0301209, 2.5759136 49.0302967, 2.5751176 49.0304168, 2.5744912 49.0304866, 2.5738413 49.0305442, 2.5729069 49.0305776, 2.5719752 49.0305805, 2.5709083 49.0305437, 2.5699754 49.0304802, 2.5685638 49.0303376, 2.5680279 49.0302649, 2.5673221 49.0301697, 2.5669905 49.0301156, 2.5659127 49.0299398, 2.5652126 49.0298256, 2.5630607 49.0294299, 2.5624106 49.0293104, 2.5623147 49.0292927, 2.5620652 49.0292573, 2.5618597 49.0292282, 2.5616981 49.0292052, 2.5615218 49.0291802, 2.5607287 49.0291249, 2.560513 49.0291099, 2.5601511 49.0290846, 2.559952 49.0290572, 2.5597873 49.0290345, 2.5596847 49.0290316, 2.5582797 49.028828, 2.5579207 49.0287766, 2.5577222 49.028754, 2.5574907 49.0287276, 2.5570178 49.0286738, 2.5565527 49.0286286, 2.5562917 49.0286032, 2.5560789 49.0285826, 2.5559092 49.0285661, 2.555718 49.0285475, 2.5554014 49.0285167, 2.554542 49.0284215, 2.5536921 49.0282804, 2.5535492 49.0282563, 2.5527435 49.0281204, 2.5517804 49.0280064, 2.5508078 49.027939, 2.5498788 49.027922, 2.5489445 49.027924, 2.5475567 49.027927, 2.5473371 49.0279274, 2.5468981 49.0279284, 2.5463875 49.0279295, 2.5459325 49.0279247, 2.5456265 49.0279171, 2.5453209 49.0279046, 2.5450158 49.0278871, 2.5444016 49.027831, 2.543793 49.0277519, 2.5428009 49.0276036, 2.5420759 49.0274958, 2.5421888 49.0272683, 2.5411422 49.0270891, 2.5411553 49.0269906, 2.5401995 49.0268665, 2.5392404 49.0268573, 2.5384647 49.0269056, 2.5377463 49.0270183, 2.5374958 49.0269245, 2.5371712 49.0263793, 2.5362716 49.0265224, 2.5358211 49.0266341, 2.5355136 49.0267733, 2.5348033 49.026535, 2.534489 49.0265253, 2.5341564 49.0267364, 2.5332541 49.0267663, 2.5326102 49.0270748, 2.5323741 49.0270155, 2.5321575 49.0274748, 2.5319127 49.0275965, 2.5315125 49.0279824, 2.5312506 49.0280632, 2.5309298 49.028178, 2.5305151 49.0282625, 2.5302587 49.0283053, 2.5296423 49.0283602, 2.5294165 49.0283723, 2.5290354 49.0283812, 2.5283592 49.0283537, 2.5271203 49.028214, 2.5269736 49.0281975, 2.5267925 49.0281771, 2.5265697 49.0281519, 2.5261631 49.0281147, 2.5250465 49.028014, 2.5231622 49.0277919, 2.5196222 49.0273305, 2.5189217 49.0272276, 2.5179381 49.0270771, 2.5174651 49.0268636, 2.5174053 49.0269938, 2.5170445 49.0269382, 2.5158532 49.0267772, 2.5155167 49.0267383, 2.515156 49.0266996, 2.514497 49.0266408, 2.5140704 49.0266116, 2.513716 49.0265933, 2.5134809 49.0265842, 2.5131994 49.026579, 2.512638 49.0265792, 2.512132 49.026571, 2.5119837 49.0265575, 2.5119566 49.0264904, 2.5116892 49.0265125, 2.5112466 49.026363, 2.5110203 49.02601, 2.510816 49.0260516, 2.5105855 49.0262716, 2.5100756 49.0266109, 2.5098759 49.026577, 2.5096791 49.0265364, 2.5094855 49.0264892, 2.5092958 49.0264356, 2.5091102 49.0263758, 2.5089293 49.0263098, 2.5087536 49.0262378, 2.5085834 49.02616, 2.5084193 49.0260767, 2.5082616 49.0259879, 2.5081106 49.0258939, 2.5079669 49.025795, 2.5078307 49.0256915, 2.5076578 49.0255531, 2.5069949 49.0250228, 2.5068151 49.0248926, 2.5067071 49.0248259, 2.5065939 49.0247632, 2.5064757 49.0247048, 2.5063529 49.0246508, 2.506226 49.0246013, 2.5060953 49.0245565, 2.5038564 49.0244533, 2.5014775 49.0243359, 2.4986658 49.0241915, 2.4976114 49.0225424, 2.4938821 49.016707, 2.4936038 49.0162263, 2.4933449 49.0157325, 2.4931207 49.015206, 2.4911452 49.0100741, 2.491202 49.0100221, 2.4923742 49.009777, 2.4938521 49.0094679, 2.4944729 49.0093381, 2.4951016 49.0091665, 2.4966191 49.0086445, 2.4970587 49.0084018, 2.4982039 49.0077092, 2.4985712 49.0075443, 2.4996408 49.0074391, 2.4999793 49.0073907, 2.5004403 49.0072933, 2.5013635 49.007066, 2.5018534 49.0069236, 2.5018927 49.0069792, 2.5023487 49.0068358, 2.5026581 49.0067699, 2.5033101 49.0065494, 2.5043619 49.006197, 2.5049593 49.0059973, 2.505359 49.005864, 2.5054192 49.0058675, 2.5054391 49.0057746, 2.5065264 49.0051953, 2.5064257 49.0051071, 2.5079016 49.0043757, 2.5085443 49.0041507, 2.5089188 49.0044489, 2.5094105 49.0044274, 2.5096786 49.0047692, 2.509688 49.0048308, 2.5097631 49.0049346, 2.5100219 49.0050771, 2.5102352 49.0053182, 2.5114621 49.0066747, 2.5118528 49.0071018, 2.512653 49.0074747, 2.5138334 49.0078162, 2.51397 49.0091705, 2.5140968 49.0093535, 2.5151124 49.009007, 2.51508 49.0097147, 2.5150181 49.0100857, 2.5148409 49.0105946, 2.5149641 49.0106171, 2.5148518 49.010981, 2.5172488 49.0099122, 2.517514 49.0101689, 2.5190207 49.0096316, 2.5199846 49.0087957, 2.5204018 49.0088093, 2.5204476 49.0087133, 2.5204934 49.0086174, 2.5215384 49.0086757, 2.5215465 49.0086087, 2.5241513 49.0087485, 2.5240759 49.0083866, 2.5240032 49.0080404, 2.5239277 49.0077852, 2.5237599 49.0075211, 2.5235363 49.0073052, 2.5232409 49.0071158, 2.5227223 49.0069131, 2.5223236 49.006837, 2.5205258 49.0064919, 2.5211116 49.0063353, 2.5218868 49.0064857, 2.5221828 49.0063191, 2.5223381 49.0056457, 2.5222792 49.0047263, 2.5213408 49.0025975, 2.5198706 49.0004921, 2.518037 48.9981443, 2.5178762 48.9979815, 2.5172694 48.9974137, 2.5168307 48.9970624, 2.515963 48.9970735, 2.5158237 48.9971709, 2.515543 48.9972338, 2.5153673 48.9972663, 2.5151847 48.9972948, 2.5150702 48.9973039, 2.5149361 48.9973078, 2.5147833 48.997305, 2.5146571 48.997292, 2.5144799 48.9972669, 2.5143582 48.9972415, 2.5142122 48.9972024, 2.5141032 48.9971656, 2.513981 48.9971159, 2.5135814 48.9974848, 2.5135483 48.9973782, 2.5132652 48.9970963, 2.5131718 48.9964842, 2.5133452 48.9966174, 2.5133354 48.9963574, 2.5131283 48.9961896, 2.5133097 48.9955309, 2.5134694 48.9954485, 2.5136478 48.9953564, 2.5137722 48.9951597, 2.5137545 48.9949, 2.5137195 48.994655, 2.5134776 48.994098, 2.5134136 48.9940462, 2.512215 48.9913634, 2.5099656 48.9892761, 2.5108651 48.9893247, 2.512302 48.9908232, 2.5134589 48.9917775, 2.5144258 48.99225, 2.5151765 48.9924929, 2.515531 48.9925922, 2.5158693 48.9928524, 2.5163999 48.9932608, 2.516853 48.9930307, 2.5169743 48.993079, 2.5176046 48.9923911, 2.5176609 48.992285, 2.5186927 48.9911079, 2.5188735 48.9905817, 2.5193645 48.9891131, 2.5193671 48.9891064, 2.5196244 48.9883373, 2.5198142 48.9877701, 2.520095 48.9869174, 2.5207371 48.9853502, 2.5246052 48.9839833, 2.527642 48.9838655, 2.5315507 48.9837135, 2.5332548 48.9837062, 2.5354709 48.9836728, 2.5375768 48.9834369, 2.5390245 48.9832747, 2.5396686 48.9832025, 2.5399951 48.9831659, 2.5418528 48.9828919, 2.5428266 48.9828244, 2.5433582 48.9836882, 2.5440364 48.9848044, 2.5451427 48.9865915, 2.5451198 48.9867969, 2.545495 48.9874781, 2.5459718 48.9883432, 2.5460793 48.9886556, 2.5462373 48.9890086, 2.546616 48.9890427, 2.5467075 48.989278, 2.5470432 48.9880999, 2.547454 48.9894612, 2.5475722 48.989653, 2.5497148 48.9900674, 2.5497987 48.9900655, 2.549977 48.9900729, 2.5501163 48.9900786, 2.5506633 48.9900158, 2.5509431 48.989972, 2.5515237 48.9898716, 2.5520331 48.9897407, 2.5525343 48.9895965, 2.5526859 48.9895456, 2.5530312 48.9894296, 2.5532985 48.9893546, 2.5535262 48.9892926, 2.5538227 48.989224, 2.5540906 48.9891887, 2.5544849 48.989115, 2.5547508 48.9890738, 2.5551551 48.9890298, 2.5557025 48.9889981, 2.5558212 48.9889912, 2.5559086 48.9889895, 2.5559225 48.9889892, 2.5560079 48.9889887, 2.5562069 48.9889874, 2.5565679 48.9889783, 2.5569818 48.9890007, 2.5575224 48.9890605, 2.558087 48.9891461, 2.5585922 48.9892227, 2.5596181 48.9893281, 2.5598411 48.9893503, 2.560082 48.9893743, 2.5604851 48.9893957, 2.5607403 48.9894073, 2.561038 48.9894064, 2.5614478 48.9893971, 2.5624564 48.9893761, 2.5626368 48.9893803, 2.5629954 48.9893592, 2.5633408 48.9893553, 2.5638878 48.9893635, 2.564571 48.9893886, 2.5649854 48.9894097, 2.5652127 48.9894247, 2.565798 48.9894632, 2.5661082 48.9894803, 2.5666449 48.9895387, 2.5667965 48.9895552, 2.5670202 48.9895795, 2.567878 48.989685, 2.5684558 48.9897783, 2.5696679 48.9899992, 2.5699302 48.9899731, 2.5699968 48.9900769, 2.5722913 48.9906143, 2.5730723 48.9907899, 2.5740596 48.991029, 2.574399 48.9911218, 2.5752963 48.9913374, 2.5760441 48.9914982, 2.5763711 48.9915527, 2.576848 48.9916143, 2.5771844 48.9916504, 2.5778611 48.9917008, 2.5786071 48.9917324, 2.5792864 48.9917525, 2.5799659 48.9917593, 2.5806503 48.9917576, 2.5809083 48.9917376, 2.5817565 48.9917475, 2.5820231 48.9917777, 2.5822994 48.9917846, 2.5825751 48.991799, 2.5833606 48.9918672, 2.5839672 48.9919462, 2.5847563 48.9920568, 2.5851535 48.9921026, 2.5855813 48.9921263, 2.58601 48.9921369, 2.58699 48.9901183, 2.5877206 48.9901522, 2.58817 48.990173, 2.5906156 48.9902849, 2.5912279 48.9903124, 2.5925085 48.9903698, 2.5932105 48.9904011, 2.5962313 48.9905355, 2.599219 48.9906679, 2.5996702 48.9906879, 2.5998601 48.9906963, 2.6000667 48.9907054, 2.6002292 48.9907126, 2.601186 48.9907633, 2.6097791 48.9912266, 2.6097812 48.9912096, 2.6110831 48.9912965, 2.6112855 48.9913073, 2.6114062 48.9913138, 2.6150597 48.99147, 2.6151612 48.9912009, 2.6167363 48.991419, 2.6167355 48.9916087, 2.6183905 48.9917123, 2.6193783 48.991808, 2.6215466 48.9927442, 2.6221434 48.9934805, 2.622623 48.9941185, 2.6227918 48.9943661, 2.6234675 48.994965, 2.6269994 48.9952126, 2.6281681 48.9952947, 2.6313958 48.995552, 2.6341819 48.9958019, 2.6341824 48.9956604, 2.6342427 48.9956629, 2.6364539 48.9959933, 2.6374963 48.9939523, 2.6369763 48.9917093, 2.6352843 48.9912998, 2.6364646 48.9880307, 2.6367961 48.9881211, 2.6382841 48.9883419, 2.6397861 48.9886585, 2.6423353 48.9890953, 2.6428699 48.9892308, 2.6433815 48.9893965, 2.6444579 48.9897482, 2.6471176 48.9905212, 2.6489389 48.9909099, 2.6499404 48.9952845, 2.6464785 48.9966362, 2.64637 48.9965109, 2.6424245 48.9979901, 2.6419957 48.9980985, 2.6417528 48.998145, 2.6410666 48.9981766, 2.6361785 48.997775))",Number of parked airplanes, Time series of airport throughput at Aéroport Roissy Charles de Gaulle,BLUE,Aerospacelab SPRL,FR8,Archived
"49.006976345624935,2.559786183921451",FR,,Paris,Aéroport Roissy Charles de Gaulle,Airports: Throughput (archived),Count of airplanes on Sentinel-2 image,Sentinel-2,Sentinel 2 L2A,E13b2,2020-03-24T10:57:11,113.739546,Average value for 2019,2019,100,"X in [92.92200219341512, 107.07799780658488] --> Normal, X < 92.92200219341512 --> Low, X > 107.07799780658488 --> High",High,"POLYGON ((2.6361785 48.997775, 2.633425 48.9975045, 2.6325399 48.9973743, 2.6319927 48.9979268, 2.6325774 48.9987856, 2.6329154 49.0012351, 2.6327491 49.0016556, 2.6307455 49.0025108, 2.6304933 49.0023261, 2.6300186 49.0024316, 2.6297383 49.002531, 2.6296685 49.0025451, 2.6290544 49.0024536, 2.6283703 49.0023428, 2.6277427 49.0024836, 2.6275188 49.0026894, 2.62726 49.0029208, 2.6271419 49.0036642, 2.6269676 49.0038049, 2.6243007 49.0048694, 2.6205096 49.0065116, 2.615738 49.0084191, 2.6131944 49.0094278, 2.6125349 49.0096347, 2.6103181 49.0104714, 2.6095786 49.0110253, 2.6061153 49.0125479, 2.6048976 49.0130301, 2.6045028 49.0131864, 2.6040752 49.0133557, 2.6035848 49.0135499, 2.6033377 49.0136477, 2.6027146 49.0138945, 2.6003872 49.0148159, 2.6000187 49.0144438, 2.5995108 49.0146367, 2.5986351 49.0138303, 2.5983608 49.0137606, 2.5956284 49.0136822, 2.5938941 49.0134709, 2.5898444 49.0138444, 2.5877629 49.014365, 2.5863981 49.015291, 2.5841667 49.0183537, 2.5834579 49.0195713, 2.5841131 49.0218433, 2.5843296 49.0227807, 2.5851712 49.024207, 2.5848609 49.0246823, 2.584621 49.0250497, 2.5841449 49.0257781, 2.5836992 49.0264817, 2.5832988 49.0270969, 2.5831895 49.0272598, 2.582919 49.0276611, 2.582574 49.0275613, 2.5820716 49.027869, 2.5803459 49.0287112, 2.5802484 49.0287483, 2.5798227 49.0290117, 2.5792389 49.0293061, 2.5785789 49.0295845, 2.578003 49.0297885, 2.5774072 49.0299671, 2.5767943 49.0301209, 2.5759136 49.0302967, 2.5751176 49.0304168, 2.5744912 49.0304866, 2.5738413 49.0305442, 2.5729069 49.0305776, 2.5719752 49.0305805, 2.5709083 49.0305437, 2.5699754 49.0304802, 2.5685638 49.0303376, 2.5680279 49.0302649, 2.5673221 49.0301697, 2.5669905 49.0301156, 2.5659127 49.0299398, 2.5652126 49.0298256, 2.5630607 49.0294299, 2.5624106 49.0293104, 2.5623147 49.0292927, 2.5620652 49.0292573, 2.5618597 49.0292282, 2.5616981 49.0292052, 2.5615218 49.0291802, 2.5607287 49.0291249, 2.560513 49.0291099, 2.5601511 49.0290846, 2.559952 49.0290572, 2.5597873 49.0290345, 2.5596847 49.0290316, 2.5582797 49.028828, 2.5579207 49.0287766, 2.5577222 49.028754, 2.5574907 49.0287276, 2.5570178 49.0286738, 2.5565527 49.0286286, 2.5562917 49.0286032, 2.5560789 49.0285826, 2.5559092 49.0285661, 2.555718 49.0285475, 2.5554014 49.0285167, 2.554542 49.0284215, 2.5536921 49.0282804, 2.5535492 49.0282563, 2.5527435 49.0281204, 2.5517804 49.0280064, 2.5508078 49.027939, 2.5498788 49.027922, 2.5489445 49.027924, 2.5475567 49.027927, 2.5473371 49.0279274, 2.5468981 49.0279284, 2.5463875 49.0279295, 2.5459325 49.0279247, 2.5456265 49.0279171, 2.5453209 49.0279046, 2.5450158 49.0278871, 2.5444016 49.027831, 2.543793 49.0277519, 2.5428009 49.0276036, 2.5420759 49.0274958, 2.5421888 49.0272683, 2.5411422 49.0270891, 2.5411553 49.0269906, 2.5401995 49.0268665, 2.5392404 49.0268573, 2.5384647 49.0269056, 2.5377463 49.0270183, 2.5374958 49.0269245, 2.5371712 49.0263793, 2.5362716 49.0265224, 2.5358211 49.0266341, 2.5355136 49.0267733, 2.5348033 49.026535, 2.534489 49.0265253, 2.5341564 49.0267364, 2.5332541 49.0267663, 2.5326102 49.0270748, 2.5323741 49.0270155, 2.5321575 49.0274748, 2.5319127 49.0275965, 2.5315125 49.0279824, 2.5312506 49.0280632, 2.5309298 49.028178, 2.5305151 49.0282625, 2.5302587 49.0283053, 2.5296423 49.0283602, 2.5294165 49.0283723, 2.5290354 49.0283812, 2.5283592 49.0283537, 2.5271203 49.028214, 2.5269736 49.0281975, 2.5267925 49.0281771, 2.5265697 49.0281519, 2.5261631 49.0281147, 2.5250465 49.028014, 2.5231622 49.0277919, 2.5196222 49.0273305, 2.5189217 49.0272276, 2.5179381 49.0270771, 2.5174651 49.0268636, 2.5174053 49.0269938, 2.5170445 49.0269382, 2.5158532 49.0267772, 2.5155167 49.0267383, 2.515156 49.0266996, 2.514497 49.0266408, 2.5140704 49.0266116, 2.513716 49.0265933, 2.5134809 49.0265842, 2.5131994 49.026579, 2.512638 49.0265792, 2.512132 49.026571, 2.5119837 49.0265575, 2.5119566 49.0264904, 2.5116892 49.0265125, 2.5112466 49.026363, 2.5110203 49.02601, 2.510816 49.0260516, 2.5105855 49.0262716, 2.5100756 49.0266109, 2.5098759 49.026577, 2.5096791 49.0265364, 2.5094855 49.0264892, 2.5092958 49.0264356, 2.5091102 49.0263758, 2.5089293 49.0263098, 2.5087536 49.0262378, 2.5085834 49.02616, 2.5084193 49.0260767, 2.5082616 49.0259879, 2.5081106 49.0258939, 2.5079669 49.025795, 2.5078307 49.0256915, 2.5076578 49.0255531, 2.5069949 49.0250228, 2.5068151 49.0248926, 2.5067071 49.0248259, 2.5065939 49.0247632, 2.5064757 49.0247048, 2.5063529 49.0246508, 2.506226 49.0246013, 2.5060953 49.0245565, 2.5038564 49.0244533, 2.5014775 49.0243359, 2.4986658 49.0241915, 2.4976114 49.0225424, 2.4938821 49.016707, 2.4936038 49.0162263, 2.4933449 49.0157325, 2.4931207 49.015206, 2.4911452 49.0100741, 2.491202 49.0100221, 2.4923742 49.009777, 2.4938521 49.0094679, 2.4944729 49.0093381, 2.4951016 49.0091665, 2.4966191 49.0086445, 2.4970587 49.0084018, 2.4982039 49.0077092, 2.4985712 49.0075443, 2.4996408 49.0074391, 2.4999793 49.0073907, 2.5004403 49.0072933, 2.5013635 49.007066, 2.5018534 49.0069236, 2.5018927 49.0069792, 2.5023487 49.0068358, 2.5026581 49.0067699, 2.5033101 49.0065494, 2.5043619 49.006197, 2.5049593 49.0059973, 2.505359 49.005864, 2.5054192 49.0058675, 2.5054391 49.0057746, 2.5065264 49.0051953, 2.5064257 49.0051071, 2.5079016 49.0043757, 2.5085443 49.0041507, 2.5089188 49.0044489, 2.5094105 49.0044274, 2.5096786 49.0047692, 2.509688 49.0048308, 2.5097631 49.0049346, 2.5100219 49.0050771, 2.5102352 49.0053182, 2.5114621 49.0066747, 2.5118528 49.0071018, 2.512653 49.0074747, 2.5138334 49.0078162, 2.51397 49.0091705, 2.5140968 49.0093535, 2.5151124 49.009007, 2.51508 49.0097147, 2.5150181 49.0100857, 2.5148409 49.0105946, 2.5149641 49.0106171, 2.5148518 49.010981, 2.5172488 49.0099122, 2.517514 49.0101689, 2.5190207 49.0096316, 2.5199846 49.0087957, 2.5204018 49.0088093, 2.5204476 49.0087133, 2.5204934 49.0086174, 2.5215384 49.0086757, 2.5215465 49.0086087, 2.5241513 49.0087485, 2.5240759 49.0083866, 2.5240032 49.0080404, 2.5239277 49.0077852, 2.5237599 49.0075211, 2.5235363 49.0073052, 2.5232409 49.0071158, 2.5227223 49.0069131, 2.5223236 49.006837, 2.5205258 49.0064919, 2.5211116 49.0063353, 2.5218868 49.0064857, 2.5221828 49.0063191, 2.5223381 49.0056457, 2.5222792 49.0047263, 2.5213408 49.0025975, 2.5198706 49.0004921, 2.518037 48.9981443, 2.5178762 48.9979815, 2.5172694 48.9974137, 2.5168307 48.9970624, 2.515963 48.9970735, 2.5158237 48.9971709, 2.515543 48.9972338, 2.5153673 48.9972663, 2.5151847 48.9972948, 2.5150702 48.9973039, 2.5149361 48.9973078, 2.5147833 48.997305, 2.5146571 48.997292, 2.5144799 48.9972669, 2.5143582 48.9972415, 2.5142122 48.9972024, 2.5141032 48.9971656, 2.513981 48.9971159, 2.5135814 48.9974848, 2.5135483 48.9973782, 2.5132652 48.9970963, 2.5131718 48.9964842, 2.5133452 48.9966174, 2.5133354 48.9963574, 2.5131283 48.9961896, 2.5133097 48.9955309, 2.5134694 48.9954485, 2.5136478 48.9953564, 2.5137722 48.9951597, 2.5137545 48.9949, 2.5137195 48.994655, 2.5134776 48.994098, 2.5134136 48.9940462, 2.512215 48.9913634, 2.5099656 48.9892761, 2.5108651 48.9893247, 2.512302 48.9908232, 2.5134589 48.9917775, 2.5144258 48.99225, 2.5151765 48.9924929, 2.515531 48.9925922, 2.5158693 48.9928524, 2.5163999 48.9932608, 2.516853 48.9930307, 2.5169743 48.993079, 2.5176046 48.9923911, 2.5176609 48.992285, 2.5186927 48.9911079, 2.5188735 48.9905817, 2.5193645 48.9891131, 2.5193671 48.9891064, 2.5196244 48.9883373, 2.5198142 48.9877701, 2.520095 48.9869174, 2.5207371 48.9853502, 2.5246052 48.9839833, 2.527642 48.9838655, 2.5315507 48.9837135, 2.5332548 48.9837062, 2.5354709 48.9836728, 2.5375768 48.9834369, 2.5390245 48.9832747, 2.5396686 48.9832025, 2.5399951 48.9831659, 2.5418528 48.9828919, 2.5428266 48.9828244, 2.5433582 48.9836882, 2.5440364 48.9848044, 2.5451427 48.9865915, 2.5451198 48.9867969, 2.545495 48.9874781, 2.5459718 48.9883432, 2.5460793 48.9886556, 2.5462373 48.9890086, 2.546616 48.9890427, 2.5467075 48.989278, 2.5470432 48.9880999, 2.547454 48.9894612, 2.5475722 48.989653, 2.5497148 48.9900674, 2.5497987 48.9900655, 2.549977 48.9900729, 2.5501163 48.9900786, 2.5506633 48.9900158, 2.5509431 48.989972, 2.5515237 48.9898716, 2.5520331 48.9897407, 2.5525343 48.9895965, 2.5526859 48.9895456, 2.5530312 48.9894296, 2.5532985 48.9893546, 2.5535262 48.9892926, 2.5538227 48.989224, 2.5540906 48.9891887, 2.5544849 48.989115, 2.5547508 48.9890738, 2.5551551 48.9890298, 2.5557025 48.9889981, 2.5558212 48.9889912, 2.5559086 48.9889895, 2.5559225 48.9889892, 2.5560079 48.9889887, 2.5562069 48.9889874, 2.5565679 48.9889783, 2.5569818 48.9890007, 2.5575224 48.9890605, 2.558087 48.9891461, 2.5585922 48.9892227, 2.5596181 48.9893281, 2.5598411 48.9893503, 2.560082 48.9893743, 2.5604851 48.9893957, 2.5607403 48.9894073, 2.561038 48.9894064, 2.5614478 48.9893971, 2.5624564 48.9893761, 2.5626368 48.9893803, 2.5629954 48.9893592, 2.5633408 48.9893553, 2.5638878 48.9893635, 2.564571 48.9893886, 2.5649854 48.9894097, 2.5652127 48.9894247, 2.565798 48.9894632, 2.5661082 48.9894803, 2.5666449 48.9895387, 2.5667965 48.9895552, 2.5670202 48.9895795, 2.567878 48.989685, 2.5684558 48.9897783, 2.5696679 48.9899992, 2.5699302 48.9899731, 2.5699968 48.9900769, 2.5722913 48.9906143, 2.5730723 48.9907899, 2.5740596 48.991029, 2.574399 48.9911218, 2.5752963 48.9913374, 2.5760441 48.9914982, 2.5763711 48.9915527, 2.576848 48.9916143, 2.5771844 48.9916504, 2.5778611 48.9917008, 2.5786071 48.9917324, 2.5792864 48.9917525, 2.5799659 48.9917593, 2.5806503 48.9917576, 2.5809083 48.9917376, 2.5817565 48.9917475, 2.5820231 48.9917777, 2.5822994 48.9917846, 2.5825751 48.991799, 2.5833606 48.9918672, 2.5839672 48.9919462, 2.5847563 48.9920568, 2.5851535 48.9921026, 2.5855813 48.9921263, 2.58601 48.9921369, 2.58699 48.9901183, 2.5877206 48.9901522, 2.58817 48.990173, 2.5906156 48.9902849, 2.5912279 48.9903124, 2.5925085 48.9903698, 2.5932105 48.9904011, 2.5962313 48.9905355, 2.599219 48.9906679, 2.5996702 48.9906879, 2.5998601 48.9906963, 2.6000667 48.9907054, 2.6002292 48.9907126, 2.601186 48.9907633, 2.6097791 48.9912266, 2.6097812 48.9912096, 2.6110831 48.9912965, 2.6112855 48.9913073, 2.6114062 48.9913138, 2.6150597 48.99147, 2.6151612 48.9912009, 2.6167363 48.991419, 2.6167355 48.9916087, 2.6183905 48.9917123, 2.6193783 48.991808, 2.6215466 48.9927442, 2.6221434 48.9934805, 2.622623 48.9941185, 2.6227918 48.9943661, 2.6234675 48.994965, 2.6269994 48.9952126, 2.6281681 48.9952947, 2.6313958 48.995552, 2.6341819 48.9958019, 2.6341824 48.9956604, 2.6342427 48.9956629, 2.6364539 48.9959933, 2.6374963 48.9939523, 2.6369763 48.9917093, 2.6352843 48.9912998, 2.6364646 48.9880307, 2.6367961 48.9881211, 2.6382841 48.9883419, 2.6397861 48.9886585, 2.6423353 48.9890953, 2.6428699 48.9892308, 2.6433815 48.9893965, 2.6444579 48.9897482, 2.6471176 48.9905212, 2.6489389 48.9909099, 2.6499404 48.9952845, 2.6464785 48.9966362, 2.64637 48.9965109, 2.6424245 48.9979901, 2.6419957 48.9980985, 2.6417528 48.998145, 2.6410666 48.9981766, 2.6361785 48.997775))",Number of parked airplanes, Time series of airport throughput at Aéroport Roissy Charles de Gaulle,RED,Aerospacelab SPRL,FR8,Archived
"49.006976345624935,2.559786183921451",FR,,Paris,Aéroport Roissy Charles de Gaulle,Airports: Throughput (archived),Count of airplanes on Sentinel-2 image,Sentinel-2,Sentinel 2 L2A,E13b2,2020-03-26T10:46:39,108.9605735,Average value for 2019,2019,100,"X in [92.92200219341512, 107.07799780658488] --> Normal, X < 92.92200219341512 --> Low, X > 107.07799780658488 --> High",High,"POLYGON ((2.6361785 48.997775, 2.633425 48.9975045, 2.6325399 48.9973743, 2.6319927 48.9979268, 2.6325774 48.9987856, 2.6329154 49.0012351, 2.6327491 49.0016556, 2.6307455 49.0025108, 2.6304933 49.0023261, 2.6300186 49.0024316, 2.6297383 49.002531, 2.6296685 49.0025451, 2.6290544 49.0024536, 2.6283703 49.0023428, 2.6277427 49.0024836, 2.6275188 49.0026894, 2.62726 49.0029208, 2.6271419 49.0036642, 2.6269676 49.0038049, 2.6243007 49.0048694, 2.6205096 49.0065116, 2.615738 49.0084191, 2.6131944 49.0094278, 2.6125349 49.0096347, 2.6103181 49.0104714, 2.6095786 49.0110253, 2.6061153 49.0125479, 2.6048976 49.0130301, 2.6045028 49.0131864, 2.6040752 49.0133557, 2.6035848 49.0135499, 2.6033377 49.0136477, 2.6027146 49.0138945, 2.6003872 49.0148159, 2.6000187 49.0144438, 2.5995108 49.0146367, 2.5986351 49.0138303, 2.5983608 49.0137606, 2.5956284 49.0136822, 2.5938941 49.0134709, 2.5898444 49.0138444, 2.5877629 49.014365, 2.5863981 49.015291, 2.5841667 49.0183537, 2.5834579 49.0195713, 2.5841131 49.0218433, 2.5843296 49.0227807, 2.5851712 49.024207, 2.5848609 49.0246823, 2.584621 49.0250497, 2.5841449 49.0257781, 2.5836992 49.0264817, 2.5832988 49.0270969, 2.5831895 49.0272598, 2.582919 49.0276611, 2.582574 49.0275613, 2.5820716 49.027869, 2.5803459 49.0287112, 2.5802484 49.0287483, 2.5798227 49.0290117, 2.5792389 49.0293061, 2.5785789 49.0295845, 2.578003 49.0297885, 2.5774072 49.0299671, 2.5767943 49.0301209, 2.5759136 49.0302967, 2.5751176 49.0304168, 2.5744912 49.0304866, 2.5738413 49.0305442, 2.5729069 49.0305776, 2.5719752 49.0305805, 2.5709083 49.0305437, 2.5699754 49.0304802, 2.5685638 49.0303376, 2.5680279 49.0302649, 2.5673221 49.0301697, 2.5669905 49.0301156, 2.5659127 49.0299398, 2.5652126 49.0298256, 2.5630607 49.0294299, 2.5624106 49.0293104, 2.5623147 49.0292927, 2.5620652 49.0292573, 2.5618597 49.0292282, 2.5616981 49.0292052, 2.5615218 49.0291802, 2.5607287 49.0291249, 2.560513 49.0291099, 2.5601511 49.0290846, 2.559952 49.0290572, 2.5597873 49.0290345, 2.5596847 49.0290316, 2.5582797 49.028828, 2.5579207 49.0287766, 2.5577222 49.028754, 2.5574907 49.0287276, 2.5570178 49.0286738, 2.5565527 49.0286286, 2.5562917 49.0286032, 2.5560789 49.0285826, 2.5559092 49.0285661, 2.555718 49.0285475, 2.5554014 49.0285167, 2.554542 49.0284215, 2.5536921 49.0282804, 2.5535492 49.0282563, 2.5527435 49.0281204, 2.5517804 49.0280064, 2.5508078 49.027939, 2.5498788 49.027922, 2.5489445 49.027924, 2.5475567 49.027927, 2.5473371 49.0279274, 2.5468981 49.0279284, 2.5463875 49.0279295, 2.5459325 49.0279247, 2.5456265 49.0279171, 2.5453209 49.0279046, 2.5450158 49.0278871, 2.5444016 49.027831, 2.543793 49.0277519, 2.5428009 49.0276036, 2.5420759 49.0274958, 2.5421888 49.0272683, 2.5411422 49.0270891, 2.5411553 49.0269906, 2.5401995 49.0268665, 2.5392404 49.0268573, 2.5384647 49.0269056, 2.5377463 49.0270183, 2.5374958 49.0269245, 2.5371712 49.0263793, 2.5362716 49.0265224, 2.5358211 49.0266341, 2.5355136 49.0267733, 2.5348033 49.026535, 2.534489 49.0265253, 2.5341564 49.0267364, 2.5332541 49.0267663, 2.5326102 49.0270748, 2.5323741 49.0270155, 2.5321575 49.0274748, 2.5319127 49.0275965, 2.5315125 49.0279824, 2.5312506 49.0280632, 2.5309298 49.028178, 2.5305151 49.0282625, 2.5302587 49.0283053, 2.5296423 49.0283602, 2.5294165 49.0283723, 2.5290354 49.0283812, 2.5283592 49.0283537, 2.5271203 49.028214, 2.5269736 49.0281975, 2.5267925 49.0281771, 2.5265697 49.0281519, 2.5261631 49.0281147, 2.5250465 49.028014, 2.5231622 49.0277919, 2.5196222 49.0273305, 2.5189217 49.0272276, 2.5179381 49.0270771, 2.5174651 49.0268636, 2.5174053 49.0269938, 2.5170445 49.0269382, 2.5158532 49.0267772, 2.5155167 49.0267383, 2.515156 49.0266996, 2.514497 49.0266408, 2.5140704 49.0266116, 2.513716 49.0265933, 2.5134809 49.0265842, 2.5131994 49.026579, 2.512638 49.0265792, 2.512132 49.026571, 2.5119837 49.0265575, 2.5119566 49.0264904, 2.5116892 49.0265125, 2.5112466 49.026363, 2.5110203 49.02601, 2.510816 49.0260516, 2.5105855 49.0262716, 2.5100756 49.0266109, 2.5098759 49.026577, 2.5096791 49.0265364, 2.5094855 49.0264892, 2.5092958 49.0264356, 2.5091102 49.0263758, 2.5089293 49.0263098, 2.5087536 49.0262378, 2.5085834 49.02616, 2.5084193 49.0260767, 2.5082616 49.0259879, 2.5081106 49.0258939, 2.5079669 49.025795, 2.5078307 49.0256915, 2.5076578 49.0255531, 2.5069949 49.0250228, 2.5068151 49.0248926, 2.5067071 49.0248259, 2.5065939 49.0247632, 2.5064757 49.0247048, 2.5063529 49.0246508, 2.506226 49.0246013, 2.5060953 49.0245565, 2.5038564 49.0244533, 2.5014775 49.0243359, 2.4986658 49.0241915, 2.4976114 49.0225424, 2.4938821 49.016707, 2.4936038 49.0162263, 2.4933449 49.0157325, 2.4931207 49.015206, 2.4911452 49.0100741, 2.491202 49.0100221, 2.4923742 49.009777, 2.4938521 49.0094679, 2.4944729 49.0093381, 2.4951016 49.0091665, 2.4966191 49.0086445, 2.4970587 49.0084018, 2.4982039 49.0077092, 2.4985712 49.0075443, 2.4996408 49.0074391, 2.4999793 49.0073907, 2.5004403 49.0072933, 2.5013635 49.007066, 2.5018534 49.0069236, 2.5018927 49.0069792, 2.5023487 49.0068358, 2.5026581 49.0067699, 2.5033101 49.0065494, 2.5043619 49.006197, 2.5049593 49.0059973, 2.505359 49.005864, 2.5054192 49.0058675, 2.5054391 49.0057746, 2.5065264 49.0051953, 2.5064257 49.0051071, 2.5079016 49.0043757, 2.5085443 49.0041507, 2.5089188 49.0044489, 2.5094105 49.0044274, 2.5096786 49.0047692, 2.509688 49.0048308, 2.5097631 49.0049346, 2.5100219 49.0050771, 2.5102352 49.0053182, 2.5114621 49.0066747, 2.5118528 49.0071018, 2.512653 49.0074747, 2.5138334 49.0078162, 2.51397 49.0091705, 2.5140968 49.0093535, 2.5151124 49.009007, 2.51508 49.0097147, 2.5150181 49.0100857, 2.5148409 49.0105946, 2.5149641 49.0106171, 2.5148518 49.010981, 2.5172488 49.0099122, 2.517514 49.0101689, 2.5190207 49.0096316, 2.5199846 49.0087957, 2.5204018 49.0088093, 2.5204476 49.0087133, 2.5204934 49.0086174, 2.5215384 49.0086757, 2.5215465 49.0086087, 2.5241513 49.0087485, 2.5240759 49.0083866, 2.5240032 49.0080404, 2.5239277 49.0077852, 2.5237599 49.0075211, 2.5235363 49.0073052, 2.5232409 49.0071158, 2.5227223 49.0069131, 2.5223236 49.006837, 2.5205258 49.0064919, 2.5211116 49.0063353, 2.5218868 49.0064857, 2.5221828 49.0063191, 2.5223381 49.0056457, 2.5222792 49.0047263, 2.5213408 49.0025975, 2.5198706 49.0004921, 2.518037 48.9981443, 2.5178762 48.9979815, 2.5172694 48.9974137, 2.5168307 48.9970624, 2.515963 48.9970735, 2.5158237 48.9971709, 2.515543 48.9972338, 2.5153673 48.9972663, 2.5151847 48.9972948, 2.5150702 48.9973039, 2.5149361 48.9973078, 2.5147833 48.997305, 2.5146571 48.997292, 2.5144799 48.9972669, 2.5143582 48.9972415, 2.5142122 48.9972024, 2.5141032 48.9971656, 2.513981 48.9971159, 2.5135814 48.9974848, 2.5135483 48.9973782, 2.5132652 48.9970963, 2.5131718 48.9964842, 2.5133452 48.9966174, 2.5133354 48.9963574, 2.5131283 48.9961896, 2.5133097 48.9955309, 2.5134694 48.9954485, 2.5136478 48.9953564, 2.5137722 48.9951597, 2.5137545 48.9949, 2.5137195 48.994655, 2.5134776 48.994098, 2.5134136 48.9940462, 2.512215 48.9913634, 2.5099656 48.9892761, 2.5108651 48.9893247, 2.512302 48.9908232, 2.5134589 48.9917775, 2.5144258 48.99225, 2.5151765 48.9924929, 2.515531 48.9925922, 2.5158693 48.9928524, 2.5163999 48.9932608, 2.516853 48.9930307, 2.5169743 48.993079, 2.5176046 48.9923911, 2.5176609 48.992285, 2.5186927 48.9911079, 2.5188735 48.9905817, 2.5193645 48.9891131, 2.5193671 48.9891064, 2.5196244 48.9883373, 2.5198142 48.9877701, 2.520095 48.9869174, 2.5207371 48.9853502, 2.5246052 48.9839833, 2.527642 48.9838655, 2.5315507 48.9837135, 2.5332548 48.9837062, 2.5354709 48.9836728, 2.5375768 48.9834369, 2.5390245 48.9832747, 2.5396686 48.9832025, 2.5399951 48.9831659, 2.5418528 48.9828919, 2.5428266 48.9828244, 2.5433582 48.9836882, 2.5440364 48.9848044, 2.5451427 48.9865915, 2.5451198 48.9867969, 2.545495 48.9874781, 2.5459718 48.9883432, 2.5460793 48.9886556, 2.5462373 48.9890086, 2.546616 48.9890427, 2.5467075 48.989278, 2.5470432 48.9880999, 2.547454 48.9894612, 2.5475722 48.989653, 2.5497148 48.9900674, 2.5497987 48.9900655, 2.549977 48.9900729, 2.5501163 48.9900786, 2.5506633 48.9900158, 2.5509431 48.989972, 2.5515237 48.9898716, 2.5520331 48.9897407, 2.5525343 48.9895965, 2.5526859 48.9895456, 2.5530312 48.9894296, 2.5532985 48.9893546, 2.5535262 48.9892926, 2.5538227 48.989224, 2.5540906 48.9891887, 2.5544849 48.989115, 2.5547508 48.9890738, 2.5551551 48.9890298, 2.5557025 48.9889981, 2.5558212 48.9889912, 2.5559086 48.9889895, 2.5559225 48.9889892, 2.5560079 48.9889887, 2.5562069 48.9889874, 2.5565679 48.9889783, 2.5569818 48.9890007, 2.5575224 48.9890605, 2.558087 48.9891461, 2.5585922 48.9892227, 2.5596181 48.9893281, 2.5598411 48.9893503, 2.560082 48.9893743, 2.5604851 48.9893957, 2.5607403 48.9894073, 2.561038 48.9894064, 2.5614478 48.9893971, 2.5624564 48.9893761, 2.5626368 48.9893803, 2.5629954 48.9893592, 2.5633408 48.9893553, 2.5638878 48.9893635, 2.564571 48.9893886, 2.5649854 48.9894097, 2.5652127 48.9894247, 2.565798 48.9894632, 2.5661082 48.9894803, 2.5666449 48.9895387, 2.5667965 48.9895552, 2.5670202 48.9895795, 2.567878 48.989685, 2.5684558 48.9897783, 2.5696679 48.9899992, 2.5699302 48.9899731, 2.5699968 48.9900769, 2.5722913 48.9906143, 2.5730723 48.9907899, 2.5740596 48.991029, 2.574399 48.9911218, 2.5752963 48.9913374, 2.5760441 48.9914982, 2.5763711 48.9915527, 2.576848 48.9916143, 2.5771844 48.9916504, 2.5778611 48.9917008, 2.5786071 48.9917324, 2.5792864 48.9917525, 2.5799659 48.9917593, 2.5806503 48.9917576, 2.5809083 48.9917376, 2.5817565 48.9917475, 2.5820231 48.9917777, 2.5822994 48.9917846, 2.5825751 48.991799, 2.5833606 48.9918672, 2.5839672 48.9919462, 2.5847563 48.9920568, 2.5851535 48.9921026, 2.5855813 48.9921263, 2.58601 48.9921369, 2.58699 48.9901183, 2.5877206 48.9901522, 2.58817 48.990173, 2.5906156 48.9902849, 2.5912279 48.9903124, 2.5925085 48.9903698, 2.5932105 48.9904011, 2.5962313 48.9905355, 2.599219 48.9906679, 2.5996702 48.9906879, 2.5998601 48.9906963, 2.6000667 48.9907054, 2.6002292 48.9907126, 2.601186 48.9907633, 2.6097791 48.9912266, 2.6097812 48.9912096, 2.6110831 48.9912965, 2.6112855 48.9913073, 2.6114062 48.9913138, 2.6150597 48.99147, 2.6151612 48.9912009, 2.6167363 48.991419, 2.6167355 48.9916087, 2.6183905 48.9917123, 2.6193783 48.991808, 2.6215466 48.9927442, 2.6221434 48.9934805, 2.622623 48.9941185, 2.6227918 48.9943661, 2.6234675 48.994965, 2.6269994 48.9952126, 2.6281681 48.9952947, 2.6313958 48.995552, 2.6341819 48.9958019, 2.6341824 48.9956604, 2.6342427 48.9956629, 2.6364539 48.9959933, 2.6374963 48.9939523, 2.6369763 48.9917093, 2.6352843 48.9912998, 2.6364646 48.9880307, 2.6367961 48.9881211, 2.6382841 48.9883419, 2.6397861 48.9886585, 2.6423353 48.9890953, 2.6428699 48.9892308, 2.6433815 48.9893965, 2.6444579 48.9897482, 2.6471176 48.9905212, 2.6489389 48.9909099, 2.6499404 48.9952845, 2.6464785 48.9966362, 2.64637 48.9965109, 2.6424245 48.9979901, 2.6419957 48.9980985, 2.6417528 48.998145, 2.6410666 48.9981766, 2.6361785 48.997775))",Number of parked airplanes, Time series of airport throughput at Aéroport Roissy Charles de Gaulle,RED,Aerospacelab SPRL,FR8,Archived
"49.006976345624935,2.559786183921451",FR,,Paris,Aéroport Roissy Charles de Gaulle,Airports: Throughput (archived),Count of airplanes on Sentinel-2 image,Sentinel-2,Sentinel 2 L2A,E13b2,2020-04-05T10:46:19,109.916368,Average value for 2019,2019,100,"X in [92.92200219341512, 107.07799780658488] --> Normal, X < 92.92200219341512 --> Low, X > 107.07799780658488 --> High",High,"POLYGON ((2.6361785 48.997775, 2.633425 48.9975045, 2.6325399 48.9973743, 2.6319927 48.9979268, 2.6325774 48.9987856, 2.6329154 49.0012351, 2.6327491 49.0016556, 2.6307455 49.0025108, 2.6304933 49.0023261, 2.6300186 49.0024316, 2.6297383 49.002531, 2.6296685 49.0025451, 2.6290544 49.0024536, 2.6283703 49.0023428, 2.6277427 49.0024836, 2.6275188 49.0026894, 2.62726 49.0029208, 2.6271419 49.0036642, 2.6269676 49.0038049, 2.6243007 49.0048694, 2.6205096 49.0065116, 2.615738 49.0084191, 2.6131944 49.0094278, 2.6125349 49.0096347, 2.6103181 49.0104714, 2.6095786 49.0110253, 2.6061153 49.0125479, 2.6048976 49.0130301, 2.6045028 49.0131864, 2.6040752 49.0133557, 2.6035848 49.0135499, 2.6033377 49.0136477, 2.6027146 49.0138945, 2.6003872 49.0148159, 2.6000187 49.0144438, 2.5995108 49.0146367, 2.5986351 49.0138303, 2.5983608 49.0137606, 2.5956284 49.0136822, 2.5938941 49.0134709, 2.5898444 49.0138444, 2.5877629 49.014365, 2.5863981 49.015291, 2.5841667 49.0183537, 2.5834579 49.0195713, 2.5841131 49.0218433, 2.5843296 49.0227807, 2.5851712 49.024207, 2.5848609 49.0246823, 2.584621 49.0250497, 2.5841449 49.0257781, 2.5836992 49.0264817, 2.5832988 49.0270969, 2.5831895 49.0272598, 2.582919 49.0276611, 2.582574 49.0275613, 2.5820716 49.027869, 2.5803459 49.0287112, 2.5802484 49.0287483, 2.5798227 49.0290117, 2.5792389 49.0293061, 2.5785789 49.0295845, 2.578003 49.0297885, 2.5774072 49.0299671, 2.5767943 49.0301209, 2.5759136 49.0302967, 2.5751176 49.0304168, 2.5744912 49.0304866, 2.5738413 49.0305442, 2.5729069 49.0305776, 2.5719752 49.0305805, 2.5709083 49.0305437, 2.5699754 49.0304802, 2.5685638 49.0303376, 2.5680279 49.0302649, 2.5673221 49.0301697, 2.5669905 49.0301156, 2.5659127 49.0299398, 2.5652126 49.0298256, 2.5630607 49.0294299, 2.5624106 49.0293104, 2.5623147 49.0292927, 2.5620652 49.0292573, 2.5618597 49.0292282, 2.5616981 49.0292052, 2.5615218 49.0291802, 2.5607287 49.0291249, 2.560513 49.0291099, 2.5601511 49.0290846, 2.559952 49.0290572, 2.5597873 49.0290345, 2.5596847 49.0290316, 2.5582797 49.028828, 2.5579207 49.0287766, 2.5577222 49.028754, 2.5574907 49.0287276, 2.5570178 49.0286738, 2.5565527 49.0286286, 2.5562917 49.0286032, 2.5560789 49.0285826, 2.5559092 49.0285661, 2.555718 49.0285475, 2.5554014 49.0285167, 2.554542 49.0284215, 2.5536921 49.0282804, 2.5535492 49.0282563, 2.5527435 49.0281204, 2.5517804 49.0280064, 2.5508078 49.027939, 2.5498788 49.027922, 2.5489445 49.027924, 2.5475567 49.027927, 2.5473371 49.0279274, 2.5468981 49.0279284, 2.5463875 49.0279295, 2.5459325 49.0279247, 2.5456265 49.0279171, 2.5453209 49.0279046, 2.5450158 49.0278871, 2.5444016 49.027831, 2.543793 49.0277519, 2.5428009 49.0276036, 2.5420759 49.0274958, 2.5421888 49.0272683, 2.5411422 49.0270891, 2.5411553 49.0269906, 2.5401995 49.0268665, 2.5392404 49.0268573, 2.5384647 49.0269056, 2.5377463 49.0270183, 2.5374958 49.0269245, 2.5371712 49.0263793, 2.5362716 49.0265224, 2.5358211 49.0266341, 2.5355136 49.0267733, 2.5348033 49.026535, 2.534489 49.0265253, 2.5341564 49.0267364, 2.5332541 49.0267663, 2.5326102 49.0270748, 2.5323741 49.0270155, 2.5321575 49.0274748, 2.5319127 49.0275965, 2.5315125 49.0279824, 2.5312506 49.0280632, 2.5309298 49.028178, 2.5305151 49.0282625, 2.5302587 49.0283053, 2.5296423 49.0283602, 2.5294165 49.0283723, 2.5290354 49.0283812, 2.5283592 49.0283537, 2.5271203 49.028214, 2.5269736 49.0281975, 2.5267925 49.0281771, 2.5265697 49.0281519, 2.5261631 49.0281147, 2.5250465 49.028014, 2.5231622 49.0277919, 2.5196222 49.0273305, 2.5189217 49.0272276, 2.5179381 49.0270771, 2.5174651 49.0268636, 2.5174053 49.0269938, 2.5170445 49.0269382, 2.5158532 49.0267772, 2.5155167 49.0267383, 2.515156 49.0266996, 2.514497 49.0266408, 2.5140704 49.0266116, 2.513716 49.0265933, 2.5134809 49.0265842, 2.5131994 49.026579, 2.512638 49.0265792, 2.512132 49.026571, 2.5119837 49.0265575, 2.5119566 49.0264904, 2.5116892 49.0265125, 2.5112466 49.026363, 2.5110203 49.02601, 2.510816 49.0260516, 2.5105855 49.0262716, 2.5100756 49.0266109, 2.5098759 49.026577, 2.5096791 49.0265364, 2.5094855 49.0264892, 2.5092958 49.0264356, 2.5091102 49.0263758, 2.5089293 49.0263098, 2.5087536 49.0262378, 2.5085834 49.02616, 2.5084193 49.0260767, 2.5082616 49.0259879, 2.5081106 49.0258939, 2.5079669 49.025795, 2.5078307 49.0256915, 2.5076578 49.0255531, 2.5069949 49.0250228, 2.5068151 49.0248926, 2.5067071 49.0248259, 2.5065939 49.0247632, 2.5064757 49.0247048, 2.5063529 49.0246508, 2.506226 49.0246013, 2.5060953 49.0245565, 2.5038564 49.0244533, 2.5014775 49.0243359, 2.4986658 49.0241915, 2.4976114 49.0225424, 2.4938821 49.016707, 2.4936038 49.0162263, 2.4933449 49.0157325, 2.4931207 49.015206, 2.4911452 49.0100741, 2.491202 49.0100221, 2.4923742 49.009777, 2.4938521 49.0094679, 2.4944729 49.0093381, 2.4951016 49.0091665, 2.4966191 49.0086445, 2.4970587 49.0084018, 2.4982039 49.0077092, 2.4985712 49.0075443, 2.4996408 49.0074391, 2.4999793 49.0073907, 2.5004403 49.0072933, 2.5013635 49.007066, 2.5018534 49.0069236, 2.5018927 49.0069792, 2.5023487 49.0068358, 2.5026581 49.0067699, 2.5033101 49.0065494, 2.5043619 49.006197, 2.5049593 49.0059973, 2.505359 49.005864, 2.5054192 49.0058675, 2.5054391 49.0057746, 2.5065264 49.0051953, 2.5064257 49.0051071, 2.5079016 49.0043757, 2.5085443 49.0041507, 2.5089188 49.0044489, 2.5094105 49.0044274, 2.5096786 49.0047692, 2.509688 49.0048308, 2.5097631 49.0049346, 2.5100219 49.0050771, 2.5102352 49.0053182, 2.5114621 49.0066747, 2.5118528 49.0071018, 2.512653 49.0074747, 2.5138334 49.0078162, 2.51397 49.0091705, 2.5140968 49.0093535, 2.5151124 49.009007, 2.51508 49.0097147, 2.5150181 49.0100857, 2.5148409 49.0105946, 2.5149641 49.0106171, 2.5148518 49.010981, 2.5172488 49.0099122, 2.517514 49.0101689, 2.5190207 49.0096316, 2.5199846 49.0087957, 2.5204018 49.0088093, 2.5204476 49.0087133, 2.5204934 49.0086174, 2.5215384 49.0086757, 2.5215465 49.0086087, 2.5241513 49.0087485, 2.5240759 49.0083866, 2.5240032 49.0080404, 2.5239277 49.0077852, 2.5237599 49.0075211, 2.5235363 49.0073052, 2.5232409 49.0071158, 2.5227223 49.0069131, 2.5223236 49.006837, 2.5205258 49.0064919, 2.5211116 49.0063353, 2.5218868 49.0064857, 2.5221828 49.0063191, 2.5223381 49.0056457, 2.5222792 49.0047263, 2.5213408 49.0025975, 2.5198706 49.0004921, 2.518037 48.9981443, 2.5178762 48.9979815, 2.5172694 48.9974137, 2.5168307 48.9970624, 2.515963 48.9970735, 2.5158237 48.9971709, 2.515543 48.9972338, 2.5153673 48.9972663, 2.5151847 48.9972948, 2.5150702 48.9973039, 2.5149361 48.9973078, 2.5147833 48.997305, 2.5146571 48.997292, 2.5144799 48.9972669, 2.5143582 48.9972415, 2.5142122 48.9972024, 2.5141032 48.9971656, 2.513981 48.9971159, 2.5135814 48.9974848, 2.5135483 48.9973782, 2.5132652 48.9970963, 2.5131718 48.9964842, 2.5133452 48.9966174, 2.5133354 48.9963574, 2.5131283 48.9961896, 2.5133097 48.9955309, 2.5134694 48.9954485, 2.5136478 48.9953564, 2.5137722 48.9951597, 2.5137545 48.9949, 2.5137195 48.994655, 2.5134776 48.994098, 2.5134136 48.9940462, 2.512215 48.9913634, 2.5099656 48.9892761, 2.5108651 48.9893247, 2.512302 48.9908232, 2.5134589 48.9917775, 2.5144258 48.99225, 2.5151765 48.9924929, 2.515531 48.9925922, 2.5158693 48.9928524, 2.5163999 48.9932608, 2.516853 48.9930307, 2.5169743 48.993079, 2.5176046 48.9923911, 2.5176609 48.992285, 2.5186927 48.9911079, 2.5188735 48.9905817, 2.5193645 48.9891131, 2.5193671 48.9891064, 2.5196244 48.9883373, 2.5198142 48.9877701, 2.520095 48.9869174, 2.5207371 48.9853502, 2.5246052 48.9839833, 2.527642 48.9838655, 2.5315507 48.9837135, 2.5332548 48.9837062, 2.5354709 48.9836728, 2.5375768 48.9834369, 2.5390245 48.9832747, 2.5396686 48.9832025, 2.5399951 48.9831659, 2.5418528 48.9828919, 2.5428266 48.9828244, 2.5433582 48.9836882, 2.5440364 48.9848044, 2.5451427 48.9865915, 2.5451198 48.9867969, 2.545495 48.9874781, 2.5459718 48.9883432, 2.5460793 48.9886556, 2.5462373 48.9890086, 2.546616 48.9890427, 2.5467075 48.989278, 2.5470432 48.9880999, 2.547454 48.9894612, 2.5475722 48.989653, 2.5497148 48.9900674, 2.5497987 48.9900655, 2.549977 48.9900729, 2.5501163 48.9900786, 2.5506633 48.9900158, 2.5509431 48.989972, 2.5515237 48.9898716, 2.5520331 48.9897407, 2.5525343 48.9895965, 2.5526859 48.9895456, 2.5530312 48.9894296, 2.5532985 48.9893546, 2.5535262 48.9892926, 2.5538227 48.989224, 2.5540906 48.9891887, 2.5544849 48.989115, 2.5547508 48.9890738, 2.5551551 48.9890298, 2.5557025 48.9889981, 2.5558212 48.9889912, 2.5559086 48.9889895, 2.5559225 48.9889892, 2.5560079 48.9889887, 2.5562069 48.9889874, 2.5565679 48.9889783, 2.5569818 48.9890007, 2.5575224 48.9890605, 2.558087 48.9891461, 2.5585922 48.9892227, 2.5596181 48.9893281, 2.5598411 48.9893503, 2.560082 48.9893743, 2.5604851 48.9893957, 2.5607403 48.9894073, 2.561038 48.9894064, 2.5614478 48.9893971, 2.5624564 48.9893761, 2.5626368 48.9893803, 2.5629954 48.9893592, 2.5633408 48.9893553, 2.5638878 48.9893635, 2.564571 48.9893886, 2.5649854 48.9894097, 2.5652127 48.9894247, 2.565798 48.9894632, 2.5661082 48.9894803, 2.5666449 48.9895387, 2.5667965 48.9895552, 2.5670202 48.9895795, 2.567878 48.989685, 2.5684558 48.9897783, 2.5696679 48.9899992, 2.5699302 48.9899731, 2.5699968 48.9900769, 2.5722913 48.9906143, 2.5730723 48.9907899, 2.5740596 48.991029, 2.574399 48.9911218, 2.5752963 48.9913374, 2.5760441 48.9914982, 2.5763711 48.9915527, 2.576848 48.9916143, 2.5771844 48.9916504, 2.5778611 48.9917008, 2.5786071 48.9917324, 2.5792864 48.9917525, 2.5799659 48.9917593, 2.5806503 48.9917576, 2.5809083 48.9917376, 2.5817565 48.9917475, 2.5820231 48.9917777, 2.5822994 48.9917846, 2.5825751 48.991799, 2.5833606 48.9918672, 2.5839672 48.9919462, 2.5847563 48.9920568, 2.5851535 48.9921026, 2.5855813 48.9921263, 2.58601 48.9921369, 2.58699 48.9901183, 2.5877206 48.9901522, 2.58817 48.990173, 2.5906156 48.9902849, 2.5912279 48.9903124, 2.5925085 48.9903698, 2.5932105 48.9904011, 2.5962313 48.9905355, 2.599219 48.9906679, 2.5996702 48.9906879, 2.5998601 48.9906963, 2.6000667 48.9907054, 2.6002292 48.9907126, 2.601186 48.9907633, 2.6097791 48.9912266, 2.6097812 48.9912096, 2.6110831 48.9912965, 2.6112855 48.9913073, 2.6114062 48.9913138, 2.6150597 48.99147, 2.6151612 48.9912009, 2.6167363 48.991419, 2.6167355 48.9916087, 2.6183905 48.9917123, 2.6193783 48.991808, 2.6215466 48.9927442, 2.6221434 48.9934805, 2.622623 48.9941185, 2.6227918 48.9943661, 2.6234675 48.994965, 2.6269994 48.9952126, 2.6281681 48.9952947, 2.6313958 48.995552, 2.6341819 48.9958019, 2.6341824 48.9956604, 2.6342427 48.9956629, 2.6364539 48.9959933, 2.6374963 48.9939523, 2.6369763 48.9917093, 2.6352843 48.9912998, 2.6364646 48.9880307, 2.6367961 48.9881211, 2.6382841 48.9883419, 2.6397861 48.9886585, 2.6423353 48.9890953, 2.6428699 48.9892308, 2.6433815 48.9893965, 2.6444579 48.9897482, 2.6471176 48.9905212, 2.6489389 48.9909099, 2.6499404 48.9952845, 2.6464785 48.9966362, 2.64637 48.9965109, 2.6424245 48.9979901, 2.6419957 48.9980985, 2.6417528 48.998145, 2.6410666 48.9981766, 2.6361785 48.997775))",Number of parked airplanes, Time series of airport throughput at Aéroport Roissy Charles de Gaulle,RED,Aerospacelab SPRL,FR8,Archived
"49.006976345624935,2.559786183921451",FR,,Paris,Aéroport Roissy Charles de Gaulle,Airports: Throughput (archived),Count of airplanes on Sentinel-2 image,Sentinel-2,Sentinel 2 L2A,E13b2,2020-04-08T10:56:19,108.9605735,Average value for 2019,2019,100,"X in [92.92200219341512, 107.07799780658488] --> Normal, X < 92.92200219341512 --> Low, X > 107.07799780658488 --> High",High,"POLYGON ((2.6361785 48.997775, 2.633425 48.9975045, 2.6325399 48.9973743, 2.6319927 48.9979268, 2.6325774 48.9987856, 2.6329154 49.0012351, 2.6327491 49.0016556, 2.6307455 49.0025108, 2.6304933 49.0023261, 2.6300186 49.0024316, 2.6297383 49.002531, 2.6296685 49.0025451, 2.6290544 49.0024536, 2.6283703 49.0023428, 2.6277427 49.0024836, 2.6275188 49.0026894, 2.62726 49.0029208, 2.6271419 49.0036642, 2.6269676 49.0038049, 2.6243007 49.0048694, 2.6205096 49.0065116, 2.615738 49.0084191, 2.6131944 49.0094278, 2.6125349 49.0096347, 2.6103181 49.0104714, 2.6095786 49.0110253, 2.6061153 49.0125479, 2.6048976 49.0130301, 2.6045028 49.0131864, 2.6040752 49.0133557, 2.6035848 49.0135499, 2.6033377 49.0136477, 2.6027146 49.0138945, 2.6003872 49.0148159, 2.6000187 49.0144438, 2.5995108 49.0146367, 2.5986351 49.0138303, 2.5983608 49.0137606, 2.5956284 49.0136822, 2.5938941 49.0134709, 2.5898444 49.0138444, 2.5877629 49.014365, 2.5863981 49.015291, 2.5841667 49.0183537, 2.5834579 49.0195713, 2.5841131 49.0218433, 2.5843296 49.0227807, 2.5851712 49.024207, 2.5848609 49.0246823, 2.584621 49.0250497, 2.5841449 49.0257781, 2.5836992 49.0264817, 2.5832988 49.0270969, 2.5831895 49.0272598, 2.582919 49.0276611, 2.582574 49.0275613, 2.5820716 49.027869, 2.5803459 49.0287112, 2.5802484 49.0287483, 2.5798227 49.0290117, 2.5792389 49.0293061, 2.5785789 49.0295845, 2.578003 49.0297885, 2.5774072 49.0299671, 2.5767943 49.0301209, 2.5759136 49.0302967, 2.5751176 49.0304168, 2.5744912 49.0304866, 2.5738413 49.0305442, 2.5729069 49.0305776, 2.5719752 49.0305805, 2.5709083 49.0305437, 2.5699754 49.0304802, 2.5685638 49.0303376, 2.5680279 49.0302649, 2.5673221 49.0301697, 2.5669905 49.0301156, 2.5659127 49.0299398, 2.5652126 49.0298256, 2.5630607 49.0294299, 2.5624106 49.0293104, 2.5623147 49.0292927, 2.5620652 49.0292573, 2.5618597 49.0292282, 2.5616981 49.0292052, 2.5615218 49.0291802, 2.5607287 49.0291249, 2.560513 49.0291099, 2.5601511 49.0290846, 2.559952 49.0290572, 2.5597873 49.0290345, 2.5596847 49.0290316, 2.5582797 49.028828, 2.5579207 49.0287766, 2.5577222 49.028754, 2.5574907 49.0287276, 2.5570178 49.0286738, 2.5565527 49.0286286, 2.5562917 49.0286032, 2.5560789 49.0285826, 2.5559092 49.0285661, 2.555718 49.0285475, 2.5554014 49.0285167, 2.554542 49.0284215, 2.5536921 49.0282804, 2.5535492 49.0282563, 2.5527435 49.0281204, 2.5517804 49.0280064, 2.5508078 49.027939, 2.5498788 49.027922, 2.5489445 49.027924, 2.5475567 49.027927, 2.5473371 49.0279274, 2.5468981 49.0279284, 2.5463875 49.0279295, 2.5459325 49.0279247, 2.5456265 49.0279171, 2.5453209 49.0279046, 2.5450158 49.0278871, 2.5444016 49.027831, 2.543793 49.0277519, 2.5428009 49.0276036, 2.5420759 49.0274958, 2.5421888 49.0272683, 2.5411422 49.0270891, 2.5411553 49.0269906, 2.5401995 49.0268665, 2.5392404 49.0268573, 2.5384647 49.0269056, 2.5377463 49.0270183, 2.5374958 49.0269245, 2.5371712 49.0263793, 2.5362716 49.0265224, 2.5358211 49.0266341, 2.5355136 49.0267733, 2.5348033 49.026535, 2.534489 49.0265253, 2.5341564 49.0267364, 2.5332541 49.0267663, 2.5326102 49.0270748, 2.5323741 49.0270155, 2.5321575 49.0274748, 2.5319127 49.0275965, 2.5315125 49.0279824, 2.5312506 49.0280632, 2.5309298 49.028178, 2.5305151 49.0282625, 2.5302587 49.0283053, 2.5296423 49.0283602, 2.5294165 49.0283723, 2.5290354 49.0283812, 2.5283592 49.0283537, 2.5271203 49.028214, 2.5269736 49.0281975, 2.5267925 49.0281771, 2.5265697 49.0281519, 2.5261631 49.0281147, 2.5250465 49.028014, 2.5231622 49.0277919, 2.5196222 49.0273305, 2.5189217 49.0272276, 2.5179381 49.0270771, 2.5174651 49.0268636, 2.5174053 49.0269938, 2.5170445 49.0269382, 2.5158532 49.0267772, 2.5155167 49.0267383, 2.515156 49.0266996, 2.514497 49.0266408, 2.5140704 49.0266116, 2.513716 49.0265933, 2.5134809 49.0265842, 2.5131994 49.026579, 2.512638 49.0265792, 2.512132 49.026571, 2.5119837 49.0265575, 2.5119566 49.0264904, 2.5116892 49.0265125, 2.5112466 49.026363, 2.5110203 49.02601, 2.510816 49.0260516, 2.5105855 49.0262716, 2.5100756 49.0266109, 2.5098759 49.026577, 2.5096791 49.0265364, 2.5094855 49.0264892, 2.5092958 49.0264356, 2.5091102 49.0263758, 2.5089293 49.0263098, 2.5087536 49.0262378, 2.5085834 49.02616, 2.5084193 49.0260767, 2.5082616 49.0259879, 2.5081106 49.0258939, 2.5079669 49.025795, 2.5078307 49.0256915, 2.5076578 49.0255531, 2.5069949 49.0250228, 2.5068151 49.0248926, 2.5067071 49.0248259, 2.5065939 49.0247632, 2.5064757 49.0247048, 2.5063529 49.0246508, 2.506226 49.0246013, 2.5060953 49.0245565, 2.5038564 49.0244533, 2.5014775 49.0243359, 2.4986658 49.0241915, 2.4976114 49.0225424, 2.4938821 49.016707, 2.4936038 49.0162263, 2.4933449 49.0157325, 2.4931207 49.015206, 2.4911452 49.0100741, 2.491202 49.0100221, 2.4923742 49.009777, 2.4938521 49.0094679, 2.4944729 49.0093381, 2.4951016 49.0091665, 2.4966191 49.0086445, 2.4970587 49.0084018, 2.4982039 49.0077092, 2.4985712 49.0075443, 2.4996408 49.0074391, 2.4999793 49.0073907, 2.5004403 49.0072933, 2.5013635 49.007066, 2.5018534 49.0069236, 2.5018927 49.0069792, 2.5023487 49.0068358, 2.5026581 49.0067699, 2.5033101 49.0065494, 2.5043619 49.006197, 2.5049593 49.0059973, 2.505359 49.005864, 2.5054192 49.0058675, 2.5054391 49.0057746, 2.5065264 49.0051953, 2.5064257 49.0051071, 2.5079016 49.0043757, 2.5085443 49.0041507, 2.5089188 49.0044489, 2.5094105 49.0044274, 2.5096786 49.0047692, 2.509688 49.0048308, 2.5097631 49.0049346, 2.5100219 49.0050771, 2.5102352 49.0053182, 2.5114621 49.0066747, 2.5118528 49.0071018, 2.512653 49.0074747, 2.5138334 49.0078162, 2.51397 49.0091705, 2.5140968 49.0093535, 2.5151124 49.009007, 2.51508 49.0097147, 2.5150181 49.0100857, 2.5148409 49.0105946, 2.5149641 49.0106171, 2.5148518 49.010981, 2.5172488 49.0099122, 2.517514 49.0101689, 2.5190207 49.0096316, 2.5199846 49.0087957, 2.5204018 49.0088093, 2.5204476 49.0087133, 2.5204934 49.0086174, 2.5215384 49.0086757, 2.5215465 49.0086087, 2.5241513 49.0087485, 2.5240759 49.0083866, 2.5240032 49.0080404, 2.5239277 49.0077852, 2.5237599 49.0075211, 2.5235363 49.0073052, 2.5232409 49.0071158, 2.5227223 49.0069131, 2.5223236 49.006837, 2.5205258 49.0064919, 2.5211116 49.0063353, 2.5218868 49.0064857, 2.5221828 49.0063191, 2.5223381 49.0056457, 2.5222792 49.0047263, 2.5213408 49.0025975, 2.5198706 49.0004921, 2.518037 48.9981443, 2.5178762 48.9979815, 2.5172694 48.9974137, 2.5168307 48.9970624, 2.515963 48.9970735, 2.5158237 48.9971709, 2.515543 48.9972338, 2.5153673 48.9972663, 2.5151847 48.9972948, 2.5150702 48.9973039, 2.5149361 48.9973078, 2.5147833 48.997305, 2.5146571 48.997292, 2.5144799 48.9972669, 2.5143582 48.9972415, 2.5142122 48.9972024, 2.5141032 48.9971656, 2.513981 48.9971159, 2.5135814 48.9974848, 2.5135483 48.9973782, 2.5132652 48.9970963, 2.5131718 48.9964842, 2.5133452 48.9966174, 2.5133354 48.9963574, 2.5131283 48.9961896, 2.5133097 48.9955309, 2.5134694 48.9954485, 2.5136478 48.9953564, 2.5137722 48.9951597, 2.5137545 48.9949, 2.5137195 48.994655, 2.5134776 48.994098, 2.5134136 48.9940462, 2.512215 48.9913634, 2.5099656 48.9892761, 2.5108651 48.9893247, 2.512302 48.9908232, 2.5134589 48.9917775, 2.5144258 48.99225, 2.5151765 48.9924929, 2.515531 48.9925922, 2.5158693 48.9928524, 2.5163999 48.9932608, 2.516853 48.9930307, 2.5169743 48.993079, 2.5176046 48.9923911, 2.5176609 48.992285, 2.5186927 48.9911079, 2.5188735 48.9905817, 2.5193645 48.9891131, 2.5193671 48.9891064, 2.5196244 48.9883373, 2.5198142 48.9877701, 2.520095 48.9869174, 2.5207371 48.9853502, 2.5246052 48.9839833, 2.527642 48.9838655, 2.5315507 48.9837135, 2.5332548 48.9837062, 2.5354709 48.9836728, 2.5375768 48.9834369, 2.5390245 48.9832747, 2.5396686 48.9832025, 2.5399951 48.9831659, 2.5418528 48.9828919, 2.5428266 48.9828244, 2.5433582 48.9836882, 2.5440364 48.9848044, 2.5451427 48.9865915, 2.5451198 48.9867969, 2.545495 48.9874781, 2.5459718 48.9883432, 2.5460793 48.9886556, 2.5462373 48.9890086, 2.546616 48.9890427, 2.5467075 48.989278, 2.5470432 48.9880999, 2.547454 48.9894612, 2.5475722 48.989653, 2.5497148 48.9900674, 2.5497987 48.9900655, 2.549977 48.9900729, 2.5501163 48.9900786, 2.5506633 48.9900158, 2.5509431 48.989972, 2.5515237 48.9898716, 2.5520331 48.9897407, 2.5525343 48.9895965, 2.5526859 48.9895456, 2.5530312 48.9894296, 2.5532985 48.9893546, 2.5535262 48.9892926, 2.5538227 48.989224, 2.5540906 48.9891887, 2.5544849 48.989115, 2.5547508 48.9890738, 2.5551551 48.9890298, 2.5557025 48.9889981, 2.5558212 48.9889912, 2.5559086 48.9889895, 2.5559225 48.9889892, 2.5560079 48.9889887, 2.5562069 48.9889874, 2.5565679 48.9889783, 2.5569818 48.9890007, 2.5575224 48.9890605, 2.558087 48.9891461, 2.5585922 48.9892227, 2.5596181 48.9893281, 2.5598411 48.9893503, 2.560082 48.9893743, 2.5604851 48.9893957, 2.5607403 48.9894073, 2.561038 48.9894064, 2.5614478 48.9893971, 2.5624564 48.9893761, 2.5626368 48.9893803, 2.5629954 48.9893592, 2.5633408 48.9893553, 2.5638878 48.9893635, 2.564571 48.9893886, 2.5649854 48.9894097, 2.5652127 48.9894247, 2.565798 48.9894632, 2.5661082 48.9894803, 2.5666449 48.9895387, 2.5667965 48.9895552, 2.5670202 48.9895795, 2.567878 48.989685, 2.5684558 48.9897783, 2.5696679 48.9899992, 2.5699302 48.9899731, 2.5699968 48.9900769, 2.5722913 48.9906143, 2.5730723 48.9907899, 2.5740596 48.991029, 2.574399 48.9911218, 2.5752963 48.9913374, 2.5760441 48.9914982, 2.5763711 48.9915527, 2.576848 48.9916143, 2.5771844 48.9916504, 2.5778611 48.9917008, 2.5786071 48.9917324, 2.5792864 48.9917525, 2.5799659 48.9917593, 2.5806503 48.9917576, 2.5809083 48.9917376, 2.5817565 48.9917475, 2.5820231 48.9917777, 2.5822994 48.9917846, 2.5825751 48.991799, 2.5833606 48.9918672, 2.5839672 48.9919462, 2.5847563 48.9920568, 2.5851535 48.9921026, 2.5855813 48.9921263, 2.58601 48.9921369, 2.58699 48.9901183, 2.5877206 48.9901522, 2.58817 48.990173, 2.5906156 48.9902849, 2.5912279 48.9903124, 2.5925085 48.9903698, 2.5932105 48.9904011, 2.5962313 48.9905355, 2.599219 48.9906679, 2.5996702 48.9906879, 2.5998601 48.9906963, 2.6000667 48.9907054, 2.6002292 48.9907126, 2.601186 48.9907633, 2.6097791 48.9912266, 2.6097812 48.9912096, 2.6110831 48.9912965, 2.6112855 48.9913073, 2.6114062 48.9913138, 2.6150597 48.99147, 2.6151612 48.9912009, 2.6167363 48.991419, 2.6167355 48.9916087, 2.6183905 48.9917123, 2.6193783 48.991808, 2.6215466 48.9927442, 2.6221434 48.9934805, 2.622623 48.9941185, 2.6227918 48.9943661, 2.6234675 48.994965, 2.6269994 48.9952126, 2.6281681 48.9952947, 2.6313958 48.995552, 2.6341819 48.9958019, 2.6341824 48.9956604, 2.6342427 48.9956629, 2.6364539 48.9959933, 2.6374963 48.9939523, 2.6369763 48.9917093, 2.6352843 48.9912998, 2.6364646 48.9880307, 2.6367961 48.9881211, 2.6382841 48.9883419, 2.6397861 48.9886585, 2.6423353 48.9890953, 2.6428699 48.9892308, 2.6433815 48.9893965, 2.6444579 48.9897482, 2.6471176 48.9905212, 2.6489389 48.9909099, 2.6499404 48.9952845, 2.6464785 48.9966362, 2.64637 48.9965109, 2.6424245 48.9979901, 2.6419957 48.9980985, 2.6417528 48.998145, 2.6410666 48.9981766, 2.6361785 48.997775))",Number of parked airplanes, Time series of airport throughput at Aéroport Roissy Charles de Gaulle,RED,Aerospacelab SPRL,FR8,Archived
"49.006976345624935,2.559786183921451",FR,,Paris,Aéroport Roissy Charles de Gaulle,Airports: Throughput (archived),Count of airplanes on Sentinel-2 image,Sentinel-2,Sentinel 2 L2A,E13b2,2020-04-10T10:50:31,104.181601,Average value for 2019,2019,100,"X in [92.92200219341512, 107.07799780658488] --> Normal, X < 92.92200219341512 --> Low, X > 107.07799780658488 --> High",Normal,"POLYGON ((2.6361785 48.997775, 2.633425 48.9975045, 2.6325399 48.9973743, 2.6319927 48.9979268, 2.6325774 48.9987856, 2.6329154 49.0012351, 2.6327491 49.0016556, 2.6307455 49.0025108, 2.6304933 49.0023261, 2.6300186 49.0024316, 2.6297383 49.002531, 2.6296685 49.0025451, 2.6290544 49.0024536, 2.6283703 49.0023428, 2.6277427 49.0024836, 2.6275188 49.0026894, 2.62726 49.0029208, 2.6271419 49.0036642, 2.6269676 49.0038049, 2.6243007 49.0048694, 2.6205096 49.0065116, 2.615738 49.0084191, 2.6131944 49.0094278, 2.6125349 49.0096347, 2.6103181 49.0104714, 2.6095786 49.0110253, 2.6061153 49.0125479, 2.6048976 49.0130301, 2.6045028 49.0131864, 2.6040752 49.0133557, 2.6035848 49.0135499, 2.6033377 49.0136477, 2.6027146 49.0138945, 2.6003872 49.0148159, 2.6000187 49.0144438, 2.5995108 49.0146367, 2.5986351 49.0138303, 2.5983608 49.0137606, 2.5956284 49.0136822, 2.5938941 49.0134709, 2.5898444 49.0138444, 2.5877629 49.014365, 2.5863981 49.015291, 2.5841667 49.0183537, 2.5834579 49.0195713, 2.5841131 49.0218433, 2.5843296 49.0227807, 2.5851712 49.024207, 2.5848609 49.0246823, 2.584621 49.0250497, 2.5841449 49.0257781, 2.5836992 49.0264817, 2.5832988 49.0270969, 2.5831895 49.0272598, 2.582919 49.0276611, 2.582574 49.0275613, 2.5820716 49.027869, 2.5803459 49.0287112, 2.5802484 49.0287483, 2.5798227 49.0290117, 2.5792389 49.0293061, 2.5785789 49.0295845, 2.578003 49.0297885, 2.5774072 49.0299671, 2.5767943 49.0301209, 2.5759136 49.0302967, 2.5751176 49.0304168, 2.5744912 49.0304866, 2.5738413 49.0305442, 2.5729069 49.0305776, 2.5719752 49.0305805, 2.5709083 49.0305437, 2.5699754 49.0304802, 2.5685638 49.0303376, 2.5680279 49.0302649, 2.5673221 49.0301697, 2.5669905 49.0301156, 2.5659127 49.0299398, 2.5652126 49.0298256, 2.5630607 49.0294299, 2.5624106 49.0293104, 2.5623147 49.0292927, 2.5620652 49.0292573, 2.5618597 49.0292282, 2.5616981 49.0292052, 2.5615218 49.0291802, 2.5607287 49.0291249, 2.560513 49.0291099, 2.5601511 49.0290846, 2.559952 49.0290572, 2.5597873 49.0290345, 2.5596847 49.0290316, 2.5582797 49.028828, 2.5579207 49.0287766, 2.5577222 49.028754, 2.5574907 49.0287276, 2.5570178 49.0286738, 2.5565527 49.0286286, 2.5562917 49.0286032, 2.5560789 49.0285826, 2.5559092 49.0285661, 2.555718 49.0285475, 2.5554014 49.0285167, 2.554542 49.0284215, 2.5536921 49.0282804, 2.5535492 49.0282563, 2.5527435 49.0281204, 2.5517804 49.0280064, 2.5508078 49.027939, 2.5498788 49.027922, 2.5489445 49.027924, 2.5475567 49.027927, 2.5473371 49.0279274, 2.5468981 49.0279284, 2.5463875 49.0279295, 2.5459325 49.0279247, 2.5456265 49.0279171, 2.5453209 49.0279046, 2.5450158 49.0278871, 2.5444016 49.027831, 2.543793 49.0277519, 2.5428009 49.0276036, 2.5420759 49.0274958, 2.5421888 49.0272683, 2.5411422 49.0270891, 2.5411553 49.0269906, 2.5401995 49.0268665, 2.5392404 49.0268573, 2.5384647 49.0269056, 2.5377463 49.0270183, 2.5374958 49.0269245, 2.5371712 49.0263793, 2.5362716 49.0265224, 2.5358211 49.0266341, 2.5355136 49.0267733, 2.5348033 49.026535, 2.534489 49.0265253, 2.5341564 49.0267364, 2.5332541 49.0267663, 2.5326102 49.0270748, 2.5323741 49.0270155, 2.5321575 49.0274748, 2.5319127 49.0275965, 2.5315125 49.0279824, 2.5312506 49.0280632, 2.5309298 49.028178, 2.5305151 49.0282625, 2.5302587 49.0283053, 2.5296423 49.0283602, 2.5294165 49.0283723, 2.5290354 49.0283812, 2.5283592 49.0283537, 2.5271203 49.028214, 2.5269736 49.0281975, 2.5267925 49.0281771, 2.5265697 49.0281519, 2.5261631 49.0281147, 2.5250465 49.028014, 2.5231622 49.0277919, 2.5196222 49.0273305, 2.5189217 49.0272276, 2.5179381 49.0270771, 2.5174651 49.0268636, 2.5174053 49.0269938, 2.5170445 49.0269382, 2.5158532 49.0267772, 2.5155167 49.0267383, 2.515156 49.0266996, 2.514497 49.0266408, 2.5140704 49.0266116, 2.513716 49.0265933, 2.5134809 49.0265842, 2.5131994 49.026579, 2.512638 49.0265792, 2.512132 49.026571, 2.5119837 49.0265575, 2.5119566 49.0264904, 2.5116892 49.0265125, 2.5112466 49.026363, 2.5110203 49.02601, 2.510816 49.0260516, 2.5105855 49.0262716, 2.5100756 49.0266109, 2.5098759 49.026577, 2.5096791 49.0265364, 2.5094855 49.0264892, 2.5092958 49.0264356, 2.5091102 49.0263758, 2.5089293 49.0263098, 2.5087536 49.0262378, 2.5085834 49.02616, 2.5084193 49.0260767, 2.5082616 49.0259879, 2.5081106 49.0258939, 2.5079669 49.025795, 2.5078307 49.0256915, 2.5076578 49.0255531, 2.5069949 49.0250228, 2.5068151 49.0248926, 2.5067071 49.0248259, 2.5065939 49.0247632, 2.5064757 49.0247048, 2.5063529 49.0246508, 2.506226 49.0246013, 2.5060953 49.0245565, 2.5038564 49.0244533, 2.5014775 49.0243359, 2.4986658 49.0241915, 2.4976114 49.0225424, 2.4938821 49.016707, 2.4936038 49.0162263, 2.4933449 49.0157325, 2.4931207 49.015206, 2.4911452 49.0100741, 2.491202 49.0100221, 2.4923742 49.009777, 2.4938521 49.0094679, 2.4944729 49.0093381, 2.4951016 49.0091665, 2.4966191 49.0086445, 2.4970587 49.0084018, 2.4982039 49.0077092, 2.4985712 49.0075443, 2.4996408 49.0074391, 2.4999793 49.0073907, 2.5004403 49.0072933, 2.5013635 49.007066, 2.5018534 49.0069236, 2.5018927 49.0069792, 2.5023487 49.0068358, 2.5026581 49.0067699, 2.5033101 49.0065494, 2.5043619 49.006197, 2.5049593 49.0059973, 2.505359 49.005864, 2.5054192 49.0058675, 2.5054391 49.0057746, 2.5065264 49.0051953, 2.5064257 49.0051071, 2.5079016 49.0043757, 2.5085443 49.0041507, 2.5089188 49.0044489, 2.5094105 49.0044274, 2.5096786 49.0047692, 2.509688 49.0048308, 2.5097631 49.0049346, 2.5100219 49.0050771, 2.5102352 49.0053182, 2.5114621 49.0066747, 2.5118528 49.0071018, 2.512653 49.0074747, 2.5138334 49.0078162, 2.51397 49.0091705, 2.5140968 49.0093535, 2.5151124 49.009007, 2.51508 49.0097147, 2.5150181 49.0100857, 2.5148409 49.0105946, 2.5149641 49.0106171, 2.5148518 49.010981, 2.5172488 49.0099122, 2.517514 49.0101689, 2.5190207 49.0096316, 2.5199846 49.0087957, 2.5204018 49.0088093, 2.5204476 49.0087133, 2.5204934 49.0086174, 2.5215384 49.0086757, 2.5215465 49.0086087, 2.5241513 49.0087485, 2.5240759 49.0083866, 2.5240032 49.0080404, 2.5239277 49.0077852, 2.5237599 49.0075211, 2.5235363 49.0073052, 2.5232409 49.0071158, 2.5227223 49.0069131, 2.5223236 49.006837, 2.5205258 49.0064919, 2.5211116 49.0063353, 2.5218868 49.0064857, 2.5221828 49.0063191, 2.5223381 49.0056457, 2.5222792 49.0047263, 2.5213408 49.0025975, 2.5198706 49.0004921, 2.518037 48.9981443, 2.5178762 48.9979815, 2.5172694 48.9974137, 2.5168307 48.9970624, 2.515963 48.9970735, 2.5158237 48.9971709, 2.515543 48.9972338, 2.5153673 48.9972663, 2.5151847 48.9972948, 2.5150702 48.9973039, 2.5149361 48.9973078, 2.5147833 48.997305, 2.5146571 48.997292, 2.5144799 48.9972669, 2.5143582 48.9972415, 2.5142122 48.9972024, 2.5141032 48.9971656, 2.513981 48.9971159, 2.5135814 48.9974848, 2.5135483 48.9973782, 2.5132652 48.9970963, 2.5131718 48.9964842, 2.5133452 48.9966174, 2.5133354 48.9963574, 2.5131283 48.9961896, 2.5133097 48.9955309, 2.5134694 48.9954485, 2.5136478 48.9953564, 2.5137722 48.9951597, 2.5137545 48.9949, 2.5137195 48.994655, 2.5134776 48.994098, 2.5134136 48.9940462, 2.512215 48.9913634, 2.5099656 48.9892761, 2.5108651 48.9893247, 2.512302 48.9908232, 2.5134589 48.9917775, 2.5144258 48.99225, 2.5151765 48.9924929, 2.515531 48.9925922, 2.5158693 48.9928524, 2.5163999 48.9932608, 2.516853 48.9930307, 2.5169743 48.993079, 2.5176046 48.9923911, 2.5176609 48.992285, 2.5186927 48.9911079, 2.5188735 48.9905817, 2.5193645 48.9891131, 2.5193671 48.9891064, 2.5196244 48.9883373, 2.5198142 48.9877701, 2.520095 48.9869174, 2.5207371 48.9853502, 2.5246052 48.9839833, 2.527642 48.9838655, 2.5315507 48.9837135, 2.5332548 48.9837062, 2.5354709 48.9836728, 2.5375768 48.9834369, 2.5390245 48.9832747, 2.5396686 48.9832025, 2.5399951 48.9831659, 2.5418528 48.9828919, 2.5428266 48.9828244, 2.5433582 48.9836882, 2.5440364 48.9848044, 2.5451427 48.9865915, 2.5451198 48.9867969, 2.545495 48.9874781, 2.5459718 48.9883432, 2.5460793 48.9886556, 2.5462373 48.9890086, 2.546616 48.9890427, 2.5467075 48.989278, 2.5470432 48.9880999, 2.547454 48.9894612, 2.5475722 48.989653, 2.5497148 48.9900674, 2.5497987 48.9900655, 2.549977 48.9900729, 2.5501163 48.9900786, 2.5506633 48.9900158, 2.5509431 48.989972, 2.5515237 48.9898716, 2.5520331 48.9897407, 2.5525343 48.9895965, 2.5526859 48.9895456, 2.5530312 48.9894296, 2.5532985 48.9893546, 2.5535262 48.9892926, 2.5538227 48.989224, 2.5540906 48.9891887, 2.5544849 48.989115, 2.5547508 48.9890738, 2.5551551 48.9890298, 2.5557025 48.9889981, 2.5558212 48.9889912, 2.5559086 48.9889895, 2.5559225 48.9889892, 2.5560079 48.9889887, 2.5562069 48.9889874, 2.5565679 48.9889783, 2.5569818 48.9890007, 2.5575224 48.9890605, 2.558087 48.9891461, 2.5585922 48.9892227, 2.5596181 48.9893281, 2.5598411 48.9893503, 2.560082 48.9893743, 2.5604851 48.9893957, 2.5607403 48.9894073, 2.561038 48.9894064, 2.5614478 48.9893971, 2.5624564 48.9893761, 2.5626368 48.9893803, 2.5629954 48.9893592, 2.5633408 48.9893553, 2.5638878 48.9893635, 2.564571 48.9893886, 2.5649854 48.9894097, 2.5652127 48.9894247, 2.565798 48.9894632, 2.5661082 48.9894803, 2.5666449 48.9895387, 2.5667965 48.9895552, 2.5670202 48.9895795, 2.567878 48.989685, 2.5684558 48.9897783, 2.5696679 48.9899992, 2.5699302 48.9899731, 2.5699968 48.9900769, 2.5722913 48.9906143, 2.5730723 48.9907899, 2.5740596 48.991029, 2.574399 48.9911218, 2.5752963 48.9913374, 2.5760441 48.9914982, 2.5763711 48.9915527, 2.576848 48.9916143, 2.5771844 48.9916504, 2.5778611 48.9917008, 2.5786071 48.9917324, 2.5792864 48.9917525, 2.5799659 48.9917593, 2.5806503 48.9917576, 2.5809083 48.9917376, 2.5817565 48.9917475, 2.5820231 48.9917777, 2.5822994 48.9917846, 2.5825751 48.991799, 2.5833606 48.9918672, 2.5839672 48.9919462, 2.5847563 48.9920568, 2.5851535 48.9921026, 2.5855813 48.9921263, 2.58601 48.9921369, 2.58699 48.9901183, 2.5877206 48.9901522, 2.58817 48.990173, 2.5906156 48.9902849, 2.5912279 48.9903124, 2.5925085 48.9903698, 2.5932105 48.9904011, 2.5962313 48.9905355, 2.599219 48.9906679, 2.5996702 48.9906879, 2.5998601 48.9906963, 2.6000667 48.9907054, 2.6002292 48.9907126, 2.601186 48.9907633, 2.6097791 48.9912266, 2.6097812 48.9912096, 2.6110831 48.9912965, 2.6112855 48.9913073, 2.6114062 48.9913138, 2.6150597 48.99147, 2.6151612 48.9912009, 2.6167363 48.991419, 2.6167355 48.9916087, 2.6183905 48.9917123, 2.6193783 48.991808, 2.6215466 48.9927442, 2.6221434 48.9934805, 2.622623 48.9941185, 2.6227918 48.9943661, 2.6234675 48.994965, 2.6269994 48.9952126, 2.6281681 48.9952947, 2.6313958 48.995552, 2.6341819 48.9958019, 2.6341824 48.9956604, 2.6342427 48.9956629, 2.6364539 48.9959933, 2.6374963 48.9939523, 2.6369763 48.9917093, 2.6352843 48.9912998, 2.6364646 48.9880307, 2.6367961 48.9881211, 2.6382841 48.9883419, 2.6397861 48.9886585, 2.6423353 48.9890953, 2.6428699 48.9892308, 2.6433815 48.9893965, 2.6444579 48.9897482, 2.6471176 48.9905212, 2.6489389 48.9909099, 2.6499404 48.9952845, 2.6464785 48.9966362, 2.64637 48.9965109, 2.6424245 48.9979901, 2.6419957 48.9980985, 2.6417528 48.998145, 2.6410666 48.9981766, 2.6361785 48.997775))",Number of parked airplanes, Time series of airport throughput at Aéroport Roissy Charles de Gaulle,BLUE,Aerospacelab SPRL,FR8,Archived
"49.006976345624935,2.559786183921451",FR,,Paris,Aéroport Roissy Charles de Gaulle,Airports: Throughput (archived),Count of airplanes on Sentinel-2 image,Sentinel-2,Sentinel 2 L2A,E13b2,2020-04-13T10:56:21,112.7837515,Average value for 2019,2019,100,"X in [92.92200219341512, 107.07799780658488] --> Normal, X < 92.92200219341512 --> Low, X > 107.07799780658488 --> High",High,"POLYGON ((2.6361785 48.997775, 2.633425 48.9975045, 2.6325399 48.9973743, 2.6319927 48.9979268, 2.6325774 48.9987856, 2.6329154 49.0012351, 2.6327491 49.0016556, 2.6307455 49.0025108, 2.6304933 49.0023261, 2.6300186 49.0024316, 2.6297383 49.002531, 2.6296685 49.0025451, 2.6290544 49.0024536, 2.6283703 49.0023428, 2.6277427 49.0024836, 2.6275188 49.0026894, 2.62726 49.0029208, 2.6271419 49.0036642, 2.6269676 49.0038049, 2.6243007 49.0048694, 2.6205096 49.0065116, 2.615738 49.0084191, 2.6131944 49.0094278, 2.6125349 49.0096347, 2.6103181 49.0104714, 2.6095786 49.0110253, 2.6061153 49.0125479, 2.6048976 49.0130301, 2.6045028 49.0131864, 2.6040752 49.0133557, 2.6035848 49.0135499, 2.6033377 49.0136477, 2.6027146 49.0138945, 2.6003872 49.0148159, 2.6000187 49.0144438, 2.5995108 49.0146367, 2.5986351 49.0138303, 2.5983608 49.0137606, 2.5956284 49.0136822, 2.5938941 49.0134709, 2.5898444 49.0138444, 2.5877629 49.014365, 2.5863981 49.015291, 2.5841667 49.0183537, 2.5834579 49.0195713, 2.5841131 49.0218433, 2.5843296 49.0227807, 2.5851712 49.024207, 2.5848609 49.0246823, 2.584621 49.0250497, 2.5841449 49.0257781, 2.5836992 49.0264817, 2.5832988 49.0270969, 2.5831895 49.0272598, 2.582919 49.0276611, 2.582574 49.0275613, 2.5820716 49.027869, 2.5803459 49.0287112, 2.5802484 49.0287483, 2.5798227 49.0290117, 2.5792389 49.0293061, 2.5785789 49.0295845, 2.578003 49.0297885, 2.5774072 49.0299671, 2.5767943 49.0301209, 2.5759136 49.0302967, 2.5751176 49.0304168, 2.5744912 49.0304866, 2.5738413 49.0305442, 2.5729069 49.0305776, 2.5719752 49.0305805, 2.5709083 49.0305437, 2.5699754 49.0304802, 2.5685638 49.0303376, 2.5680279 49.0302649, 2.5673221 49.0301697, 2.5669905 49.0301156, 2.5659127 49.0299398, 2.5652126 49.0298256, 2.5630607 49.0294299, 2.5624106 49.0293104, 2.5623147 49.0292927, 2.5620652 49.0292573, 2.5618597 49.0292282, 2.5616981 49.0292052, 2.5615218 49.0291802, 2.5607287 49.0291249, 2.560513 49.0291099, 2.5601511 49.0290846, 2.559952 49.0290572, 2.5597873 49.0290345, 2.5596847 49.0290316, 2.5582797 49.028828, 2.5579207 49.0287766, 2.5577222 49.028754, 2.5574907 49.0287276, 2.5570178 49.0286738, 2.5565527 49.0286286, 2.5562917 49.0286032, 2.5560789 49.0285826, 2.5559092 49.0285661, 2.555718 49.0285475, 2.5554014 49.0285167, 2.554542 49.0284215, 2.5536921 49.0282804, 2.5535492 49.0282563, 2.5527435 49.0281204, 2.5517804 49.0280064, 2.5508078 49.027939, 2.5498788 49.027922, 2.5489445 49.027924, 2.5475567 49.027927, 2.5473371 49.0279274, 2.5468981 49.0279284, 2.5463875 49.0279295, 2.5459325 49.0279247, 2.5456265 49.0279171, 2.5453209 49.0279046, 2.5450158 49.0278871, 2.5444016 49.027831, 2.543793 49.0277519, 2.5428009 49.0276036, 2.5420759 49.0274958, 2.5421888 49.0272683, 2.5411422 49.0270891, 2.5411553 49.0269906, 2.5401995 49.0268665, 2.5392404 49.0268573, 2.5384647 49.0269056, 2.5377463 49.0270183, 2.5374958 49.0269245, 2.5371712 49.0263793, 2.5362716 49.0265224, 2.5358211 49.0266341, 2.5355136 49.0267733, 2.5348033 49.026535, 2.534489 49.0265253, 2.5341564 49.0267364, 2.5332541 49.0267663, 2.5326102 49.0270748, 2.5323741 49.0270155, 2.5321575 49.0274748, 2.5319127 49.0275965, 2.5315125 49.0279824, 2.5312506 49.0280632, 2.5309298 49.028178, 2.5305151 49.0282625, 2.5302587 49.0283053, 2.5296423 49.0283602, 2.5294165 49.0283723, 2.5290354 49.0283812, 2.5283592 49.0283537, 2.5271203 49.028214, 2.5269736 49.0281975, 2.5267925 49.0281771, 2.5265697 49.0281519, 2.5261631 49.0281147, 2.5250465 49.028014, 2.5231622 49.0277919, 2.5196222 49.0273305, 2.5189217 49.0272276, 2.5179381 49.0270771, 2.5174651 49.0268636, 2.5174053 49.0269938, 2.5170445 49.0269382, 2.5158532 49.0267772, 2.5155167 49.0267383, 2.515156 49.0266996, 2.514497 49.0266408, 2.5140704 49.0266116, 2.513716 49.0265933, 2.5134809 49.0265842, 2.5131994 49.026579, 2.512638 49.0265792, 2.512132 49.026571, 2.5119837 49.0265575, 2.5119566 49.0264904, 2.5116892 49.0265125, 2.5112466 49.026363, 2.5110203 49.02601, 2.510816 49.0260516, 2.5105855 49.0262716, 2.5100756 49.0266109, 2.5098759 49.026577, 2.5096791 49.0265364, 2.5094855 49.0264892, 2.5092958 49.0264356, 2.5091102 49.0263758, 2.5089293 49.0263098, 2.5087536 49.0262378, 2.5085834 49.02616, 2.5084193 49.0260767, 2.5082616 49.0259879, 2.5081106 49.0258939, 2.5079669 49.025795, 2.5078307 49.0256915, 2.5076578 49.0255531, 2.5069949 49.0250228, 2.5068151 49.0248926, 2.5067071 49.0248259, 2.5065939 49.0247632, 2.5064757 49.0247048, 2.5063529 49.0246508, 2.506226 49.0246013, 2.5060953 49.0245565, 2.5038564 49.0244533, 2.5014775 49.0243359, 2.4986658 49.0241915, 2.4976114 49.0225424, 2.4938821 49.016707, 2.4936038 49.0162263, 2.4933449 49.0157325, 2.4931207 49.015206, 2.4911452 49.0100741, 2.491202 49.0100221, 2.4923742 49.009777, 2.4938521 49.0094679, 2.4944729 49.0093381, 2.4951016 49.0091665, 2.4966191 49.0086445, 2.4970587 49.0084018, 2.4982039 49.0077092, 2.4985712 49.0075443, 2.4996408 49.0074391, 2.4999793 49.0073907, 2.5004403 49.0072933, 2.5013635 49.007066, 2.5018534 49.0069236, 2.5018927 49.0069792, 2.5023487 49.0068358, 2.5026581 49.0067699, 2.5033101 49.0065494, 2.5043619 49.006197, 2.5049593 49.0059973, 2.505359 49.005864, 2.5054192 49.0058675, 2.5054391 49.0057746, 2.5065264 49.0051953, 2.5064257 49.0051071, 2.5079016 49.0043757, 2.5085443 49.0041507, 2.5089188 49.0044489, 2.5094105 49.0044274, 2.5096786 49.0047692, 2.509688 49.0048308, 2.5097631 49.0049346, 2.5100219 49.0050771, 2.5102352 49.0053182, 2.5114621 49.0066747, 2.5118528 49.0071018, 2.512653 49.0074747, 2.5138334 49.0078162, 2.51397 49.0091705, 2.5140968 49.0093535, 2.5151124 49.009007, 2.51508 49.0097147, 2.5150181 49.0100857, 2.5148409 49.0105946, 2.5149641 49.0106171, 2.5148518 49.010981, 2.5172488 49.0099122, 2.517514 49.0101689, 2.5190207 49.0096316, 2.5199846 49.0087957, 2.5204018 49.0088093, 2.5204476 49.0087133, 2.5204934 49.0086174, 2.5215384 49.0086757, 2.5215465 49.0086087, 2.5241513 49.0087485, 2.5240759 49.0083866, 2.5240032 49.0080404, 2.5239277 49.0077852, 2.5237599 49.0075211, 2.5235363 49.0073052, 2.5232409 49.0071158, 2.5227223 49.0069131, 2.5223236 49.006837, 2.5205258 49.0064919, 2.5211116 49.0063353, 2.5218868 49.0064857, 2.5221828 49.0063191, 2.5223381 49.0056457, 2.5222792 49.0047263, 2.5213408 49.0025975, 2.5198706 49.0004921, 2.518037 48.9981443, 2.5178762 48.9979815, 2.5172694 48.9974137, 2.5168307 48.9970624, 2.515963 48.9970735, 2.5158237 48.9971709, 2.515543 48.9972338, 2.5153673 48.9972663, 2.5151847 48.9972948, 2.5150702 48.9973039, 2.5149361 48.9973078, 2.5147833 48.997305, 2.5146571 48.997292, 2.5144799 48.9972669, 2.5143582 48.9972415, 2.5142122 48.9972024, 2.5141032 48.9971656, 2.513981 48.9971159, 2.5135814 48.9974848, 2.5135483 48.9973782, 2.5132652 48.9970963, 2.5131718 48.9964842, 2.5133452 48.9966174, 2.5133354 48.9963574, 2.5131283 48.9961896, 2.5133097 48.9955309, 2.5134694 48.9954485, 2.5136478 48.9953564, 2.5137722 48.9951597, 2.5137545 48.9949, 2.5137195 48.994655, 2.5134776 48.994098, 2.5134136 48.9940462, 2.512215 48.9913634, 2.5099656 48.9892761, 2.5108651 48.9893247, 2.512302 48.9908232, 2.5134589 48.9917775, 2.5144258 48.99225, 2.5151765 48.9924929, 2.515531 48.9925922, 2.5158693 48.9928524, 2.5163999 48.9932608, 2.516853 48.9930307, 2.5169743 48.993079, 2.5176046 48.9923911, 2.5176609 48.992285, 2.5186927 48.9911079, 2.5188735 48.9905817, 2.5193645 48.9891131, 2.5193671 48.9891064, 2.5196244 48.9883373, 2.5198142 48.9877701, 2.520095 48.9869174, 2.5207371 48.9853502, 2.5246052 48.9839833, 2.527642 48.9838655, 2.5315507 48.9837135, 2.5332548 48.9837062, 2.5354709 48.9836728, 2.5375768 48.9834369, 2.5390245 48.9832747, 2.5396686 48.9832025, 2.5399951 48.9831659, 2.5418528 48.9828919, 2.5428266 48.9828244, 2.5433582 48.9836882, 2.5440364 48.9848044, 2.5451427 48.9865915, 2.5451198 48.9867969, 2.545495 48.9874781, 2.5459718 48.9883432, 2.5460793 48.9886556, 2.5462373 48.9890086, 2.546616 48.9890427, 2.5467075 48.989278, 2.5470432 48.9880999, 2.547454 48.9894612, 2.5475722 48.989653, 2.5497148 48.9900674, 2.5497987 48.9900655, 2.549977 48.9900729, 2.5501163 48.9900786, 2.5506633 48.9900158, 2.5509431 48.989972, 2.5515237 48.9898716, 2.5520331 48.9897407, 2.5525343 48.9895965, 2.5526859 48.9895456, 2.5530312 48.9894296, 2.5532985 48.9893546, 2.5535262 48.9892926, 2.5538227 48.989224, 2.5540906 48.9891887, 2.5544849 48.989115, 2.5547508 48.9890738, 2.5551551 48.9890298, 2.5557025 48.9889981, 2.5558212 48.9889912, 2.5559086 48.9889895, 2.5559225 48.9889892, 2.5560079 48.9889887, 2.5562069 48.9889874, 2.5565679 48.9889783, 2.5569818 48.9890007, 2.5575224 48.9890605, 2.558087 48.9891461, 2.5585922 48.9892227, 2.5596181 48.9893281, 2.5598411 48.9893503, 2.560082 48.9893743, 2.5604851 48.9893957, 2.5607403 48.9894073, 2.561038 48.9894064, 2.5614478 48.9893971, 2.5624564 48.9893761, 2.5626368 48.9893803, 2.5629954 48.9893592, 2.5633408 48.9893553, 2.5638878 48.9893635, 2.564571 48.9893886, 2.5649854 48.9894097, 2.5652127 48.9894247, 2.565798 48.9894632, 2.5661082 48.9894803, 2.5666449 48.9895387, 2.5667965 48.9895552, 2.5670202 48.9895795, 2.567878 48.989685, 2.5684558 48.9897783, 2.5696679 48.9899992, 2.5699302 48.9899731, 2.5699968 48.9900769, 2.5722913 48.9906143, 2.5730723 48.9907899, 2.5740596 48.991029, 2.574399 48.9911218, 2.5752963 48.9913374, 2.5760441 48.9914982, 2.5763711 48.9915527, 2.576848 48.9916143, 2.5771844 48.9916504, 2.5778611 48.9917008, 2.5786071 48.9917324, 2.5792864 48.9917525, 2.5799659 48.9917593, 2.5806503 48.9917576, 2.5809083 48.9917376, 2.5817565 48.9917475, 2.5820231 48.9917777, 2.5822994 48.9917846, 2.5825751 48.991799, 2.5833606 48.9918672, 2.5839672 48.9919462, 2.5847563 48.9920568, 2.5851535 48.9921026, 2.5855813 48.9921263, 2.58601 48.9921369, 2.58699 48.9901183, 2.5877206 48.9901522, 2.58817 48.990173, 2.5906156 48.9902849, 2.5912279 48.9903124, 2.5925085 48.9903698, 2.5932105 48.9904011, 2.5962313 48.9905355, 2.599219 48.9906679, 2.5996702 48.9906879, 2.5998601 48.9906963, 2.6000667 48.9907054, 2.6002292 48.9907126, 2.601186 48.9907633, 2.6097791 48.9912266, 2.6097812 48.9912096, 2.6110831 48.9912965, 2.6112855 48.9913073, 2.6114062 48.9913138, 2.6150597 48.99147, 2.6151612 48.9912009, 2.6167363 48.991419, 2.6167355 48.9916087, 2.6183905 48.9917123, 2.6193783 48.991808, 2.6215466 48.9927442, 2.6221434 48.9934805, 2.622623 48.9941185, 2.6227918 48.9943661, 2.6234675 48.994965, 2.6269994 48.9952126, 2.6281681 48.9952947, 2.6313958 48.995552, 2.6341819 48.9958019, 2.6341824 48.9956604, 2.6342427 48.9956629, 2.6364539 48.9959933, 2.6374963 48.9939523, 2.6369763 48.9917093, 2.6352843 48.9912998, 2.6364646 48.9880307, 2.6367961 48.9881211, 2.6382841 48.9883419, 2.6397861 48.9886585, 2.6423353 48.9890953, 2.6428699 48.9892308, 2.6433815 48.9893965, 2.6444579 48.9897482, 2.6471176 48.9905212, 2.6489389 48.9909099, 2.6499404 48.9952845, 2.6464785 48.9966362, 2.64637 48.9965109, 2.6424245 48.9979901, 2.6419957 48.9980985, 2.6417528 48.998145, 2.6410666 48.9981766, 2.6361785 48.997775))",Number of parked airplanes, Time series of airport throughput at Aéroport Roissy Charles de Gaulle,RED,Aerospacelab SPRL,FR8,Archived
"49.006976345624935,2.559786183921451",FR,,Paris,Aéroport Roissy Charles de Gaulle,Airports: Throughput (archived),Count of airplanes on Sentinel-2 image,Sentinel-2,Sentinel 2 L2A,E13b2,2020-04-15T10:46:19,100.3584229,Average value for 2019,2019,100,"X in [92.92200219341512, 107.07799780658488] --> Normal, X < 92.92200219341512 --> Low, X > 107.07799780658488 --> High",Normal,"POLYGON ((2.6361785 48.997775, 2.633425 48.9975045, 2.6325399 48.9973743, 2.6319927 48.9979268, 2.6325774 48.9987856, 2.6329154 49.0012351, 2.6327491 49.0016556, 2.6307455 49.0025108, 2.6304933 49.0023261, 2.6300186 49.0024316, 2.6297383 49.002531, 2.6296685 49.0025451, 2.6290544 49.0024536, 2.6283703 49.0023428, 2.6277427 49.0024836, 2.6275188 49.0026894, 2.62726 49.0029208, 2.6271419 49.0036642, 2.6269676 49.0038049, 2.6243007 49.0048694, 2.6205096 49.0065116, 2.615738 49.0084191, 2.6131944 49.0094278, 2.6125349 49.0096347, 2.6103181 49.0104714, 2.6095786 49.0110253, 2.6061153 49.0125479, 2.6048976 49.0130301, 2.6045028 49.0131864, 2.6040752 49.0133557, 2.6035848 49.0135499, 2.6033377 49.0136477, 2.6027146 49.0138945, 2.6003872 49.0148159, 2.6000187 49.0144438, 2.5995108 49.0146367, 2.5986351 49.0138303, 2.5983608 49.0137606, 2.5956284 49.0136822, 2.5938941 49.0134709, 2.5898444 49.0138444, 2.5877629 49.014365, 2.5863981 49.015291, 2.5841667 49.0183537, 2.5834579 49.0195713, 2.5841131 49.0218433, 2.5843296 49.0227807, 2.5851712 49.024207, 2.5848609 49.0246823, 2.584621 49.0250497, 2.5841449 49.0257781, 2.5836992 49.0264817, 2.5832988 49.0270969, 2.5831895 49.0272598, 2.582919 49.0276611, 2.582574 49.0275613, 2.5820716 49.027869, 2.5803459 49.0287112, 2.5802484 49.0287483, 2.5798227 49.0290117, 2.5792389 49.0293061, 2.5785789 49.0295845, 2.578003 49.0297885, 2.5774072 49.0299671, 2.5767943 49.0301209, 2.5759136 49.0302967, 2.5751176 49.0304168, 2.5744912 49.0304866, 2.5738413 49.0305442, 2.5729069 49.0305776, 2.5719752 49.0305805, 2.5709083 49.0305437, 2.5699754 49.0304802, 2.5685638 49.0303376, 2.5680279 49.0302649, 2.5673221 49.0301697, 2.5669905 49.0301156, 2.5659127 49.0299398, 2.5652126 49.0298256, 2.5630607 49.0294299, 2.5624106 49.0293104, 2.5623147 49.0292927, 2.5620652 49.0292573, 2.5618597 49.0292282, 2.5616981 49.0292052, 2.5615218 49.0291802, 2.5607287 49.0291249, 2.560513 49.0291099, 2.5601511 49.0290846, 2.559952 49.0290572, 2.5597873 49.0290345, 2.5596847 49.0290316, 2.5582797 49.028828, 2.5579207 49.0287766, 2.5577222 49.028754, 2.5574907 49.0287276, 2.5570178 49.0286738, 2.5565527 49.0286286, 2.5562917 49.0286032, 2.5560789 49.0285826, 2.5559092 49.0285661, 2.555718 49.0285475, 2.5554014 49.0285167, 2.554542 49.0284215, 2.5536921 49.0282804, 2.5535492 49.0282563, 2.5527435 49.0281204, 2.5517804 49.0280064, 2.5508078 49.027939, 2.5498788 49.027922, 2.5489445 49.027924, 2.5475567 49.027927, 2.5473371 49.0279274, 2.5468981 49.0279284, 2.5463875 49.0279295, 2.5459325 49.0279247, 2.5456265 49.0279171, 2.5453209 49.0279046, 2.5450158 49.0278871, 2.5444016 49.027831, 2.543793 49.0277519, 2.5428009 49.0276036, 2.5420759 49.0274958, 2.5421888 49.0272683, 2.5411422 49.0270891, 2.5411553 49.0269906, 2.5401995 49.0268665, 2.5392404 49.0268573, 2.5384647 49.0269056, 2.5377463 49.0270183, 2.5374958 49.0269245, 2.5371712 49.0263793, 2.5362716 49.0265224, 2.5358211 49.0266341, 2.5355136 49.0267733, 2.5348033 49.026535, 2.534489 49.0265253, 2.5341564 49.0267364, 2.5332541 49.0267663, 2.5326102 49.0270748, 2.5323741 49.0270155, 2.5321575 49.0274748, 2.5319127 49.0275965, 2.5315125 49.0279824, 2.5312506 49.0280632, 2.5309298 49.028178, 2.5305151 49.0282625, 2.5302587 49.0283053, 2.5296423 49.0283602, 2.5294165 49.0283723, 2.5290354 49.0283812, 2.5283592 49.0283537, 2.5271203 49.028214, 2.5269736 49.0281975, 2.5267925 49.0281771, 2.5265697 49.0281519, 2.5261631 49.0281147, 2.5250465 49.028014, 2.5231622 49.0277919, 2.5196222 49.0273305, 2.5189217 49.0272276, 2.5179381 49.0270771, 2.5174651 49.0268636, 2.5174053 49.0269938, 2.5170445 49.0269382, 2.5158532 49.0267772, 2.5155167 49.0267383, 2.515156 49.0266996, 2.514497 49.0266408, 2.5140704 49.0266116, 2.513716 49.0265933, 2.5134809 49.0265842, 2.5131994 49.026579, 2.512638 49.0265792, 2.512132 49.026571, 2.5119837 49.0265575, 2.5119566 49.0264904, 2.5116892 49.0265125, 2.5112466 49.026363, 2.5110203 49.02601, 2.510816 49.0260516, 2.5105855 49.0262716, 2.5100756 49.0266109, 2.5098759 49.026577, 2.5096791 49.0265364, 2.5094855 49.0264892, 2.5092958 49.0264356, 2.5091102 49.0263758, 2.5089293 49.0263098, 2.5087536 49.0262378, 2.5085834 49.02616, 2.5084193 49.0260767, 2.5082616 49.0259879, 2.5081106 49.0258939, 2.5079669 49.025795, 2.5078307 49.0256915, 2.5076578 49.0255531, 2.5069949 49.0250228, 2.5068151 49.0248926, 2.5067071 49.0248259, 2.5065939 49.0247632, 2.5064757 49.0247048, 2.5063529 49.0246508, 2.506226 49.0246013, 2.5060953 49.0245565, 2.5038564 49.0244533, 2.5014775 49.0243359, 2.4986658 49.0241915, 2.4976114 49.0225424, 2.4938821 49.016707, 2.4936038 49.0162263, 2.4933449 49.0157325, 2.4931207 49.015206, 2.4911452 49.0100741, 2.491202 49.0100221, 2.4923742 49.009777, 2.4938521 49.0094679, 2.4944729 49.0093381, 2.4951016 49.0091665, 2.4966191 49.0086445, 2.4970587 49.0084018, 2.4982039 49.0077092, 2.4985712 49.0075443, 2.4996408 49.0074391, 2.4999793 49.0073907, 2.5004403 49.0072933, 2.5013635 49.007066, 2.5018534 49.0069236, 2.5018927 49.0069792, 2.5023487 49.0068358, 2.5026581 49.0067699, 2.5033101 49.0065494, 2.5043619 49.006197, 2.5049593 49.0059973, 2.505359 49.005864, 2.5054192 49.0058675, 2.5054391 49.0057746, 2.5065264 49.0051953, 2.5064257 49.0051071, 2.5079016 49.0043757, 2.5085443 49.0041507, 2.5089188 49.0044489, 2.5094105 49.0044274, 2.5096786 49.0047692, 2.509688 49.0048308, 2.5097631 49.0049346, 2.5100219 49.0050771, 2.5102352 49.0053182, 2.5114621 49.0066747, 2.5118528 49.0071018, 2.512653 49.0074747, 2.5138334 49.0078162, 2.51397 49.0091705, 2.5140968 49.0093535, 2.5151124 49.009007, 2.51508 49.0097147, 2.5150181 49.0100857, 2.5148409 49.0105946, 2.5149641 49.0106171, 2.5148518 49.010981, 2.5172488 49.0099122, 2.517514 49.0101689, 2.5190207 49.0096316, 2.5199846 49.0087957, 2.5204018 49.0088093, 2.5204476 49.0087133, 2.5204934 49.0086174, 2.5215384 49.0086757, 2.5215465 49.0086087, 2.5241513 49.0087485, 2.5240759 49.0083866, 2.5240032 49.0080404, 2.5239277 49.0077852, 2.5237599 49.0075211, 2.5235363 49.0073052, 2.5232409 49.0071158, 2.5227223 49.0069131, 2.5223236 49.006837, 2.5205258 49.0064919, 2.5211116 49.0063353, 2.5218868 49.0064857, 2.5221828 49.0063191, 2.5223381 49.0056457, 2.5222792 49.0047263, 2.5213408 49.0025975, 2.5198706 49.0004921, 2.518037 48.9981443, 2.5178762 48.9979815, 2.5172694 48.9974137, 2.5168307 48.9970624, 2.515963 48.9970735, 2.5158237 48.9971709, 2.515543 48.9972338, 2.5153673 48.9972663, 2.5151847 48.9972948, 2.5150702 48.9973039, 2.5149361 48.9973078, 2.5147833 48.997305, 2.5146571 48.997292, 2.5144799 48.9972669, 2.5143582 48.9972415, 2.5142122 48.9972024, 2.5141032 48.9971656, 2.513981 48.9971159, 2.5135814 48.9974848, 2.5135483 48.9973782, 2.5132652 48.9970963, 2.5131718 48.9964842, 2.5133452 48.9966174, 2.5133354 48.9963574, 2.5131283 48.9961896, 2.5133097 48.9955309, 2.5134694 48.9954485, 2.5136478 48.9953564, 2.5137722 48.9951597, 2.5137545 48.9949, 2.5137195 48.994655, 2.5134776 48.994098, 2.5134136 48.9940462, 2.512215 48.9913634, 2.5099656 48.9892761, 2.5108651 48.9893247, 2.512302 48.9908232, 2.5134589 48.9917775, 2.5144258 48.99225, 2.5151765 48.9924929, 2.515531 48.9925922, 2.5158693 48.9928524, 2.5163999 48.9932608, 2.516853 48.9930307, 2.5169743 48.993079, 2.5176046 48.9923911, 2.5176609 48.992285, 2.5186927 48.9911079, 2.5188735 48.9905817, 2.5193645 48.9891131, 2.5193671 48.9891064, 2.5196244 48.9883373, 2.5198142 48.9877701, 2.520095 48.9869174, 2.5207371 48.9853502, 2.5246052 48.9839833, 2.527642 48.9838655, 2.5315507 48.9837135, 2.5332548 48.9837062, 2.5354709 48.9836728, 2.5375768 48.9834369, 2.5390245 48.9832747, 2.5396686 48.9832025, 2.5399951 48.9831659, 2.5418528 48.9828919, 2.5428266 48.9828244, 2.5433582 48.9836882, 2.5440364 48.9848044, 2.5451427 48.9865915, 2.5451198 48.9867969, 2.545495 48.9874781, 2.5459718 48.9883432, 2.5460793 48.9886556, 2.5462373 48.9890086, 2.546616 48.9890427, 2.5467075 48.989278, 2.5470432 48.9880999, 2.547454 48.9894612, 2.5475722 48.989653, 2.5497148 48.9900674, 2.5497987 48.9900655, 2.549977 48.9900729, 2.5501163 48.9900786, 2.5506633 48.9900158, 2.5509431 48.989972, 2.5515237 48.9898716, 2.5520331 48.9897407, 2.5525343 48.9895965, 2.5526859 48.9895456, 2.5530312 48.9894296, 2.5532985 48.9893546, 2.5535262 48.9892926, 2.5538227 48.989224, 2.5540906 48.9891887, 2.5544849 48.989115, 2.5547508 48.9890738, 2.5551551 48.9890298, 2.5557025 48.9889981, 2.5558212 48.9889912, 2.5559086 48.9889895, 2.5559225 48.9889892, 2.5560079 48.9889887, 2.5562069 48.9889874, 2.5565679 48.9889783, 2.5569818 48.9890007, 2.5575224 48.9890605, 2.558087 48.9891461, 2.5585922 48.9892227, 2.5596181 48.9893281, 2.5598411 48.9893503, 2.560082 48.9893743, 2.5604851 48.9893957, 2.5607403 48.9894073, 2.561038 48.9894064, 2.5614478 48.9893971, 2.5624564 48.9893761, 2.5626368 48.9893803, 2.5629954 48.9893592, 2.5633408 48.9893553, 2.5638878 48.9893635, 2.564571 48.9893886, 2.5649854 48.9894097, 2.5652127 48.9894247, 2.565798 48.9894632, 2.5661082 48.9894803, 2.5666449 48.9895387, 2.5667965 48.9895552, 2.5670202 48.9895795, 2.567878 48.989685, 2.5684558 48.9897783, 2.5696679 48.9899992, 2.5699302 48.9899731, 2.5699968 48.9900769, 2.5722913 48.9906143, 2.5730723 48.9907899, 2.5740596 48.991029, 2.574399 48.9911218, 2.5752963 48.9913374, 2.5760441 48.9914982, 2.5763711 48.9915527, 2.576848 48.9916143, 2.5771844 48.9916504, 2.5778611 48.9917008, 2.5786071 48.9917324, 2.5792864 48.9917525, 2.5799659 48.9917593, 2.5806503 48.9917576, 2.5809083 48.9917376, 2.5817565 48.9917475, 2.5820231 48.9917777, 2.5822994 48.9917846, 2.5825751 48.991799, 2.5833606 48.9918672, 2.5839672 48.9919462, 2.5847563 48.9920568, 2.5851535 48.9921026, 2.5855813 48.9921263, 2.58601 48.9921369, 2.58699 48.9901183, 2.5877206 48.9901522, 2.58817 48.990173, 2.5906156 48.9902849, 2.5912279 48.9903124, 2.5925085 48.9903698, 2.5932105 48.9904011, 2.5962313 48.9905355, 2.599219 48.9906679, 2.5996702 48.9906879, 2.5998601 48.9906963, 2.6000667 48.9907054, 2.6002292 48.9907126, 2.601186 48.9907633, 2.6097791 48.9912266, 2.6097812 48.9912096, 2.6110831 48.9912965, 2.6112855 48.9913073, 2.6114062 48.9913138, 2.6150597 48.99147, 2.6151612 48.9912009, 2.6167363 48.991419, 2.6167355 48.9916087, 2.6183905 48.9917123, 2.6193783 48.991808, 2.6215466 48.9927442, 2.6221434 48.9934805, 2.622623 48.9941185, 2.6227918 48.9943661, 2.6234675 48.994965, 2.6269994 48.9952126, 2.6281681 48.9952947, 2.6313958 48.995552, 2.6341819 48.9958019, 2.6341824 48.9956604, 2.6342427 48.9956629, 2.6364539 48.9959933, 2.6374963 48.9939523, 2.6369763 48.9917093, 2.6352843 48.9912998, 2.6364646 48.9880307, 2.6367961 48.9881211, 2.6382841 48.9883419, 2.6397861 48.9886585, 2.6423353 48.9890953, 2.6428699 48.9892308, 2.6433815 48.9893965, 2.6444579 48.9897482, 2.6471176 48.9905212, 2.6489389 48.9909099, 2.6499404 48.9952845, 2.6464785 48.9966362, 2.64637 48.9965109, 2.6424245 48.9979901, 2.6419957 48.9980985, 2.6417528 48.998145, 2.6410666 48.9981766, 2.6361785 48.997775))",Number of parked airplanes, Time series of airport throughput at Aéroport Roissy Charles de Gaulle,BLUE,Aerospacelab SPRL,FR8,Archived
"49.006976345624935,2.559786183921451",FR,,Paris,Aéroport Roissy Charles de Gaulle,Airports: Throughput (archived),Count of airplanes on Sentinel-2 image,Sentinel-2,Sentinel 2 L2A,E13b2,2020-04-20T10:50:31,111.827957,Average value for 2019,2019,100,"X in [92.92200219341512, 107.07799780658488] --> Normal, X < 92.92200219341512 --> Low, X > 107.07799780658488 --> High",High,"POLYGON ((2.6361785 48.997775, 2.633425 48.9975045, 2.6325399 48.9973743, 2.6319927 48.9979268, 2.6325774 48.9987856, 2.6329154 49.0012351, 2.6327491 49.0016556, 2.6307455 49.0025108, 2.6304933 49.0023261, 2.6300186 49.0024316, 2.6297383 49.002531, 2.6296685 49.0025451, 2.6290544 49.0024536, 2.6283703 49.0023428, 2.6277427 49.0024836, 2.6275188 49.0026894, 2.62726 49.0029208, 2.6271419 49.0036642, 2.6269676 49.0038049, 2.6243007 49.0048694, 2.6205096 49.0065116, 2.615738 49.0084191, 2.6131944 49.0094278, 2.6125349 49.0096347, 2.6103181 49.0104714, 2.6095786 49.0110253, 2.6061153 49.0125479, 2.6048976 49.0130301, 2.6045028 49.0131864, 2.6040752 49.0133557, 2.6035848 49.0135499, 2.6033377 49.0136477, 2.6027146 49.0138945, 2.6003872 49.0148159, 2.6000187 49.0144438, 2.5995108 49.0146367, 2.5986351 49.0138303, 2.5983608 49.0137606, 2.5956284 49.0136822, 2.5938941 49.0134709, 2.5898444 49.0138444, 2.5877629 49.014365, 2.5863981 49.015291, 2.5841667 49.0183537, 2.5834579 49.0195713, 2.5841131 49.0218433, 2.5843296 49.0227807, 2.5851712 49.024207, 2.5848609 49.0246823, 2.584621 49.0250497, 2.5841449 49.0257781, 2.5836992 49.0264817, 2.5832988 49.0270969, 2.5831895 49.0272598, 2.582919 49.0276611, 2.582574 49.0275613, 2.5820716 49.027869, 2.5803459 49.0287112, 2.5802484 49.0287483, 2.5798227 49.0290117, 2.5792389 49.0293061, 2.5785789 49.0295845, 2.578003 49.0297885, 2.5774072 49.0299671, 2.5767943 49.0301209, 2.5759136 49.0302967, 2.5751176 49.0304168, 2.5744912 49.0304866, 2.5738413 49.0305442, 2.5729069 49.0305776, 2.5719752 49.0305805, 2.5709083 49.0305437, 2.5699754 49.0304802, 2.5685638 49.0303376, 2.5680279 49.0302649, 2.5673221 49.0301697, 2.5669905 49.0301156, 2.5659127 49.0299398, 2.5652126 49.0298256, 2.5630607 49.0294299, 2.5624106 49.0293104, 2.5623147 49.0292927, 2.5620652 49.0292573, 2.5618597 49.0292282, 2.5616981 49.0292052, 2.5615218 49.0291802, 2.5607287 49.0291249, 2.560513 49.0291099, 2.5601511 49.0290846, 2.559952 49.0290572, 2.5597873 49.0290345, 2.5596847 49.0290316, 2.5582797 49.028828, 2.5579207 49.0287766, 2.5577222 49.028754, 2.5574907 49.0287276, 2.5570178 49.0286738, 2.5565527 49.0286286, 2.5562917 49.0286032, 2.5560789 49.0285826, 2.5559092 49.0285661, 2.555718 49.0285475, 2.5554014 49.0285167, 2.554542 49.0284215, 2.5536921 49.0282804, 2.5535492 49.0282563, 2.5527435 49.0281204, 2.5517804 49.0280064, 2.5508078 49.027939, 2.5498788 49.027922, 2.5489445 49.027924, 2.5475567 49.027927, 2.5473371 49.0279274, 2.5468981 49.0279284, 2.5463875 49.0279295, 2.5459325 49.0279247, 2.5456265 49.0279171, 2.5453209 49.0279046, 2.5450158 49.0278871, 2.5444016 49.027831, 2.543793 49.0277519, 2.5428009 49.0276036, 2.5420759 49.0274958, 2.5421888 49.0272683, 2.5411422 49.0270891, 2.5411553 49.0269906, 2.5401995 49.0268665, 2.5392404 49.0268573, 2.5384647 49.0269056, 2.5377463 49.0270183, 2.5374958 49.0269245, 2.5371712 49.0263793, 2.5362716 49.0265224, 2.5358211 49.0266341, 2.5355136 49.0267733, 2.5348033 49.026535, 2.534489 49.0265253, 2.5341564 49.0267364, 2.5332541 49.0267663, 2.5326102 49.0270748, 2.5323741 49.0270155, 2.5321575 49.0274748, 2.5319127 49.0275965, 2.5315125 49.0279824, 2.5312506 49.0280632, 2.5309298 49.028178, 2.5305151 49.0282625, 2.5302587 49.0283053, 2.5296423 49.0283602, 2.5294165 49.0283723, 2.5290354 49.0283812, 2.5283592 49.0283537, 2.5271203 49.028214, 2.5269736 49.0281975, 2.5267925 49.0281771, 2.5265697 49.0281519, 2.5261631 49.0281147, 2.5250465 49.028014, 2.5231622 49.0277919, 2.5196222 49.0273305, 2.5189217 49.0272276, 2.5179381 49.0270771, 2.5174651 49.0268636, 2.5174053 49.0269938, 2.5170445 49.0269382, 2.5158532 49.0267772, 2.5155167 49.0267383, 2.515156 49.0266996, 2.514497 49.0266408, 2.5140704 49.0266116, 2.513716 49.0265933, 2.5134809 49.0265842, 2.5131994 49.026579, 2.512638 49.0265792, 2.512132 49.026571, 2.5119837 49.0265575, 2.5119566 49.0264904, 2.5116892 49.0265125, 2.5112466 49.026363, 2.5110203 49.02601, 2.510816 49.0260516, 2.5105855 49.0262716, 2.5100756 49.0266109, 2.5098759 49.026577, 2.5096791 49.0265364, 2.5094855 49.0264892, 2.5092958 49.0264356, 2.5091102 49.0263758, 2.5089293 49.0263098, 2.5087536 49.0262378, 2.5085834 49.02616, 2.5084193 49.0260767, 2.5082616 49.0259879, 2.5081106 49.0258939, 2.5079669 49.025795, 2.5078307 49.0256915, 2.5076578 49.0255531, 2.5069949 49.0250228, 2.5068151 49.0248926, 2.5067071 49.0248259, 2.5065939 49.0247632, 2.5064757 49.0247048, 2.5063529 49.0246508, 2.506226 49.0246013, 2.5060953 49.0245565, 2.5038564 49.0244533, 2.5014775 49.0243359, 2.4986658 49.0241915, 2.4976114 49.0225424, 2.4938821 49.016707, 2.4936038 49.0162263, 2.4933449 49.0157325, 2.4931207 49.015206, 2.4911452 49.0100741, 2.491202 49.0100221, 2.4923742 49.009777, 2.4938521 49.0094679, 2.4944729 49.0093381, 2.4951016 49.0091665, 2.4966191 49.0086445, 2.4970587 49.0084018, 2.4982039 49.0077092, 2.4985712 49.0075443, 2.4996408 49.0074391, 2.4999793 49.0073907, 2.5004403 49.0072933, 2.5013635 49.007066, 2.5018534 49.0069236, 2.5018927 49.0069792, 2.5023487 49.0068358, 2.5026581 49.0067699, 2.5033101 49.0065494, 2.5043619 49.006197, 2.5049593 49.0059973, 2.505359 49.005864, 2.5054192 49.0058675, 2.5054391 49.0057746, 2.5065264 49.0051953, 2.5064257 49.0051071, 2.5079016 49.0043757, 2.5085443 49.0041507, 2.5089188 49.0044489, 2.5094105 49.0044274, 2.5096786 49.0047692, 2.509688 49.0048308, 2.5097631 49.0049346, 2.5100219 49.0050771, 2.5102352 49.0053182, 2.5114621 49.0066747, 2.5118528 49.0071018, 2.512653 49.0074747, 2.5138334 49.0078162, 2.51397 49.0091705, 2.5140968 49.0093535, 2.5151124 49.009007, 2.51508 49.0097147, 2.5150181 49.0100857, 2.5148409 49.0105946, 2.5149641 49.0106171, 2.5148518 49.010981, 2.5172488 49.0099122, 2.517514 49.0101689, 2.5190207 49.0096316, 2.5199846 49.0087957, 2.5204018 49.0088093, 2.5204476 49.0087133, 2.5204934 49.0086174, 2.5215384 49.0086757, 2.5215465 49.0086087, 2.5241513 49.0087485, 2.5240759 49.0083866, 2.5240032 49.0080404, 2.5239277 49.0077852, 2.5237599 49.0075211, 2.5235363 49.0073052, 2.5232409 49.0071158, 2.5227223 49.0069131, 2.5223236 49.006837, 2.5205258 49.0064919, 2.5211116 49.0063353, 2.5218868 49.0064857, 2.5221828 49.0063191, 2.5223381 49.0056457, 2.5222792 49.0047263, 2.5213408 49.0025975, 2.5198706 49.0004921, 2.518037 48.9981443, 2.5178762 48.9979815, 2.5172694 48.9974137, 2.5168307 48.9970624, 2.515963 48.9970735, 2.5158237 48.9971709, 2.515543 48.9972338, 2.5153673 48.9972663, 2.5151847 48.9972948, 2.5150702 48.9973039, 2.5149361 48.9973078, 2.5147833 48.997305, 2.5146571 48.997292, 2.5144799 48.9972669, 2.5143582 48.9972415, 2.5142122 48.9972024, 2.5141032 48.9971656, 2.513981 48.9971159, 2.5135814 48.9974848, 2.5135483 48.9973782, 2.5132652 48.9970963, 2.5131718 48.9964842, 2.5133452 48.9966174, 2.5133354 48.9963574, 2.5131283 48.9961896, 2.5133097 48.9955309, 2.5134694 48.9954485, 2.5136478 48.9953564, 2.5137722 48.9951597, 2.5137545 48.9949, 2.5137195 48.994655, 2.5134776 48.994098, 2.5134136 48.9940462, 2.512215 48.9913634, 2.5099656 48.9892761, 2.5108651 48.9893247, 2.512302 48.9908232, 2.5134589 48.9917775, 2.5144258 48.99225, 2.5151765 48.9924929, 2.515531 48.9925922, 2.5158693 48.9928524, 2.5163999 48.9932608, 2.516853 48.9930307, 2.5169743 48.993079, 2.5176046 48.9923911, 2.5176609 48.992285, 2.5186927 48.9911079, 2.5188735 48.9905817, 2.5193645 48.9891131, 2.5193671 48.9891064, 2.5196244 48.9883373, 2.5198142 48.9877701, 2.520095 48.9869174, 2.5207371 48.9853502, 2.5246052 48.9839833, 2.527642 48.9838655, 2.5315507 48.9837135, 2.5332548 48.9837062, 2.5354709 48.9836728, 2.5375768 48.9834369, 2.5390245 48.9832747, 2.5396686 48.9832025, 2.5399951 48.9831659, 2.5418528 48.9828919, 2.5428266 48.9828244, 2.5433582 48.9836882, 2.5440364 48.9848044, 2.5451427 48.9865915, 2.5451198 48.9867969, 2.545495 48.9874781, 2.5459718 48.9883432, 2.5460793 48.9886556, 2.5462373 48.9890086, 2.546616 48.9890427, 2.5467075 48.989278, 2.5470432 48.9880999, 2.547454 48.9894612, 2.5475722 48.989653, 2.5497148 48.9900674, 2.5497987 48.9900655, 2.549977 48.9900729, 2.5501163 48.9900786, 2.5506633 48.9900158, 2.5509431 48.989972, 2.5515237 48.9898716, 2.5520331 48.9897407, 2.5525343 48.9895965, 2.5526859 48.9895456, 2.5530312 48.9894296, 2.5532985 48.9893546, 2.5535262 48.9892926, 2.5538227 48.989224, 2.5540906 48.9891887, 2.5544849 48.989115, 2.5547508 48.9890738, 2.5551551 48.9890298, 2.5557025 48.9889981, 2.5558212 48.9889912, 2.5559086 48.9889895, 2.5559225 48.9889892, 2.5560079 48.9889887, 2.5562069 48.9889874, 2.5565679 48.9889783, 2.5569818 48.9890007, 2.5575224 48.9890605, 2.558087 48.9891461, 2.5585922 48.9892227, 2.5596181 48.9893281, 2.5598411 48.9893503, 2.560082 48.9893743, 2.5604851 48.9893957, 2.5607403 48.9894073, 2.561038 48.9894064, 2.5614478 48.9893971, 2.5624564 48.9893761, 2.5626368 48.9893803, 2.5629954 48.9893592, 2.5633408 48.9893553, 2.5638878 48.9893635, 2.564571 48.9893886, 2.5649854 48.9894097, 2.5652127 48.9894247, 2.565798 48.9894632, 2.5661082 48.9894803, 2.5666449 48.9895387, 2.5667965 48.9895552, 2.5670202 48.9895795, 2.567878 48.989685, 2.5684558 48.9897783, 2.5696679 48.9899992, 2.5699302 48.9899731, 2.5699968 48.9900769, 2.5722913 48.9906143, 2.5730723 48.9907899, 2.5740596 48.991029, 2.574399 48.9911218, 2.5752963 48.9913374, 2.5760441 48.9914982, 2.5763711 48.9915527, 2.576848 48.9916143, 2.5771844 48.9916504, 2.5778611 48.9917008, 2.5786071 48.9917324, 2.5792864 48.9917525, 2.5799659 48.9917593, 2.5806503 48.9917576, 2.5809083 48.9917376, 2.5817565 48.9917475, 2.5820231 48.9917777, 2.5822994 48.9917846, 2.5825751 48.991799, 2.5833606 48.9918672, 2.5839672 48.9919462, 2.5847563 48.9920568, 2.5851535 48.9921026, 2.5855813 48.9921263, 2.58601 48.9921369, 2.58699 48.9901183, 2.5877206 48.9901522, 2.58817 48.990173, 2.5906156 48.9902849, 2.5912279 48.9903124, 2.5925085 48.9903698, 2.5932105 48.9904011, 2.5962313 48.9905355, 2.599219 48.9906679, 2.5996702 48.9906879, 2.5998601 48.9906963, 2.6000667 48.9907054, 2.6002292 48.9907126, 2.601186 48.9907633, 2.6097791 48.9912266, 2.6097812 48.9912096, 2.6110831 48.9912965, 2.6112855 48.9913073, 2.6114062 48.9913138, 2.6150597 48.99147, 2.6151612 48.9912009, 2.6167363 48.991419, 2.6167355 48.9916087, 2.6183905 48.9917123, 2.6193783 48.991808, 2.6215466 48.9927442, 2.6221434 48.9934805, 2.622623 48.9941185, 2.6227918 48.9943661, 2.6234675 48.994965, 2.6269994 48.9952126, 2.6281681 48.9952947, 2.6313958 48.995552, 2.6341819 48.9958019, 2.6341824 48.9956604, 2.6342427 48.9956629, 2.6364539 48.9959933, 2.6374963 48.9939523, 2.6369763 48.9917093, 2.6352843 48.9912998, 2.6364646 48.9880307, 2.6367961 48.9881211, 2.6382841 48.9883419, 2.6397861 48.9886585, 2.6423353 48.9890953, 2.6428699 48.9892308, 2.6433815 48.9893965, 2.6444579 48.9897482, 2.6471176 48.9905212, 2.6489389 48.9909099, 2.6499404 48.9952845, 2.6464785 48.9966362, 2.64637 48.9965109, 2.6424245 48.9979901, 2.6419957 48.9980985, 2.6417528 48.998145, 2.6410666 48.9981766, 2.6361785 48.997775))",Number of parked airplanes, Time series of airport throughput at Aéroport Roissy Charles de Gaulle,RED,Aerospacelab SPRL,FR8,Archived
"49.006976345624935,2.559786183921451",FR,,Paris,Aéroport Roissy Charles de Gaulle,Airports: Throughput (archived),Count of airplanes on Sentinel-2 image,Sentinel-2,Sentinel 2 L2A,E13b2,2020-04-23T10:56:21,110.8721625,Average value for 2019,2019,100,"X in [92.92200219341512, 107.07799780658488] --> Normal, X < 92.92200219341512 --> Low, X > 107.07799780658488 --> High",High,"POLYGON ((2.6361785 48.997775, 2.633425 48.9975045, 2.6325399 48.9973743, 2.6319927 48.9979268, 2.6325774 48.9987856, 2.6329154 49.0012351, 2.6327491 49.0016556, 2.6307455 49.0025108, 2.6304933 49.0023261, 2.6300186 49.0024316, 2.6297383 49.002531, 2.6296685 49.0025451, 2.6290544 49.0024536, 2.6283703 49.0023428, 2.6277427 49.0024836, 2.6275188 49.0026894, 2.62726 49.0029208, 2.6271419 49.0036642, 2.6269676 49.0038049, 2.6243007 49.0048694, 2.6205096 49.0065116, 2.615738 49.0084191, 2.6131944 49.0094278, 2.6125349 49.0096347, 2.6103181 49.0104714, 2.6095786 49.0110253, 2.6061153 49.0125479, 2.6048976 49.0130301, 2.6045028 49.0131864, 2.6040752 49.0133557, 2.6035848 49.0135499, 2.6033377 49.0136477, 2.6027146 49.0138945, 2.6003872 49.0148159, 2.6000187 49.0144438, 2.5995108 49.0146367, 2.5986351 49.0138303, 2.5983608 49.0137606, 2.5956284 49.0136822, 2.5938941 49.0134709, 2.5898444 49.0138444, 2.5877629 49.014365, 2.5863981 49.015291, 2.5841667 49.0183537, 2.5834579 49.0195713, 2.5841131 49.0218433, 2.5843296 49.0227807, 2.5851712 49.024207, 2.5848609 49.0246823, 2.584621 49.0250497, 2.5841449 49.0257781, 2.5836992 49.0264817, 2.5832988 49.0270969, 2.5831895 49.0272598, 2.582919 49.0276611, 2.582574 49.0275613, 2.5820716 49.027869, 2.5803459 49.0287112, 2.5802484 49.0287483, 2.5798227 49.0290117, 2.5792389 49.0293061, 2.5785789 49.0295845, 2.578003 49.0297885, 2.5774072 49.0299671, 2.5767943 49.0301209, 2.5759136 49.0302967, 2.5751176 49.0304168, 2.5744912 49.0304866, 2.5738413 49.0305442, 2.5729069 49.0305776, 2.5719752 49.0305805, 2.5709083 49.0305437, 2.5699754 49.0304802, 2.5685638 49.0303376, 2.5680279 49.0302649, 2.5673221 49.0301697, 2.5669905 49.0301156, 2.5659127 49.0299398, 2.5652126 49.0298256, 2.5630607 49.0294299, 2.5624106 49.0293104, 2.5623147 49.0292927, 2.5620652 49.0292573, 2.5618597 49.0292282, 2.5616981 49.0292052, 2.5615218 49.0291802, 2.5607287 49.0291249, 2.560513 49.0291099, 2.5601511 49.0290846, 2.559952 49.0290572, 2.5597873 49.0290345, 2.5596847 49.0290316, 2.5582797 49.028828, 2.5579207 49.0287766, 2.5577222 49.028754, 2.5574907 49.0287276, 2.5570178 49.0286738, 2.5565527 49.0286286, 2.5562917 49.0286032, 2.5560789 49.0285826, 2.5559092 49.0285661, 2.555718 49.0285475, 2.5554014 49.0285167, 2.554542 49.0284215, 2.5536921 49.0282804, 2.5535492 49.0282563, 2.5527435 49.0281204, 2.5517804 49.0280064, 2.5508078 49.027939, 2.5498788 49.027922, 2.5489445 49.027924, 2.5475567 49.027927, 2.5473371 49.0279274, 2.5468981 49.0279284, 2.5463875 49.0279295, 2.5459325 49.0279247, 2.5456265 49.0279171, 2.5453209 49.0279046, 2.5450158 49.0278871, 2.5444016 49.027831, 2.543793 49.0277519, 2.5428009 49.0276036, 2.5420759 49.0274958, 2.5421888 49.0272683, 2.5411422 49.0270891, 2.5411553 49.0269906, 2.5401995 49.0268665, 2.5392404 49.0268573, 2.5384647 49.0269056, 2.5377463 49.0270183, 2.5374958 49.0269245, 2.5371712 49.0263793, 2.5362716 49.0265224, 2.5358211 49.0266341, 2.5355136 49.0267733, 2.5348033 49.026535, 2.534489 49.0265253, 2.5341564 49.0267364, 2.5332541 49.0267663, 2.5326102 49.0270748, 2.5323741 49.0270155, 2.5321575 49.0274748, 2.5319127 49.0275965, 2.5315125 49.0279824, 2.5312506 49.0280632, 2.5309298 49.028178, 2.5305151 49.0282625, 2.5302587 49.0283053, 2.5296423 49.0283602, 2.5294165 49.0283723, 2.5290354 49.0283812, 2.5283592 49.0283537, 2.5271203 49.028214, 2.5269736 49.0281975, 2.5267925 49.0281771, 2.5265697 49.0281519, 2.5261631 49.0281147, 2.5250465 49.028014, 2.5231622 49.0277919, 2.5196222 49.0273305, 2.5189217 49.0272276, 2.5179381 49.0270771, 2.5174651 49.0268636, 2.5174053 49.0269938, 2.5170445 49.0269382, 2.5158532 49.0267772, 2.5155167 49.0267383, 2.515156 49.0266996, 2.514497 49.0266408, 2.5140704 49.0266116, 2.513716 49.0265933, 2.5134809 49.0265842, 2.5131994 49.026579, 2.512638 49.0265792, 2.512132 49.026571, 2.5119837 49.0265575, 2.5119566 49.0264904, 2.5116892 49.0265125, 2.5112466 49.026363, 2.5110203 49.02601, 2.510816 49.0260516, 2.5105855 49.0262716, 2.5100756 49.0266109, 2.5098759 49.026577, 2.5096791 49.0265364, 2.5094855 49.0264892, 2.5092958 49.0264356, 2.5091102 49.0263758, 2.5089293 49.0263098, 2.5087536 49.0262378, 2.5085834 49.02616, 2.5084193 49.0260767, 2.5082616 49.0259879, 2.5081106 49.0258939, 2.5079669 49.025795, 2.5078307 49.0256915, 2.5076578 49.0255531, 2.5069949 49.0250228, 2.5068151 49.0248926, 2.5067071 49.0248259, 2.5065939 49.0247632, 2.5064757 49.0247048, 2.5063529 49.0246508, 2.506226 49.0246013, 2.5060953 49.0245565, 2.5038564 49.0244533, 2.5014775 49.0243359, 2.4986658 49.0241915, 2.4976114 49.0225424, 2.4938821 49.016707, 2.4936038 49.0162263, 2.4933449 49.0157325, 2.4931207 49.015206, 2.4911452 49.0100741, 2.491202 49.0100221, 2.4923742 49.009777, 2.4938521 49.0094679, 2.4944729 49.0093381, 2.4951016 49.0091665, 2.4966191 49.0086445, 2.4970587 49.0084018, 2.4982039 49.0077092, 2.4985712 49.0075443, 2.4996408 49.0074391, 2.4999793 49.0073907, 2.5004403 49.0072933, 2.5013635 49.007066, 2.5018534 49.0069236, 2.5018927 49.0069792, 2.5023487 49.0068358, 2.5026581 49.0067699, 2.5033101 49.0065494, 2.5043619 49.006197, 2.5049593 49.0059973, 2.505359 49.005864, 2.5054192 49.0058675, 2.5054391 49.0057746, 2.5065264 49.0051953, 2.5064257 49.0051071, 2.5079016 49.0043757, 2.5085443 49.0041507, 2.5089188 49.0044489, 2.5094105 49.0044274, 2.5096786 49.0047692, 2.509688 49.0048308, 2.5097631 49.0049346, 2.5100219 49.0050771, 2.5102352 49.0053182, 2.5114621 49.0066747, 2.5118528 49.0071018, 2.512653 49.0074747, 2.5138334 49.0078162, 2.51397 49.0091705, 2.5140968 49.0093535, 2.5151124 49.009007, 2.51508 49.0097147, 2.5150181 49.0100857, 2.5148409 49.0105946, 2.5149641 49.0106171, 2.5148518 49.010981, 2.5172488 49.0099122, 2.517514 49.0101689, 2.5190207 49.0096316, 2.5199846 49.0087957, 2.5204018 49.0088093, 2.5204476 49.0087133, 2.5204934 49.0086174, 2.5215384 49.0086757, 2.5215465 49.0086087, 2.5241513 49.0087485, 2.5240759 49.0083866, 2.5240032 49.0080404, 2.5239277 49.0077852, 2.5237599 49.0075211, 2.5235363 49.0073052, 2.5232409 49.0071158, 2.5227223 49.0069131, 2.5223236 49.006837, 2.5205258 49.0064919, 2.5211116 49.0063353, 2.5218868 49.0064857, 2.5221828 49.0063191, 2.5223381 49.0056457, 2.5222792 49.0047263, 2.5213408 49.0025975, 2.5198706 49.0004921, 2.518037 48.9981443, 2.5178762 48.9979815, 2.5172694 48.9974137, 2.5168307 48.9970624, 2.515963 48.9970735, 2.5158237 48.9971709, 2.515543 48.9972338, 2.5153673 48.9972663, 2.5151847 48.9972948, 2.5150702 48.9973039, 2.5149361 48.9973078, 2.5147833 48.997305, 2.5146571 48.997292, 2.5144799 48.9972669, 2.5143582 48.9972415, 2.5142122 48.9972024, 2.5141032 48.9971656, 2.513981 48.9971159, 2.5135814 48.9974848, 2.5135483 48.9973782, 2.5132652 48.9970963, 2.5131718 48.9964842, 2.5133452 48.9966174, 2.5133354 48.9963574, 2.5131283 48.9961896, 2.5133097 48.9955309, 2.5134694 48.9954485, 2.5136478 48.9953564, 2.5137722 48.9951597, 2.5137545 48.9949, 2.5137195 48.994655, 2.5134776 48.994098, 2.5134136 48.9940462, 2.512215 48.9913634, 2.5099656 48.9892761, 2.5108651 48.9893247, 2.512302 48.9908232, 2.5134589 48.9917775, 2.5144258 48.99225, 2.5151765 48.9924929, 2.515531 48.9925922, 2.5158693 48.9928524, 2.5163999 48.9932608, 2.516853 48.9930307, 2.5169743 48.993079, 2.5176046 48.9923911, 2.5176609 48.992285, 2.5186927 48.9911079, 2.5188735 48.9905817, 2.5193645 48.9891131, 2.5193671 48.9891064, 2.5196244 48.9883373, 2.5198142 48.9877701, 2.520095 48.9869174, 2.5207371 48.9853502, 2.5246052 48.9839833, 2.527642 48.9838655, 2.5315507 48.9837135, 2.5332548 48.9837062, 2.5354709 48.9836728, 2.5375768 48.9834369, 2.5390245 48.9832747, 2.5396686 48.9832025, 2.5399951 48.9831659, 2.5418528 48.9828919, 2.5428266 48.9828244, 2.5433582 48.9836882, 2.5440364 48.9848044, 2.5451427 48.9865915, 2.5451198 48.9867969, 2.545495 48.9874781, 2.5459718 48.9883432, 2.5460793 48.9886556, 2.5462373 48.9890086, 2.546616 48.9890427, 2.5467075 48.989278, 2.5470432 48.9880999, 2.547454 48.9894612, 2.5475722 48.989653, 2.5497148 48.9900674, 2.5497987 48.9900655, 2.549977 48.9900729, 2.5501163 48.9900786, 2.5506633 48.9900158, 2.5509431 48.989972, 2.5515237 48.9898716, 2.5520331 48.9897407, 2.5525343 48.9895965, 2.5526859 48.9895456, 2.5530312 48.9894296, 2.5532985 48.9893546, 2.5535262 48.9892926, 2.5538227 48.989224, 2.5540906 48.9891887, 2.5544849 48.989115, 2.5547508 48.9890738, 2.5551551 48.9890298, 2.5557025 48.9889981, 2.5558212 48.9889912, 2.5559086 48.9889895, 2.5559225 48.9889892, 2.5560079 48.9889887, 2.5562069 48.9889874, 2.5565679 48.9889783, 2.5569818 48.9890007, 2.5575224 48.9890605, 2.558087 48.9891461, 2.5585922 48.9892227, 2.5596181 48.9893281, 2.5598411 48.9893503, 2.560082 48.9893743, 2.5604851 48.9893957, 2.5607403 48.9894073, 2.561038 48.9894064, 2.5614478 48.9893971, 2.5624564 48.9893761, 2.5626368 48.9893803, 2.5629954 48.9893592, 2.5633408 48.9893553, 2.5638878 48.9893635, 2.564571 48.9893886, 2.5649854 48.9894097, 2.5652127 48.9894247, 2.565798 48.9894632, 2.5661082 48.9894803, 2.5666449 48.9895387, 2.5667965 48.9895552, 2.5670202 48.9895795, 2.567878 48.989685, 2.5684558 48.9897783, 2.5696679 48.9899992, 2.5699302 48.9899731, 2.5699968 48.9900769, 2.5722913 48.9906143, 2.5730723 48.9907899, 2.5740596 48.991029, 2.574399 48.9911218, 2.5752963 48.9913374, 2.5760441 48.9914982, 2.5763711 48.9915527, 2.576848 48.9916143, 2.5771844 48.9916504, 2.5778611 48.9917008, 2.5786071 48.9917324, 2.5792864 48.9917525, 2.5799659 48.9917593, 2.5806503 48.9917576, 2.5809083 48.9917376, 2.5817565 48.9917475, 2.5820231 48.9917777, 2.5822994 48.9917846, 2.5825751 48.991799, 2.5833606 48.9918672, 2.5839672 48.9919462, 2.5847563 48.9920568, 2.5851535 48.9921026, 2.5855813 48.9921263, 2.58601 48.9921369, 2.58699 48.9901183, 2.5877206 48.9901522, 2.58817 48.990173, 2.5906156 48.9902849, 2.5912279 48.9903124, 2.5925085 48.9903698, 2.5932105 48.9904011, 2.5962313 48.9905355, 2.599219 48.9906679, 2.5996702 48.9906879, 2.5998601 48.9906963, 2.6000667 48.9907054, 2.6002292 48.9907126, 2.601186 48.9907633, 2.6097791 48.9912266, 2.6097812 48.9912096, 2.6110831 48.9912965, 2.6112855 48.9913073, 2.6114062 48.9913138, 2.6150597 48.99147, 2.6151612 48.9912009, 2.6167363 48.991419, 2.6167355 48.9916087, 2.6183905 48.9917123, 2.6193783 48.991808, 2.6215466 48.9927442, 2.6221434 48.9934805, 2.622623 48.9941185, 2.6227918 48.9943661, 2.6234675 48.994965, 2.6269994 48.9952126, 2.6281681 48.9952947, 2.6313958 48.995552, 2.6341819 48.9958019, 2.6341824 48.9956604, 2.6342427 48.9956629, 2.6364539 48.9959933, 2.6374963 48.9939523, 2.6369763 48.9917093, 2.6352843 48.9912998, 2.6364646 48.9880307, 2.6367961 48.9881211, 2.6382841 48.9883419, 2.6397861 48.9886585, 2.6423353 48.9890953, 2.6428699 48.9892308, 2.6433815 48.9893965, 2.6444579 48.9897482, 2.6471176 48.9905212, 2.6489389 48.9909099, 2.6499404 48.9952845, 2.6464785 48.9966362, 2.64637 48.9965109, 2.6424245 48.9979901, 2.6419957 48.9980985, 2.6417528 48.998145, 2.6410666 48.9981766, 2.6361785 48.997775))",Number of parked airplanes, Time series of airport throughput at Aéroport Roissy Charles de Gaulle,RED,Aerospacelab SPRL,FR8,Archived
"49.006976345624935,2.559786183921451",FR,,Paris,Aéroport Roissy Charles de Gaulle,Airports: Throughput (archived),Count of airplanes on Sentinel-2 image,Sentinel-2,Sentinel 2 L2A,E13b2,2020-05-15T10:46:19,81.24253286,Average value for 2019,2019,100,"X in [92.92200219341512, 107.07799780658488] --> Normal, X < 92.92200219341512 --> Low, X > 107.07799780658488 --> High",Low,"POLYGON ((2.6361785 48.997775, 2.633425 48.9975045, 2.6325399 48.9973743, 2.6319927 48.9979268, 2.6325774 48.9987856, 2.6329154 49.0012351, 2.6327491 49.0016556, 2.6307455 49.0025108, 2.6304933 49.0023261, 2.6300186 49.0024316, 2.6297383 49.002531, 2.6296685 49.0025451, 2.6290544 49.0024536, 2.6283703 49.0023428, 2.6277427 49.0024836, 2.6275188 49.0026894, 2.62726 49.0029208, 2.6271419 49.0036642, 2.6269676 49.0038049, 2.6243007 49.0048694, 2.6205096 49.0065116, 2.615738 49.0084191, 2.6131944 49.0094278, 2.6125349 49.0096347, 2.6103181 49.0104714, 2.6095786 49.0110253, 2.6061153 49.0125479, 2.6048976 49.0130301, 2.6045028 49.0131864, 2.6040752 49.0133557, 2.6035848 49.0135499, 2.6033377 49.0136477, 2.6027146 49.0138945, 2.6003872 49.0148159, 2.6000187 49.0144438, 2.5995108 49.0146367, 2.5986351 49.0138303, 2.5983608 49.0137606, 2.5956284 49.0136822, 2.5938941 49.0134709, 2.5898444 49.0138444, 2.5877629 49.014365, 2.5863981 49.015291, 2.5841667 49.0183537, 2.5834579 49.0195713, 2.5841131 49.0218433, 2.5843296 49.0227807, 2.5851712 49.024207, 2.5848609 49.0246823, 2.584621 49.0250497, 2.5841449 49.0257781, 2.5836992 49.0264817, 2.5832988 49.0270969, 2.5831895 49.0272598, 2.582919 49.0276611, 2.582574 49.0275613, 2.5820716 49.027869, 2.5803459 49.0287112, 2.5802484 49.0287483, 2.5798227 49.0290117, 2.5792389 49.0293061, 2.5785789 49.0295845, 2.578003 49.0297885, 2.5774072 49.0299671, 2.5767943 49.0301209, 2.5759136 49.0302967, 2.5751176 49.0304168, 2.5744912 49.0304866, 2.5738413 49.0305442, 2.5729069 49.0305776, 2.5719752 49.0305805, 2.5709083 49.0305437, 2.5699754 49.0304802, 2.5685638 49.0303376, 2.5680279 49.0302649, 2.5673221 49.0301697, 2.5669905 49.0301156, 2.5659127 49.0299398, 2.5652126 49.0298256, 2.5630607 49.0294299, 2.5624106 49.0293104, 2.5623147 49.0292927, 2.5620652 49.0292573, 2.5618597 49.0292282, 2.5616981 49.0292052, 2.5615218 49.0291802, 2.5607287 49.0291249, 2.560513 49.0291099, 2.5601511 49.0290846, 2.559952 49.0290572, 2.5597873 49.0290345, 2.5596847 49.0290316, 2.5582797 49.028828, 2.5579207 49.0287766, 2.5577222 49.028754, 2.5574907 49.0287276, 2.5570178 49.0286738, 2.5565527 49.0286286, 2.5562917 49.0286032, 2.5560789 49.0285826, 2.5559092 49.0285661, 2.555718 49.0285475, 2.5554014 49.0285167, 2.554542 49.0284215, 2.5536921 49.0282804, 2.5535492 49.0282563, 2.5527435 49.0281204, 2.5517804 49.0280064, 2.5508078 49.027939, 2.5498788 49.027922, 2.5489445 49.027924, 2.5475567 49.027927, 2.5473371 49.0279274, 2.5468981 49.0279284, 2.5463875 49.0279295, 2.5459325 49.0279247, 2.5456265 49.0279171, 2.5453209 49.0279046, 2.5450158 49.0278871, 2.5444016 49.027831, 2.543793 49.0277519, 2.5428009 49.0276036, 2.5420759 49.0274958, 2.5421888 49.0272683, 2.5411422 49.0270891, 2.5411553 49.0269906, 2.5401995 49.0268665, 2.5392404 49.0268573, 2.5384647 49.0269056, 2.5377463 49.0270183, 2.5374958 49.0269245, 2.5371712 49.0263793, 2.5362716 49.0265224, 2.5358211 49.0266341, 2.5355136 49.0267733, 2.5348033 49.026535, 2.534489 49.0265253, 2.5341564 49.0267364, 2.5332541 49.0267663, 2.5326102 49.0270748, 2.5323741 49.0270155, 2.5321575 49.0274748, 2.5319127 49.0275965, 2.5315125 49.0279824, 2.5312506 49.0280632, 2.5309298 49.028178, 2.5305151 49.0282625, 2.5302587 49.0283053, 2.5296423 49.0283602, 2.5294165 49.0283723, 2.5290354 49.0283812, 2.5283592 49.0283537, 2.5271203 49.028214, 2.5269736 49.0281975, 2.5267925 49.0281771, 2.5265697 49.0281519, 2.5261631 49.0281147, 2.5250465 49.028014, 2.5231622 49.0277919, 2.5196222 49.0273305, 2.5189217 49.0272276, 2.5179381 49.0270771, 2.5174651 49.0268636, 2.5174053 49.0269938, 2.5170445 49.0269382, 2.5158532 49.0267772, 2.5155167 49.0267383, 2.515156 49.0266996, 2.514497 49.0266408, 2.5140704 49.0266116, 2.513716 49.0265933, 2.5134809 49.0265842, 2.5131994 49.026579, 2.512638 49.0265792, 2.512132 49.026571, 2.5119837 49.0265575, 2.5119566 49.0264904, 2.5116892 49.0265125, 2.5112466 49.026363, 2.5110203 49.02601, 2.510816 49.0260516, 2.5105855 49.0262716, 2.5100756 49.0266109, 2.5098759 49.026577, 2.5096791 49.0265364, 2.5094855 49.0264892, 2.5092958 49.0264356, 2.5091102 49.0263758, 2.5089293 49.0263098, 2.5087536 49.0262378, 2.5085834 49.02616, 2.5084193 49.0260767, 2.5082616 49.0259879, 2.5081106 49.0258939, 2.5079669 49.025795, 2.5078307 49.0256915, 2.5076578 49.0255531, 2.5069949 49.0250228, 2.5068151 49.0248926, 2.5067071 49.0248259, 2.5065939 49.0247632, 2.5064757 49.0247048, 2.5063529 49.0246508, 2.506226 49.0246013, 2.5060953 49.0245565, 2.5038564 49.0244533, 2.5014775 49.0243359, 2.4986658 49.0241915, 2.4976114 49.0225424, 2.4938821 49.016707, 2.4936038 49.0162263, 2.4933449 49.0157325, 2.4931207 49.015206, 2.4911452 49.0100741, 2.491202 49.0100221, 2.4923742 49.009777, 2.4938521 49.0094679, 2.4944729 49.0093381, 2.4951016 49.0091665, 2.4966191 49.0086445, 2.4970587 49.0084018, 2.4982039 49.0077092, 2.4985712 49.0075443, 2.4996408 49.0074391, 2.4999793 49.0073907, 2.5004403 49.0072933, 2.5013635 49.007066, 2.5018534 49.0069236, 2.5018927 49.0069792, 2.5023487 49.0068358, 2.5026581 49.0067699, 2.5033101 49.0065494, 2.5043619 49.006197, 2.5049593 49.0059973, 2.505359 49.005864, 2.5054192 49.0058675, 2.5054391 49.0057746, 2.5065264 49.0051953, 2.5064257 49.0051071, 2.5079016 49.0043757, 2.5085443 49.0041507, 2.5089188 49.0044489, 2.5094105 49.0044274, 2.5096786 49.0047692, 2.509688 49.0048308, 2.5097631 49.0049346, 2.5100219 49.0050771, 2.5102352 49.0053182, 2.5114621 49.0066747, 2.5118528 49.0071018, 2.512653 49.0074747, 2.5138334 49.0078162, 2.51397 49.0091705, 2.5140968 49.0093535, 2.5151124 49.009007, 2.51508 49.0097147, 2.5150181 49.0100857, 2.5148409 49.0105946, 2.5149641 49.0106171, 2.5148518 49.010981, 2.5172488 49.0099122, 2.517514 49.0101689, 2.5190207 49.0096316, 2.5199846 49.0087957, 2.5204018 49.0088093, 2.5204476 49.0087133, 2.5204934 49.0086174, 2.5215384 49.0086757, 2.5215465 49.0086087, 2.5241513 49.0087485, 2.5240759 49.0083866, 2.5240032 49.0080404, 2.5239277 49.0077852, 2.5237599 49.0075211, 2.5235363 49.0073052, 2.5232409 49.0071158, 2.5227223 49.0069131, 2.5223236 49.006837, 2.5205258 49.0064919, 2.5211116 49.0063353, 2.5218868 49.0064857, 2.5221828 49.0063191, 2.5223381 49.0056457, 2.5222792 49.0047263, 2.5213408 49.0025975, 2.5198706 49.0004921, 2.518037 48.9981443, 2.5178762 48.9979815, 2.5172694 48.9974137, 2.5168307 48.9970624, 2.515963 48.9970735, 2.5158237 48.9971709, 2.515543 48.9972338, 2.5153673 48.9972663, 2.5151847 48.9972948, 2.5150702 48.9973039, 2.5149361 48.9973078, 2.5147833 48.997305, 2.5146571 48.997292, 2.5144799 48.9972669, 2.5143582 48.9972415, 2.5142122 48.9972024, 2.5141032 48.9971656, 2.513981 48.9971159, 2.5135814 48.9974848, 2.5135483 48.9973782, 2.5132652 48.9970963, 2.5131718 48.9964842, 2.5133452 48.9966174, 2.5133354 48.9963574, 2.5131283 48.9961896, 2.5133097 48.9955309, 2.5134694 48.9954485, 2.5136478 48.9953564, 2.5137722 48.9951597, 2.5137545 48.9949, 2.5137195 48.994655, 2.5134776 48.994098, 2.5134136 48.9940462, 2.512215 48.9913634, 2.5099656 48.9892761, 2.5108651 48.9893247, 2.512302 48.9908232, 2.5134589 48.9917775, 2.5144258 48.99225, 2.5151765 48.9924929, 2.515531 48.9925922, 2.5158693 48.9928524, 2.5163999 48.9932608, 2.516853 48.9930307, 2.5169743 48.993079, 2.5176046 48.9923911, 2.5176609 48.992285, 2.5186927 48.9911079, 2.5188735 48.9905817, 2.5193645 48.9891131, 2.5193671 48.9891064, 2.5196244 48.9883373, 2.5198142 48.9877701, 2.520095 48.9869174, 2.5207371 48.9853502, 2.5246052 48.9839833, 2.527642 48.9838655, 2.5315507 48.9837135, 2.5332548 48.9837062, 2.5354709 48.9836728, 2.5375768 48.9834369, 2.5390245 48.9832747, 2.5396686 48.9832025, 2.5399951 48.9831659, 2.5418528 48.9828919, 2.5428266 48.9828244, 2.5433582 48.9836882, 2.5440364 48.9848044, 2.5451427 48.9865915, 2.5451198 48.9867969, 2.545495 48.9874781, 2.5459718 48.9883432, 2.5460793 48.9886556, 2.5462373 48.9890086, 2.546616 48.9890427, 2.5467075 48.989278, 2.5470432 48.9880999, 2.547454 48.9894612, 2.5475722 48.989653, 2.5497148 48.9900674, 2.5497987 48.9900655, 2.549977 48.9900729, 2.5501163 48.9900786, 2.5506633 48.9900158, 2.5509431 48.989972, 2.5515237 48.9898716, 2.5520331 48.9897407, 2.5525343 48.9895965, 2.5526859 48.9895456, 2.5530312 48.9894296, 2.5532985 48.9893546, 2.5535262 48.9892926, 2.5538227 48.989224, 2.5540906 48.9891887, 2.5544849 48.989115, 2.5547508 48.9890738, 2.5551551 48.9890298, 2.5557025 48.9889981, 2.5558212 48.9889912, 2.5559086 48.9889895, 2.5559225 48.9889892, 2.5560079 48.9889887, 2.5562069 48.9889874, 2.5565679 48.9889783, 2.5569818 48.9890007, 2.5575224 48.9890605, 2.558087 48.9891461, 2.5585922 48.9892227, 2.5596181 48.9893281, 2.5598411 48.9893503, 2.560082 48.9893743, 2.5604851 48.9893957, 2.5607403 48.9894073, 2.561038 48.9894064, 2.5614478 48.9893971, 2.5624564 48.9893761, 2.5626368 48.9893803, 2.5629954 48.9893592, 2.5633408 48.9893553, 2.5638878 48.9893635, 2.564571 48.9893886, 2.5649854 48.9894097, 2.5652127 48.9894247, 2.565798 48.9894632, 2.5661082 48.9894803, 2.5666449 48.9895387, 2.5667965 48.9895552, 2.5670202 48.9895795, 2.567878 48.989685, 2.5684558 48.9897783, 2.5696679 48.9899992, 2.5699302 48.9899731, 2.5699968 48.9900769, 2.5722913 48.9906143, 2.5730723 48.9907899, 2.5740596 48.991029, 2.574399 48.9911218, 2.5752963 48.9913374, 2.5760441 48.9914982, 2.5763711 48.9915527, 2.576848 48.9916143, 2.5771844 48.9916504, 2.5778611 48.9917008, 2.5786071 48.9917324, 2.5792864 48.9917525, 2.5799659 48.9917593, 2.5806503 48.9917576, 2.5809083 48.9917376, 2.5817565 48.9917475, 2.5820231 48.9917777, 2.5822994 48.9917846, 2.5825751 48.991799, 2.5833606 48.9918672, 2.5839672 48.9919462, 2.5847563 48.9920568, 2.5851535 48.9921026, 2.5855813 48.9921263, 2.58601 48.9921369, 2.58699 48.9901183, 2.5877206 48.9901522, 2.58817 48.990173, 2.5906156 48.9902849, 2.5912279 48.9903124, 2.5925085 48.9903698, 2.5932105 48.9904011, 2.5962313 48.9905355, 2.599219 48.9906679, 2.5996702 48.9906879, 2.5998601 48.9906963, 2.6000667 48.9907054, 2.6002292 48.9907126, 2.601186 48.9907633, 2.6097791 48.9912266, 2.6097812 48.9912096, 2.6110831 48.9912965, 2.6112855 48.9913073, 2.6114062 48.9913138, 2.6150597 48.99147, 2.6151612 48.9912009, 2.6167363 48.991419, 2.6167355 48.9916087, 2.6183905 48.9917123, 2.6193783 48.991808, 2.6215466 48.9927442, 2.6221434 48.9934805, 2.622623 48.9941185, 2.6227918 48.9943661, 2.6234675 48.994965, 2.6269994 48.9952126, 2.6281681 48.9952947, 2.6313958 48.995552, 2.6341819 48.9958019, 2.6341824 48.9956604, 2.6342427 48.9956629, 2.6364539 48.9959933, 2.6374963 48.9939523, 2.6369763 48.9917093, 2.6352843 48.9912998, 2.6364646 48.9880307, 2.6367961 48.9881211, 2.6382841 48.9883419, 2.6397861 48.9886585, 2.6423353 48.9890953, 2.6428699 48.9892308, 2.6433815 48.9893965, 2.6444579 48.9897482, 2.6471176 48.9905212, 2.6489389 48.9909099, 2.6499404 48.9952845, 2.6464785 48.9966362, 2.64637 48.9965109, 2.6424245 48.9979901, 2.6419957 48.9980985, 2.6417528 48.998145, 2.6410666 48.9981766, 2.6361785 48.997775))",Number of parked airplanes, Time series of airport throughput at Aéroport Roissy Charles de Gaulle,GREEN,Aerospacelab SPRL,FR8,Archived
"49.006976345624935,2.559786183921451",FR,,Paris,Aéroport Roissy Charles de Gaulle,Airports: Throughput (archived),Count of airplanes on Sentinel-2 image,Sentinel-2,Sentinel 2 L2A,E13b2,2020-05-18T10:56:19,96.53524492,Average value for 2019,2019,100,"X in [92.92200219341512, 107.07799780658488] --> Normal, X < 92.92200219341512 --> Low, X > 107.07799780658488 --> High",Normal,"POLYGON ((2.6361785 48.997775, 2.633425 48.9975045, 2.6325399 48.9973743, 2.6319927 48.9979268, 2.6325774 48.9987856, 2.6329154 49.0012351, 2.6327491 49.0016556, 2.6307455 49.0025108, 2.6304933 49.0023261, 2.6300186 49.0024316, 2.6297383 49.002531, 2.6296685 49.0025451, 2.6290544 49.0024536, 2.6283703 49.0023428, 2.6277427 49.0024836, 2.6275188 49.0026894, 2.62726 49.0029208, 2.6271419 49.0036642, 2.6269676 49.0038049, 2.6243007 49.0048694, 2.6205096 49.0065116, 2.615738 49.0084191, 2.6131944 49.0094278, 2.6125349 49.0096347, 2.6103181 49.0104714, 2.6095786 49.0110253, 2.6061153 49.0125479, 2.6048976 49.0130301, 2.6045028 49.0131864, 2.6040752 49.0133557, 2.6035848 49.0135499, 2.6033377 49.0136477, 2.6027146 49.0138945, 2.6003872 49.0148159, 2.6000187 49.0144438, 2.5995108 49.0146367, 2.5986351 49.0138303, 2.5983608 49.0137606, 2.5956284 49.0136822, 2.5938941 49.0134709, 2.5898444 49.0138444, 2.5877629 49.014365, 2.5863981 49.015291, 2.5841667 49.0183537, 2.5834579 49.0195713, 2.5841131 49.0218433, 2.5843296 49.0227807, 2.5851712 49.024207, 2.5848609 49.0246823, 2.584621 49.0250497, 2.5841449 49.0257781, 2.5836992 49.0264817, 2.5832988 49.0270969, 2.5831895 49.0272598, 2.582919 49.0276611, 2.582574 49.0275613, 2.5820716 49.027869, 2.5803459 49.0287112, 2.5802484 49.0287483, 2.5798227 49.0290117, 2.5792389 49.0293061, 2.5785789 49.0295845, 2.578003 49.0297885, 2.5774072 49.0299671, 2.5767943 49.0301209, 2.5759136 49.0302967, 2.5751176 49.0304168, 2.5744912 49.0304866, 2.5738413 49.0305442, 2.5729069 49.0305776, 2.5719752 49.0305805, 2.5709083 49.0305437, 2.5699754 49.0304802, 2.5685638 49.0303376, 2.5680279 49.0302649, 2.5673221 49.0301697, 2.5669905 49.0301156, 2.5659127 49.0299398, 2.5652126 49.0298256, 2.5630607 49.0294299, 2.5624106 49.0293104, 2.5623147 49.0292927, 2.5620652 49.0292573, 2.5618597 49.0292282, 2.5616981 49.0292052, 2.5615218 49.0291802, 2.5607287 49.0291249, 2.560513 49.0291099, 2.5601511 49.0290846, 2.559952 49.0290572, 2.5597873 49.0290345, 2.5596847 49.0290316, 2.5582797 49.028828, 2.5579207 49.0287766, 2.5577222 49.028754, 2.5574907 49.0287276, 2.5570178 49.0286738, 2.5565527 49.0286286, 2.5562917 49.0286032, 2.5560789 49.0285826, 2.5559092 49.0285661, 2.555718 49.0285475, 2.5554014 49.0285167, 2.554542 49.0284215, 2.5536921 49.0282804, 2.5535492 49.0282563, 2.5527435 49.0281204, 2.5517804 49.0280064, 2.5508078 49.027939, 2.5498788 49.027922, 2.5489445 49.027924, 2.5475567 49.027927, 2.5473371 49.0279274, 2.5468981 49.0279284, 2.5463875 49.0279295, 2.5459325 49.0279247, 2.5456265 49.0279171, 2.5453209 49.0279046, 2.5450158 49.0278871, 2.5444016 49.027831, 2.543793 49.0277519, 2.5428009 49.0276036, 2.5420759 49.0274958, 2.5421888 49.0272683, 2.5411422 49.0270891, 2.5411553 49.0269906, 2.5401995 49.0268665, 2.5392404 49.0268573, 2.5384647 49.0269056, 2.5377463 49.0270183, 2.5374958 49.0269245, 2.5371712 49.0263793, 2.5362716 49.0265224, 2.5358211 49.0266341, 2.5355136 49.0267733, 2.5348033 49.026535, 2.534489 49.0265253, 2.5341564 49.0267364, 2.5332541 49.0267663, 2.5326102 49.0270748, 2.5323741 49.0270155, 2.5321575 49.0274748, 2.5319127 49.0275965, 2.5315125 49.0279824, 2.5312506 49.0280632, 2.5309298 49.028178, 2.5305151 49.0282625, 2.5302587 49.0283053, 2.5296423 49.0283602, 2.5294165 49.0283723, 2.5290354 49.0283812, 2.5283592 49.0283537, 2.5271203 49.028214, 2.5269736 49.0281975, 2.5267925 49.0281771, 2.5265697 49.0281519, 2.5261631 49.0281147, 2.5250465 49.028014, 2.5231622 49.0277919, 2.5196222 49.0273305, 2.5189217 49.0272276, 2.5179381 49.0270771, 2.5174651 49.0268636, 2.5174053 49.0269938, 2.5170445 49.0269382, 2.5158532 49.0267772, 2.5155167 49.0267383, 2.515156 49.0266996, 2.514497 49.0266408, 2.5140704 49.0266116, 2.513716 49.0265933, 2.5134809 49.0265842, 2.5131994 49.026579, 2.512638 49.0265792, 2.512132 49.026571, 2.5119837 49.0265575, 2.5119566 49.0264904, 2.5116892 49.0265125, 2.5112466 49.026363, 2.5110203 49.02601, 2.510816 49.0260516, 2.5105855 49.0262716, 2.5100756 49.0266109, 2.5098759 49.026577, 2.5096791 49.0265364, 2.5094855 49.0264892, 2.5092958 49.0264356, 2.5091102 49.0263758, 2.5089293 49.0263098, 2.5087536 49.0262378, 2.5085834 49.02616, 2.5084193 49.0260767, 2.5082616 49.0259879, 2.5081106 49.0258939, 2.5079669 49.025795, 2.5078307 49.0256915, 2.5076578 49.0255531, 2.5069949 49.0250228, 2.5068151 49.0248926, 2.5067071 49.0248259, 2.5065939 49.0247632, 2.5064757 49.0247048, 2.5063529 49.0246508, 2.506226 49.0246013, 2.5060953 49.0245565, 2.5038564 49.0244533, 2.5014775 49.0243359, 2.4986658 49.0241915, 2.4976114 49.0225424, 2.4938821 49.016707, 2.4936038 49.0162263, 2.4933449 49.0157325, 2.4931207 49.015206, 2.4911452 49.0100741, 2.491202 49.0100221, 2.4923742 49.009777, 2.4938521 49.0094679, 2.4944729 49.0093381, 2.4951016 49.0091665, 2.4966191 49.0086445, 2.4970587 49.0084018, 2.4982039 49.0077092, 2.4985712 49.0075443, 2.4996408 49.0074391, 2.4999793 49.0073907, 2.5004403 49.0072933, 2.5013635 49.007066, 2.5018534 49.0069236, 2.5018927 49.0069792, 2.5023487 49.0068358, 2.5026581 49.0067699, 2.5033101 49.0065494, 2.5043619 49.006197, 2.5049593 49.0059973, 2.505359 49.005864, 2.5054192 49.0058675, 2.5054391 49.0057746, 2.5065264 49.0051953, 2.5064257 49.0051071, 2.5079016 49.0043757, 2.5085443 49.0041507, 2.5089188 49.0044489, 2.5094105 49.0044274, 2.5096786 49.0047692, 2.509688 49.0048308, 2.5097631 49.0049346, 2.5100219 49.0050771, 2.5102352 49.0053182, 2.5114621 49.0066747, 2.5118528 49.0071018, 2.512653 49.0074747, 2.5138334 49.0078162, 2.51397 49.0091705, 2.5140968 49.0093535, 2.5151124 49.009007, 2.51508 49.0097147, 2.5150181 49.0100857, 2.5148409 49.0105946, 2.5149641 49.0106171, 2.5148518 49.010981, 2.5172488 49.0099122, 2.517514 49.0101689, 2.5190207 49.0096316, 2.5199846 49.0087957, 2.5204018 49.0088093, 2.5204476 49.0087133, 2.5204934 49.0086174, 2.5215384 49.0086757, 2.5215465 49.0086087, 2.5241513 49.0087485, 2.5240759 49.0083866, 2.5240032 49.0080404, 2.5239277 49.0077852, 2.5237599 49.0075211, 2.5235363 49.0073052, 2.5232409 49.0071158, 2.5227223 49.0069131, 2.5223236 49.006837, 2.5205258 49.0064919, 2.5211116 49.0063353, 2.5218868 49.0064857, 2.5221828 49.0063191, 2.5223381 49.0056457, 2.5222792 49.0047263, 2.5213408 49.0025975, 2.5198706 49.0004921, 2.518037 48.9981443, 2.5178762 48.9979815, 2.5172694 48.9974137, 2.5168307 48.9970624, 2.515963 48.9970735, 2.5158237 48.9971709, 2.515543 48.9972338, 2.5153673 48.9972663, 2.5151847 48.9972948, 2.5150702 48.9973039, 2.5149361 48.9973078, 2.5147833 48.997305, 2.5146571 48.997292, 2.5144799 48.9972669, 2.5143582 48.9972415, 2.5142122 48.9972024, 2.5141032 48.9971656, 2.513981 48.9971159, 2.5135814 48.9974848, 2.5135483 48.9973782, 2.5132652 48.9970963, 2.5131718 48.9964842, 2.5133452 48.9966174, 2.5133354 48.9963574, 2.5131283 48.9961896, 2.5133097 48.9955309, 2.5134694 48.9954485, 2.5136478 48.9953564, 2.5137722 48.9951597, 2.5137545 48.9949, 2.5137195 48.994655, 2.5134776 48.994098, 2.5134136 48.9940462, 2.512215 48.9913634, 2.5099656 48.9892761, 2.5108651 48.9893247, 2.512302 48.9908232, 2.5134589 48.9917775, 2.5144258 48.99225, 2.5151765 48.9924929, 2.515531 48.9925922, 2.5158693 48.9928524, 2.5163999 48.9932608, 2.516853 48.9930307, 2.5169743 48.993079, 2.5176046 48.9923911, 2.5176609 48.992285, 2.5186927 48.9911079, 2.5188735 48.9905817, 2.5193645 48.9891131, 2.5193671 48.9891064, 2.5196244 48.9883373, 2.5198142 48.9877701, 2.520095 48.9869174, 2.5207371 48.9853502, 2.5246052 48.9839833, 2.527642 48.9838655, 2.5315507 48.9837135, 2.5332548 48.9837062, 2.5354709 48.9836728, 2.5375768 48.9834369, 2.5390245 48.9832747, 2.5396686 48.9832025, 2.5399951 48.9831659, 2.5418528 48.9828919, 2.5428266 48.9828244, 2.5433582 48.9836882, 2.5440364 48.9848044, 2.5451427 48.9865915, 2.5451198 48.9867969, 2.545495 48.9874781, 2.5459718 48.9883432, 2.5460793 48.9886556, 2.5462373 48.9890086, 2.546616 48.9890427, 2.5467075 48.989278, 2.5470432 48.9880999, 2.547454 48.9894612, 2.5475722 48.989653, 2.5497148 48.9900674, 2.5497987 48.9900655, 2.549977 48.9900729, 2.5501163 48.9900786, 2.5506633 48.9900158, 2.5509431 48.989972, 2.5515237 48.9898716, 2.5520331 48.9897407, 2.5525343 48.9895965, 2.5526859 48.9895456, 2.5530312 48.9894296, 2.5532985 48.9893546, 2.5535262 48.9892926, 2.5538227 48.989224, 2.5540906 48.9891887, 2.5544849 48.989115, 2.5547508 48.9890738, 2.5551551 48.9890298, 2.5557025 48.9889981, 2.5558212 48.9889912, 2.5559086 48.9889895, 2.5559225 48.9889892, 2.5560079 48.9889887, 2.5562069 48.9889874, 2.5565679 48.9889783, 2.5569818 48.9890007, 2.5575224 48.9890605, 2.558087 48.9891461, 2.5585922 48.9892227, 2.5596181 48.9893281, 2.5598411 48.9893503, 2.560082 48.9893743, 2.5604851 48.9893957, 2.5607403 48.9894073, 2.561038 48.9894064, 2.5614478 48.9893971, 2.5624564 48.9893761, 2.5626368 48.9893803, 2.5629954 48.9893592, 2.5633408 48.9893553, 2.5638878 48.9893635, 2.564571 48.9893886, 2.5649854 48.9894097, 2.5652127 48.9894247, 2.565798 48.9894632, 2.5661082 48.9894803, 2.5666449 48.9895387, 2.5667965 48.9895552, 2.5670202 48.9895795, 2.567878 48.989685, 2.5684558 48.9897783, 2.5696679 48.9899992, 2.5699302 48.9899731, 2.5699968 48.9900769, 2.5722913 48.9906143, 2.5730723 48.9907899, 2.5740596 48.991029, 2.574399 48.9911218, 2.5752963 48.9913374, 2.5760441 48.9914982, 2.5763711 48.9915527, 2.576848 48.9916143, 2.5771844 48.9916504, 2.5778611 48.9917008, 2.5786071 48.9917324, 2.5792864 48.9917525, 2.5799659 48.9917593, 2.5806503 48.9917576, 2.5809083 48.9917376, 2.5817565 48.9917475, 2.5820231 48.9917777, 2.5822994 48.9917846, 2.5825751 48.991799, 2.5833606 48.9918672, 2.5839672 48.9919462, 2.5847563 48.9920568, 2.5851535 48.9921026, 2.5855813 48.9921263, 2.58601 48.9921369, 2.58699 48.9901183, 2.5877206 48.9901522, 2.58817 48.990173, 2.5906156 48.9902849, 2.5912279 48.9903124, 2.5925085 48.9903698, 2.5932105 48.9904011, 2.5962313 48.9905355, 2.599219 48.9906679, 2.5996702 48.9906879, 2.5998601 48.9906963, 2.6000667 48.9907054, 2.6002292 48.9907126, 2.601186 48.9907633, 2.6097791 48.9912266, 2.6097812 48.9912096, 2.6110831 48.9912965, 2.6112855 48.9913073, 2.6114062 48.9913138, 2.6150597 48.99147, 2.6151612 48.9912009, 2.6167363 48.991419, 2.6167355 48.9916087, 2.6183905 48.9917123, 2.6193783 48.991808, 2.6215466 48.9927442, 2.6221434 48.9934805, 2.622623 48.9941185, 2.6227918 48.9943661, 2.6234675 48.994965, 2.6269994 48.9952126, 2.6281681 48.9952947, 2.6313958 48.995552, 2.6341819 48.9958019, 2.6341824 48.9956604, 2.6342427 48.9956629, 2.6364539 48.9959933, 2.6374963 48.9939523, 2.6369763 48.9917093, 2.6352843 48.9912998, 2.6364646 48.9880307, 2.6367961 48.9881211, 2.6382841 48.9883419, 2.6397861 48.9886585, 2.6423353 48.9890953, 2.6428699 48.9892308, 2.6433815 48.9893965, 2.6444579 48.9897482, 2.6471176 48.9905212, 2.6489389 48.9909099, 2.6499404 48.9952845, 2.6464785 48.9966362, 2.64637 48.9965109, 2.6424245 48.9979901, 2.6419957 48.9980985, 2.6417528 48.998145, 2.6410666 48.9981766, 2.6361785 48.997775))",Number of parked airplanes, Time series of airport throughput at Aéroport Roissy Charles de Gaulle,BLUE,Aerospacelab SPRL,FR8,Archived
"49.006976345624935,2.559786183921451",FR,,Paris,Aéroport Roissy Charles de Gaulle,Airports: Throughput (archived),Count of airplanes on Sentinel-2 image,Sentinel-2,Sentinel 2 L2A,E13b2,2020-05-20T10:50:31,78.37514934,Average value for 2019,2019,100,"X in [92.92200219341512, 107.07799780658488] --> Normal, X < 92.92200219341512 --> Low, X > 107.07799780658488 --> High",Low,"POLYGON ((2.6361785 48.997775, 2.633425 48.9975045, 2.6325399 48.9973743, 2.6319927 48.9979268, 2.6325774 48.9987856, 2.6329154 49.0012351, 2.6327491 49.0016556, 2.6307455 49.0025108, 2.6304933 49.0023261, 2.6300186 49.0024316, 2.6297383 49.002531, 2.6296685 49.0025451, 2.6290544 49.0024536, 2.6283703 49.0023428, 2.6277427 49.0024836, 2.6275188 49.0026894, 2.62726 49.0029208, 2.6271419 49.0036642, 2.6269676 49.0038049, 2.6243007 49.0048694, 2.6205096 49.0065116, 2.615738 49.0084191, 2.6131944 49.0094278, 2.6125349 49.0096347, 2.6103181 49.0104714, 2.6095786 49.0110253, 2.6061153 49.0125479, 2.6048976 49.0130301, 2.6045028 49.0131864, 2.6040752 49.0133557, 2.6035848 49.0135499, 2.6033377 49.0136477, 2.6027146 49.0138945, 2.6003872 49.0148159, 2.6000187 49.0144438, 2.5995108 49.0146367, 2.5986351 49.0138303, 2.5983608 49.0137606, 2.5956284 49.0136822, 2.5938941 49.0134709, 2.5898444 49.0138444, 2.5877629 49.014365, 2.5863981 49.015291, 2.5841667 49.0183537, 2.5834579 49.0195713, 2.5841131 49.0218433, 2.5843296 49.0227807, 2.5851712 49.024207, 2.5848609 49.0246823, 2.584621 49.0250497, 2.5841449 49.0257781, 2.5836992 49.0264817, 2.5832988 49.0270969, 2.5831895 49.0272598, 2.582919 49.0276611, 2.582574 49.0275613, 2.5820716 49.027869, 2.5803459 49.0287112, 2.5802484 49.0287483, 2.5798227 49.0290117, 2.5792389 49.0293061, 2.5785789 49.0295845, 2.578003 49.0297885, 2.5774072 49.0299671, 2.5767943 49.0301209, 2.5759136 49.0302967, 2.5751176 49.0304168, 2.5744912 49.0304866, 2.5738413 49.0305442, 2.5729069 49.0305776, 2.5719752 49.0305805, 2.5709083 49.0305437, 2.5699754 49.0304802, 2.5685638 49.0303376, 2.5680279 49.0302649, 2.5673221 49.0301697, 2.5669905 49.0301156, 2.5659127 49.0299398, 2.5652126 49.0298256, 2.5630607 49.0294299, 2.5624106 49.0293104, 2.5623147 49.0292927, 2.5620652 49.0292573, 2.5618597 49.0292282, 2.5616981 49.0292052, 2.5615218 49.0291802, 2.5607287 49.0291249, 2.560513 49.0291099, 2.5601511 49.0290846, 2.559952 49.0290572, 2.5597873 49.0290345, 2.5596847 49.0290316, 2.5582797 49.028828, 2.5579207 49.0287766, 2.5577222 49.028754, 2.5574907 49.0287276, 2.5570178 49.0286738, 2.5565527 49.0286286, 2.5562917 49.0286032, 2.5560789 49.0285826, 2.5559092 49.0285661, 2.555718 49.0285475, 2.5554014 49.0285167, 2.554542 49.0284215, 2.5536921 49.0282804, 2.5535492 49.0282563, 2.5527435 49.0281204, 2.5517804 49.0280064, 2.5508078 49.027939, 2.5498788 49.027922, 2.5489445 49.027924, 2.5475567 49.027927, 2.5473371 49.0279274, 2.5468981 49.0279284, 2.5463875 49.0279295, 2.5459325 49.0279247, 2.5456265 49.0279171, 2.5453209 49.0279046, 2.5450158 49.0278871, 2.5444016 49.027831, 2.543793 49.0277519, 2.5428009 49.0276036, 2.5420759 49.0274958, 2.5421888 49.0272683, 2.5411422 49.0270891, 2.5411553 49.0269906, 2.5401995 49.0268665, 2.5392404 49.0268573, 2.5384647 49.0269056, 2.5377463 49.0270183, 2.5374958 49.0269245, 2.5371712 49.0263793, 2.5362716 49.0265224, 2.5358211 49.0266341, 2.5355136 49.0267733, 2.5348033 49.026535, 2.534489 49.0265253, 2.5341564 49.0267364, 2.5332541 49.0267663, 2.5326102 49.0270748, 2.5323741 49.0270155, 2.5321575 49.0274748, 2.5319127 49.0275965, 2.5315125 49.0279824, 2.5312506 49.0280632, 2.5309298 49.028178, 2.5305151 49.0282625, 2.5302587 49.0283053, 2.5296423 49.0283602, 2.5294165 49.0283723, 2.5290354 49.0283812, 2.5283592 49.0283537, 2.5271203 49.028214, 2.5269736 49.0281975, 2.5267925 49.0281771, 2.5265697 49.0281519, 2.5261631 49.0281147, 2.5250465 49.028014, 2.5231622 49.0277919, 2.5196222 49.0273305, 2.5189217 49.0272276, 2.5179381 49.0270771, 2.5174651 49.0268636, 2.5174053 49.0269938, 2.5170445 49.0269382, 2.5158532 49.0267772, 2.5155167 49.0267383, 2.515156 49.0266996, 2.514497 49.0266408, 2.5140704 49.0266116, 2.513716 49.0265933, 2.5134809 49.0265842, 2.5131994 49.026579, 2.512638 49.0265792, 2.512132 49.026571, 2.5119837 49.0265575, 2.5119566 49.0264904, 2.5116892 49.0265125, 2.5112466 49.026363, 2.5110203 49.02601, 2.510816 49.0260516, 2.5105855 49.0262716, 2.5100756 49.0266109, 2.5098759 49.026577, 2.5096791 49.0265364, 2.5094855 49.0264892, 2.5092958 49.0264356, 2.5091102 49.0263758, 2.5089293 49.0263098, 2.5087536 49.0262378, 2.5085834 49.02616, 2.5084193 49.0260767, 2.5082616 49.0259879, 2.5081106 49.0258939, 2.5079669 49.025795, 2.5078307 49.0256915, 2.5076578 49.0255531, 2.5069949 49.0250228, 2.5068151 49.0248926, 2.5067071 49.0248259, 2.5065939 49.0247632, 2.5064757 49.0247048, 2.5063529 49.0246508, 2.506226 49.0246013, 2.5060953 49.0245565, 2.5038564 49.0244533, 2.5014775 49.0243359, 2.4986658 49.0241915, 2.4976114 49.0225424, 2.4938821 49.016707, 2.4936038 49.0162263, 2.4933449 49.0157325, 2.4931207 49.015206, 2.4911452 49.0100741, 2.491202 49.0100221, 2.4923742 49.009777, 2.4938521 49.0094679, 2.4944729 49.0093381, 2.4951016 49.0091665, 2.4966191 49.0086445, 2.4970587 49.0084018, 2.4982039 49.0077092, 2.4985712 49.0075443, 2.4996408 49.0074391, 2.4999793 49.0073907, 2.5004403 49.0072933, 2.5013635 49.007066, 2.5018534 49.0069236, 2.5018927 49.0069792, 2.5023487 49.0068358, 2.5026581 49.0067699, 2.5033101 49.0065494, 2.5043619 49.006197, 2.5049593 49.0059973, 2.505359 49.005864, 2.5054192 49.0058675, 2.5054391 49.0057746, 2.5065264 49.0051953, 2.5064257 49.0051071, 2.5079016 49.0043757, 2.5085443 49.0041507, 2.5089188 49.0044489, 2.5094105 49.0044274, 2.5096786 49.0047692, 2.509688 49.0048308, 2.5097631 49.0049346, 2.5100219 49.0050771, 2.5102352 49.0053182, 2.5114621 49.0066747, 2.5118528 49.0071018, 2.512653 49.0074747, 2.5138334 49.0078162, 2.51397 49.0091705, 2.5140968 49.0093535, 2.5151124 49.009007, 2.51508 49.0097147, 2.5150181 49.0100857, 2.5148409 49.0105946, 2.5149641 49.0106171, 2.5148518 49.010981, 2.5172488 49.0099122, 2.517514 49.0101689, 2.5190207 49.0096316, 2.5199846 49.0087957, 2.5204018 49.0088093, 2.5204476 49.0087133, 2.5204934 49.0086174, 2.5215384 49.0086757, 2.5215465 49.0086087, 2.5241513 49.0087485, 2.5240759 49.0083866, 2.5240032 49.0080404, 2.5239277 49.0077852, 2.5237599 49.0075211, 2.5235363 49.0073052, 2.5232409 49.0071158, 2.5227223 49.0069131, 2.5223236 49.006837, 2.5205258 49.0064919, 2.5211116 49.0063353, 2.5218868 49.0064857, 2.5221828 49.0063191, 2.5223381 49.0056457, 2.5222792 49.0047263, 2.5213408 49.0025975, 2.5198706 49.0004921, 2.518037 48.9981443, 2.5178762 48.9979815, 2.5172694 48.9974137, 2.5168307 48.9970624, 2.515963 48.9970735, 2.5158237 48.9971709, 2.515543 48.9972338, 2.5153673 48.9972663, 2.5151847 48.9972948, 2.5150702 48.9973039, 2.5149361 48.9973078, 2.5147833 48.997305, 2.5146571 48.997292, 2.5144799 48.9972669, 2.5143582 48.9972415, 2.5142122 48.9972024, 2.5141032 48.9971656, 2.513981 48.9971159, 2.5135814 48.9974848, 2.5135483 48.9973782, 2.5132652 48.9970963, 2.5131718 48.9964842, 2.5133452 48.9966174, 2.5133354 48.9963574, 2.5131283 48.9961896, 2.5133097 48.9955309, 2.5134694 48.9954485, 2.5136478 48.9953564, 2.5137722 48.9951597, 2.5137545 48.9949, 2.5137195 48.994655, 2.5134776 48.994098, 2.5134136 48.9940462, 2.512215 48.9913634, 2.5099656 48.9892761, 2.5108651 48.9893247, 2.512302 48.9908232, 2.5134589 48.9917775, 2.5144258 48.99225, 2.5151765 48.9924929, 2.515531 48.9925922, 2.5158693 48.9928524, 2.5163999 48.9932608, 2.516853 48.9930307, 2.5169743 48.993079, 2.5176046 48.9923911, 2.5176609 48.992285, 2.5186927 48.9911079, 2.5188735 48.9905817, 2.5193645 48.9891131, 2.5193671 48.9891064, 2.5196244 48.9883373, 2.5198142 48.9877701, 2.520095 48.9869174, 2.5207371 48.9853502, 2.5246052 48.9839833, 2.527642 48.9838655, 2.5315507 48.9837135, 2.5332548 48.9837062, 2.5354709 48.9836728, 2.5375768 48.9834369, 2.5390245 48.9832747, 2.5396686 48.9832025, 2.5399951 48.9831659, 2.5418528 48.9828919, 2.5428266 48.9828244, 2.5433582 48.9836882, 2.5440364 48.9848044, 2.5451427 48.9865915, 2.5451198 48.9867969, 2.545495 48.9874781, 2.5459718 48.9883432, 2.5460793 48.9886556, 2.5462373 48.9890086, 2.546616 48.9890427, 2.5467075 48.989278, 2.5470432 48.9880999, 2.547454 48.9894612, 2.5475722 48.989653, 2.5497148 48.9900674, 2.5497987 48.9900655, 2.549977 48.9900729, 2.5501163 48.9900786, 2.5506633 48.9900158, 2.5509431 48.989972, 2.5515237 48.9898716, 2.5520331 48.9897407, 2.5525343 48.9895965, 2.5526859 48.9895456, 2.5530312 48.9894296, 2.5532985 48.9893546, 2.5535262 48.9892926, 2.5538227 48.989224, 2.5540906 48.9891887, 2.5544849 48.989115, 2.5547508 48.9890738, 2.5551551 48.9890298, 2.5557025 48.9889981, 2.5558212 48.9889912, 2.5559086 48.9889895, 2.5559225 48.9889892, 2.5560079 48.9889887, 2.5562069 48.9889874, 2.5565679 48.9889783, 2.5569818 48.9890007, 2.5575224 48.9890605, 2.558087 48.9891461, 2.5585922 48.9892227, 2.5596181 48.9893281, 2.5598411 48.9893503, 2.560082 48.9893743, 2.5604851 48.9893957, 2.5607403 48.9894073, 2.561038 48.9894064, 2.5614478 48.9893971, 2.5624564 48.9893761, 2.5626368 48.9893803, 2.5629954 48.9893592, 2.5633408 48.9893553, 2.5638878 48.9893635, 2.564571 48.9893886, 2.5649854 48.9894097, 2.5652127 48.9894247, 2.565798 48.9894632, 2.5661082 48.9894803, 2.5666449 48.9895387, 2.5667965 48.9895552, 2.5670202 48.9895795, 2.567878 48.989685, 2.5684558 48.9897783, 2.5696679 48.9899992, 2.5699302 48.9899731, 2.5699968 48.9900769, 2.5722913 48.9906143, 2.5730723 48.9907899, 2.5740596 48.991029, 2.574399 48.9911218, 2.5752963 48.9913374, 2.5760441 48.9914982, 2.5763711 48.9915527, 2.576848 48.9916143, 2.5771844 48.9916504, 2.5778611 48.9917008, 2.5786071 48.9917324, 2.5792864 48.9917525, 2.5799659 48.9917593, 2.5806503 48.9917576, 2.5809083 48.9917376, 2.5817565 48.9917475, 2.5820231 48.9917777, 2.5822994 48.9917846, 2.5825751 48.991799, 2.5833606 48.9918672, 2.5839672 48.9919462, 2.5847563 48.9920568, 2.5851535 48.9921026, 2.5855813 48.9921263, 2.58601 48.9921369, 2.58699 48.9901183, 2.5877206 48.9901522, 2.58817 48.990173, 2.5906156 48.9902849, 2.5912279 48.9903124, 2.5925085 48.9903698, 2.5932105 48.9904011, 2.5962313 48.9905355, 2.599219 48.9906679, 2.5996702 48.9906879, 2.5998601 48.9906963, 2.6000667 48.9907054, 2.6002292 48.9907126, 2.601186 48.9907633, 2.6097791 48.9912266, 2.6097812 48.9912096, 2.6110831 48.9912965, 2.6112855 48.9913073, 2.6114062 48.9913138, 2.6150597 48.99147, 2.6151612 48.9912009, 2.6167363 48.991419, 2.6167355 48.9916087, 2.6183905 48.9917123, 2.6193783 48.991808, 2.6215466 48.9927442, 2.6221434 48.9934805, 2.622623 48.9941185, 2.6227918 48.9943661, 2.6234675 48.994965, 2.6269994 48.9952126, 2.6281681 48.9952947, 2.6313958 48.995552, 2.6341819 48.9958019, 2.6341824 48.9956604, 2.6342427 48.9956629, 2.6364539 48.9959933, 2.6374963 48.9939523, 2.6369763 48.9917093, 2.6352843 48.9912998, 2.6364646 48.9880307, 2.6367961 48.9881211, 2.6382841 48.9883419, 2.6397861 48.9886585, 2.6423353 48.9890953, 2.6428699 48.9892308, 2.6433815 48.9893965, 2.6444579 48.9897482, 2.6471176 48.9905212, 2.6489389 48.9909099, 2.6499404 48.9952845, 2.6464785 48.9966362, 2.64637 48.9965109, 2.6424245 48.9979901, 2.6419957 48.9980985, 2.6417528 48.998145, 2.6410666 48.9981766, 2.6361785 48.997775))",Number of parked airplanes, Time series of airport throughput at Aéroport Roissy Charles de Gaulle,GREEN,Aerospacelab SPRL,FR8,Archived
"49.006976345624935,2.559786183921451",FR,,Paris,Aéroport Roissy Charles de Gaulle,Airports: Throughput (archived),Count of airplanes on Sentinel-2 image,Sentinel-2,Sentinel 2 L2A,E13b2,2020-05-28T10:56:19,90.8004779,Average value for 2019,2019,100,"X in [92.92200219341512, 107.07799780658488] --> Normal, X < 92.92200219341512 --> Low, X > 107.07799780658488 --> High",Low,"POLYGON ((2.6361785 48.997775, 2.633425 48.9975045, 2.6325399 48.9973743, 2.6319927 48.9979268, 2.6325774 48.9987856, 2.6329154 49.0012351, 2.6327491 49.0016556, 2.6307455 49.0025108, 2.6304933 49.0023261, 2.6300186 49.0024316, 2.6297383 49.002531, 2.6296685 49.0025451, 2.6290544 49.0024536, 2.6283703 49.0023428, 2.6277427 49.0024836, 2.6275188 49.0026894, 2.62726 49.0029208, 2.6271419 49.0036642, 2.6269676 49.0038049, 2.6243007 49.0048694, 2.6205096 49.0065116, 2.615738 49.0084191, 2.6131944 49.0094278, 2.6125349 49.0096347, 2.6103181 49.0104714, 2.6095786 49.0110253, 2.6061153 49.0125479, 2.6048976 49.0130301, 2.6045028 49.0131864, 2.6040752 49.0133557, 2.6035848 49.0135499, 2.6033377 49.0136477, 2.6027146 49.0138945, 2.6003872 49.0148159, 2.6000187 49.0144438, 2.5995108 49.0146367, 2.5986351 49.0138303, 2.5983608 49.0137606, 2.5956284 49.0136822, 2.5938941 49.0134709, 2.5898444 49.0138444, 2.5877629 49.014365, 2.5863981 49.015291, 2.5841667 49.0183537, 2.5834579 49.0195713, 2.5841131 49.0218433, 2.5843296 49.0227807, 2.5851712 49.024207, 2.5848609 49.0246823, 2.584621 49.0250497, 2.5841449 49.0257781, 2.5836992 49.0264817, 2.5832988 49.0270969, 2.5831895 49.0272598, 2.582919 49.0276611, 2.582574 49.0275613, 2.5820716 49.027869, 2.5803459 49.0287112, 2.5802484 49.0287483, 2.5798227 49.0290117, 2.5792389 49.0293061, 2.5785789 49.0295845, 2.578003 49.0297885, 2.5774072 49.0299671, 2.5767943 49.0301209, 2.5759136 49.0302967, 2.5751176 49.0304168, 2.5744912 49.0304866, 2.5738413 49.0305442, 2.5729069 49.0305776, 2.5719752 49.0305805, 2.5709083 49.0305437, 2.5699754 49.0304802, 2.5685638 49.0303376, 2.5680279 49.0302649, 2.5673221 49.0301697, 2.5669905 49.0301156, 2.5659127 49.0299398, 2.5652126 49.0298256, 2.5630607 49.0294299, 2.5624106 49.0293104, 2.5623147 49.0292927, 2.5620652 49.0292573, 2.5618597 49.0292282, 2.5616981 49.0292052, 2.5615218 49.0291802, 2.5607287 49.0291249, 2.560513 49.0291099, 2.5601511 49.0290846, 2.559952 49.0290572, 2.5597873 49.0290345, 2.5596847 49.0290316, 2.5582797 49.028828, 2.5579207 49.0287766, 2.5577222 49.028754, 2.5574907 49.0287276, 2.5570178 49.0286738, 2.5565527 49.0286286, 2.5562917 49.0286032, 2.5560789 49.0285826, 2.5559092 49.0285661, 2.555718 49.0285475, 2.5554014 49.0285167, 2.554542 49.0284215, 2.5536921 49.0282804, 2.5535492 49.0282563, 2.5527435 49.0281204, 2.5517804 49.0280064, 2.5508078 49.027939, 2.5498788 49.027922, 2.5489445 49.027924, 2.5475567 49.027927, 2.5473371 49.0279274, 2.5468981 49.0279284, 2.5463875 49.0279295, 2.5459325 49.0279247, 2.5456265 49.0279171, 2.5453209 49.0279046, 2.5450158 49.0278871, 2.5444016 49.027831, 2.543793 49.0277519, 2.5428009 49.0276036, 2.5420759 49.0274958, 2.5421888 49.0272683, 2.5411422 49.0270891, 2.5411553 49.0269906, 2.5401995 49.0268665, 2.5392404 49.0268573, 2.5384647 49.0269056, 2.5377463 49.0270183, 2.5374958 49.0269245, 2.5371712 49.0263793, 2.5362716 49.0265224, 2.5358211 49.0266341, 2.5355136 49.0267733, 2.5348033 49.026535, 2.534489 49.0265253, 2.5341564 49.0267364, 2.5332541 49.0267663, 2.5326102 49.0270748, 2.5323741 49.0270155, 2.5321575 49.0274748, 2.5319127 49.0275965, 2.5315125 49.0279824, 2.5312506 49.0280632, 2.5309298 49.028178, 2.5305151 49.0282625, 2.5302587 49.0283053, 2.5296423 49.0283602, 2.5294165 49.0283723, 2.5290354 49.0283812, 2.5283592 49.0283537, 2.5271203 49.028214, 2.5269736 49.0281975, 2.5267925 49.0281771, 2.5265697 49.0281519, 2.5261631 49.0281147, 2.5250465 49.028014, 2.5231622 49.0277919, 2.5196222 49.0273305, 2.5189217 49.0272276, 2.5179381 49.0270771, 2.5174651 49.0268636, 2.5174053 49.0269938, 2.5170445 49.0269382, 2.5158532 49.0267772, 2.5155167 49.0267383, 2.515156 49.0266996, 2.514497 49.0266408, 2.5140704 49.0266116, 2.513716 49.0265933, 2.5134809 49.0265842, 2.5131994 49.026579, 2.512638 49.0265792, 2.512132 49.026571, 2.5119837 49.0265575, 2.5119566 49.0264904, 2.5116892 49.0265125, 2.5112466 49.026363, 2.5110203 49.02601, 2.510816 49.0260516, 2.5105855 49.0262716, 2.5100756 49.0266109, 2.5098759 49.026577, 2.5096791 49.0265364, 2.5094855 49.0264892, 2.5092958 49.0264356, 2.5091102 49.0263758, 2.5089293 49.0263098, 2.5087536 49.0262378, 2.5085834 49.02616, 2.5084193 49.0260767, 2.5082616 49.0259879, 2.5081106 49.0258939, 2.5079669 49.025795, 2.5078307 49.0256915, 2.5076578 49.0255531, 2.5069949 49.0250228, 2.5068151 49.0248926, 2.5067071 49.0248259, 2.5065939 49.0247632, 2.5064757 49.0247048, 2.5063529 49.0246508, 2.506226 49.0246013, 2.5060953 49.0245565, 2.5038564 49.0244533, 2.5014775 49.0243359, 2.4986658 49.0241915, 2.4976114 49.0225424, 2.4938821 49.016707, 2.4936038 49.0162263, 2.4933449 49.0157325, 2.4931207 49.015206, 2.4911452 49.0100741, 2.491202 49.0100221, 2.4923742 49.009777, 2.4938521 49.0094679, 2.4944729 49.0093381, 2.4951016 49.0091665, 2.4966191 49.0086445, 2.4970587 49.0084018, 2.4982039 49.0077092, 2.4985712 49.0075443, 2.4996408 49.0074391, 2.4999793 49.0073907, 2.5004403 49.0072933, 2.5013635 49.007066, 2.5018534 49.0069236, 2.5018927 49.0069792, 2.5023487 49.0068358, 2.5026581 49.0067699, 2.5033101 49.0065494, 2.5043619 49.006197, 2.5049593 49.0059973, 2.505359 49.005864, 2.5054192 49.0058675, 2.5054391 49.0057746, 2.5065264 49.0051953, 2.5064257 49.0051071, 2.5079016 49.0043757, 2.5085443 49.0041507, 2.5089188 49.0044489, 2.5094105 49.0044274, 2.5096786 49.0047692, 2.509688 49.0048308, 2.5097631 49.0049346, 2.5100219 49.0050771, 2.5102352 49.0053182, 2.5114621 49.0066747, 2.5118528 49.0071018, 2.512653 49.0074747, 2.5138334 49.0078162, 2.51397 49.0091705, 2.5140968 49.0093535, 2.5151124 49.009007, 2.51508 49.0097147, 2.5150181 49.0100857, 2.5148409 49.0105946, 2.5149641 49.0106171, 2.5148518 49.010981, 2.5172488 49.0099122, 2.517514 49.0101689, 2.5190207 49.0096316, 2.5199846 49.0087957, 2.5204018 49.0088093, 2.5204476 49.0087133, 2.5204934 49.0086174, 2.5215384 49.0086757, 2.5215465 49.0086087, 2.5241513 49.0087485, 2.5240759 49.0083866, 2.5240032 49.0080404, 2.5239277 49.0077852, 2.5237599 49.0075211, 2.5235363 49.0073052, 2.5232409 49.0071158, 2.5227223 49.0069131, 2.5223236 49.006837, 2.5205258 49.0064919, 2.5211116 49.0063353, 2.5218868 49.0064857, 2.5221828 49.0063191, 2.5223381 49.0056457, 2.5222792 49.0047263, 2.5213408 49.0025975, 2.5198706 49.0004921, 2.518037 48.9981443, 2.5178762 48.9979815, 2.5172694 48.9974137, 2.5168307 48.9970624, 2.515963 48.9970735, 2.5158237 48.9971709, 2.515543 48.9972338, 2.5153673 48.9972663, 2.5151847 48.9972948, 2.5150702 48.9973039, 2.5149361 48.9973078, 2.5147833 48.997305, 2.5146571 48.997292, 2.5144799 48.9972669, 2.5143582 48.9972415, 2.5142122 48.9972024, 2.5141032 48.9971656, 2.513981 48.9971159, 2.5135814 48.9974848, 2.5135483 48.9973782, 2.5132652 48.9970963, 2.5131718 48.9964842, 2.5133452 48.9966174, 2.5133354 48.9963574, 2.5131283 48.9961896, 2.5133097 48.9955309, 2.5134694 48.9954485, 2.5136478 48.9953564, 2.5137722 48.9951597, 2.5137545 48.9949, 2.5137195 48.994655, 2.5134776 48.994098, 2.5134136 48.9940462, 2.512215 48.9913634, 2.5099656 48.9892761, 2.5108651 48.9893247, 2.512302 48.9908232, 2.5134589 48.9917775, 2.5144258 48.99225, 2.5151765 48.9924929, 2.515531 48.9925922, 2.5158693 48.9928524, 2.5163999 48.9932608, 2.516853 48.9930307, 2.5169743 48.993079, 2.5176046 48.9923911, 2.5176609 48.992285, 2.5186927 48.9911079, 2.5188735 48.9905817, 2.5193645 48.9891131, 2.5193671 48.9891064, 2.5196244 48.9883373, 2.5198142 48.9877701, 2.520095 48.9869174, 2.5207371 48.9853502, 2.5246052 48.9839833, 2.527642 48.9838655, 2.5315507 48.9837135, 2.5332548 48.9837062, 2.5354709 48.9836728, 2.5375768 48.9834369, 2.5390245 48.9832747, 2.5396686 48.9832025, 2.5399951 48.9831659, 2.5418528 48.9828919, 2.5428266 48.9828244, 2.5433582 48.9836882, 2.5440364 48.9848044, 2.5451427 48.9865915, 2.5451198 48.9867969, 2.545495 48.9874781, 2.5459718 48.9883432, 2.5460793 48.9886556, 2.5462373 48.9890086, 2.546616 48.9890427, 2.5467075 48.989278, 2.5470432 48.9880999, 2.547454 48.9894612, 2.5475722 48.989653, 2.5497148 48.9900674, 2.5497987 48.9900655, 2.549977 48.9900729, 2.5501163 48.9900786, 2.5506633 48.9900158, 2.5509431 48.989972, 2.5515237 48.9898716, 2.5520331 48.9897407, 2.5525343 48.9895965, 2.5526859 48.9895456, 2.5530312 48.9894296, 2.5532985 48.9893546, 2.5535262 48.9892926, 2.5538227 48.989224, 2.5540906 48.9891887, 2.5544849 48.989115, 2.5547508 48.9890738, 2.5551551 48.9890298, 2.5557025 48.9889981, 2.5558212 48.9889912, 2.5559086 48.9889895, 2.5559225 48.9889892, 2.5560079 48.9889887, 2.5562069 48.9889874, 2.5565679 48.9889783, 2.5569818 48.9890007, 2.5575224 48.9890605, 2.558087 48.9891461, 2.5585922 48.9892227, 2.5596181 48.9893281, 2.5598411 48.9893503, 2.560082 48.9893743, 2.5604851 48.9893957, 2.5607403 48.9894073, 2.561038 48.9894064, 2.5614478 48.9893971, 2.5624564 48.9893761, 2.5626368 48.9893803, 2.5629954 48.9893592, 2.5633408 48.9893553, 2.5638878 48.9893635, 2.564571 48.9893886, 2.5649854 48.9894097, 2.5652127 48.9894247, 2.565798 48.9894632, 2.5661082 48.9894803, 2.5666449 48.9895387, 2.5667965 48.9895552, 2.5670202 48.9895795, 2.567878 48.989685, 2.5684558 48.9897783, 2.5696679 48.9899992, 2.5699302 48.9899731, 2.5699968 48.9900769, 2.5722913 48.9906143, 2.5730723 48.9907899, 2.5740596 48.991029, 2.574399 48.9911218, 2.5752963 48.9913374, 2.5760441 48.9914982, 2.5763711 48.9915527, 2.576848 48.9916143, 2.5771844 48.9916504, 2.5778611 48.9917008, 2.5786071 48.9917324, 2.5792864 48.9917525, 2.5799659 48.9917593, 2.5806503 48.9917576, 2.5809083 48.9917376, 2.5817565 48.9917475, 2.5820231 48.9917777, 2.5822994 48.9917846, 2.5825751 48.991799, 2.5833606 48.9918672, 2.5839672 48.9919462, 2.5847563 48.9920568, 2.5851535 48.9921026, 2.5855813 48.9921263, 2.58601 48.9921369, 2.58699 48.9901183, 2.5877206 48.9901522, 2.58817 48.990173, 2.5906156 48.9902849, 2.5912279 48.9903124, 2.5925085 48.9903698, 2.5932105 48.9904011, 2.5962313 48.9905355, 2.599219 48.9906679, 2.5996702 48.9906879, 2.5998601 48.9906963, 2.6000667 48.9907054, 2.6002292 48.9907126, 2.601186 48.9907633, 2.6097791 48.9912266, 2.6097812 48.9912096, 2.6110831 48.9912965, 2.6112855 48.9913073, 2.6114062 48.9913138, 2.6150597 48.99147, 2.6151612 48.9912009, 2.6167363 48.991419, 2.6167355 48.9916087, 2.6183905 48.9917123, 2.6193783 48.991808, 2.6215466 48.9927442, 2.6221434 48.9934805, 2.622623 48.9941185, 2.6227918 48.9943661, 2.6234675 48.994965, 2.6269994 48.9952126, 2.6281681 48.9952947, 2.6313958 48.995552, 2.6341819 48.9958019, 2.6341824 48.9956604, 2.6342427 48.9956629, 2.6364539 48.9959933, 2.6374963 48.9939523, 2.6369763 48.9917093, 2.6352843 48.9912998, 2.6364646 48.9880307, 2.6367961 48.9881211, 2.6382841 48.9883419, 2.6397861 48.9886585, 2.6423353 48.9890953, 2.6428699 48.9892308, 2.6433815 48.9893965, 2.6444579 48.9897482, 2.6471176 48.9905212, 2.6489389 48.9909099, 2.6499404 48.9952845, 2.6464785 48.9966362, 2.64637 48.9965109, 2.6424245 48.9979901, 2.6419957 48.9980985, 2.6417528 48.998145, 2.6410666 48.9981766, 2.6361785 48.997775))",Number of parked airplanes, Time series of airport throughput at Aéroport Roissy Charles de Gaulle,GREEN,Aerospacelab SPRL,FR8,Archived
"49.006976345624935,2.559786183921451",FR,,Paris,Aéroport Roissy Charles de Gaulle,Airports: Throughput (archived),Count of airplanes on Sentinel-2 image,Sentinel-2,Sentinel 2 L2A,E13b2,2020-05-30T10:50:31,88.88888889,Average value for 2019,2019,100,"X in [92.92200219341512, 107.07799780658488] --> Normal, X < 92.92200219341512 --> Low, X > 107.07799780658488 --> High",Low,"POLYGON ((2.6361785 48.997775, 2.633425 48.9975045, 2.6325399 48.9973743, 2.6319927 48.9979268, 2.6325774 48.9987856, 2.6329154 49.0012351, 2.6327491 49.0016556, 2.6307455 49.0025108, 2.6304933 49.0023261, 2.6300186 49.0024316, 2.6297383 49.002531, 2.6296685 49.0025451, 2.6290544 49.0024536, 2.6283703 49.0023428, 2.6277427 49.0024836, 2.6275188 49.0026894, 2.62726 49.0029208, 2.6271419 49.0036642, 2.6269676 49.0038049, 2.6243007 49.0048694, 2.6205096 49.0065116, 2.615738 49.0084191, 2.6131944 49.0094278, 2.6125349 49.0096347, 2.6103181 49.0104714, 2.6095786 49.0110253, 2.6061153 49.0125479, 2.6048976 49.0130301, 2.6045028 49.0131864, 2.6040752 49.0133557, 2.6035848 49.0135499, 2.6033377 49.0136477, 2.6027146 49.0138945, 2.6003872 49.0148159, 2.6000187 49.0144438, 2.5995108 49.0146367, 2.5986351 49.0138303, 2.5983608 49.0137606, 2.5956284 49.0136822, 2.5938941 49.0134709, 2.5898444 49.0138444, 2.5877629 49.014365, 2.5863981 49.015291, 2.5841667 49.0183537, 2.5834579 49.0195713, 2.5841131 49.0218433, 2.5843296 49.0227807, 2.5851712 49.024207, 2.5848609 49.0246823, 2.584621 49.0250497, 2.5841449 49.0257781, 2.5836992 49.0264817, 2.5832988 49.0270969, 2.5831895 49.0272598, 2.582919 49.0276611, 2.582574 49.0275613, 2.5820716 49.027869, 2.5803459 49.0287112, 2.5802484 49.0287483, 2.5798227 49.0290117, 2.5792389 49.0293061, 2.5785789 49.0295845, 2.578003 49.0297885, 2.5774072 49.0299671, 2.5767943 49.0301209, 2.5759136 49.0302967, 2.5751176 49.0304168, 2.5744912 49.0304866, 2.5738413 49.0305442, 2.5729069 49.0305776, 2.5719752 49.0305805, 2.5709083 49.0305437, 2.5699754 49.0304802, 2.5685638 49.0303376, 2.5680279 49.0302649, 2.5673221 49.0301697, 2.5669905 49.0301156, 2.5659127 49.0299398, 2.5652126 49.0298256, 2.5630607 49.0294299, 2.5624106 49.0293104, 2.5623147 49.0292927, 2.5620652 49.0292573, 2.5618597 49.0292282, 2.5616981 49.0292052, 2.5615218 49.0291802, 2.5607287 49.0291249, 2.560513 49.0291099, 2.5601511 49.0290846, 2.559952 49.0290572, 2.5597873 49.0290345, 2.5596847 49.0290316, 2.5582797 49.028828, 2.5579207 49.0287766, 2.5577222 49.028754, 2.5574907 49.0287276, 2.5570178 49.0286738, 2.5565527 49.0286286, 2.5562917 49.0286032, 2.5560789 49.0285826, 2.5559092 49.0285661, 2.555718 49.0285475, 2.5554014 49.0285167, 2.554542 49.0284215, 2.5536921 49.0282804, 2.5535492 49.0282563, 2.5527435 49.0281204, 2.5517804 49.0280064, 2.5508078 49.027939, 2.5498788 49.027922, 2.5489445 49.027924, 2.5475567 49.027927, 2.5473371 49.0279274, 2.5468981 49.0279284, 2.5463875 49.0279295, 2.5459325 49.0279247, 2.5456265 49.0279171, 2.5453209 49.0279046, 2.5450158 49.0278871, 2.5444016 49.027831, 2.543793 49.0277519, 2.5428009 49.0276036, 2.5420759 49.0274958, 2.5421888 49.0272683, 2.5411422 49.0270891, 2.5411553 49.0269906, 2.5401995 49.0268665, 2.5392404 49.0268573, 2.5384647 49.0269056, 2.5377463 49.0270183, 2.5374958 49.0269245, 2.5371712 49.0263793, 2.5362716 49.0265224, 2.5358211 49.0266341, 2.5355136 49.0267733, 2.5348033 49.026535, 2.534489 49.0265253, 2.5341564 49.0267364, 2.5332541 49.0267663, 2.5326102 49.0270748, 2.5323741 49.0270155, 2.5321575 49.0274748, 2.5319127 49.0275965, 2.5315125 49.0279824, 2.5312506 49.0280632, 2.5309298 49.028178, 2.5305151 49.0282625, 2.5302587 49.0283053, 2.5296423 49.0283602, 2.5294165 49.0283723, 2.5290354 49.0283812, 2.5283592 49.0283537, 2.5271203 49.028214, 2.5269736 49.0281975, 2.5267925 49.0281771, 2.5265697 49.0281519, 2.5261631 49.0281147, 2.5250465 49.028014, 2.5231622 49.0277919, 2.5196222 49.0273305, 2.5189217 49.0272276, 2.5179381 49.0270771, 2.5174651 49.0268636, 2.5174053 49.0269938, 2.5170445 49.0269382, 2.5158532 49.0267772, 2.5155167 49.0267383, 2.515156 49.0266996, 2.514497 49.0266408, 2.5140704 49.0266116, 2.513716 49.0265933, 2.5134809 49.0265842, 2.5131994 49.026579, 2.512638 49.0265792, 2.512132 49.026571, 2.5119837 49.0265575, 2.5119566 49.0264904, 2.5116892 49.0265125, 2.5112466 49.026363, 2.5110203 49.02601, 2.510816 49.0260516, 2.5105855 49.0262716, 2.5100756 49.0266109, 2.5098759 49.026577, 2.5096791 49.0265364, 2.5094855 49.0264892, 2.5092958 49.0264356, 2.5091102 49.0263758, 2.5089293 49.0263098, 2.5087536 49.0262378, 2.5085834 49.02616, 2.5084193 49.0260767, 2.5082616 49.0259879, 2.5081106 49.0258939, 2.5079669 49.025795, 2.5078307 49.0256915, 2.5076578 49.0255531, 2.5069949 49.0250228, 2.5068151 49.0248926, 2.5067071 49.0248259, 2.5065939 49.0247632, 2.5064757 49.0247048, 2.5063529 49.0246508, 2.506226 49.0246013, 2.5060953 49.0245565, 2.5038564 49.0244533, 2.5014775 49.0243359, 2.4986658 49.0241915, 2.4976114 49.0225424, 2.4938821 49.016707, 2.4936038 49.0162263, 2.4933449 49.0157325, 2.4931207 49.015206, 2.4911452 49.0100741, 2.491202 49.0100221, 2.4923742 49.009777, 2.4938521 49.0094679, 2.4944729 49.0093381, 2.4951016 49.0091665, 2.4966191 49.0086445, 2.4970587 49.0084018, 2.4982039 49.0077092, 2.4985712 49.0075443, 2.4996408 49.0074391, 2.4999793 49.0073907, 2.5004403 49.0072933, 2.5013635 49.007066, 2.5018534 49.0069236, 2.5018927 49.0069792, 2.5023487 49.0068358, 2.5026581 49.0067699, 2.5033101 49.0065494, 2.5043619 49.006197, 2.5049593 49.0059973, 2.505359 49.005864, 2.5054192 49.0058675, 2.5054391 49.0057746, 2.5065264 49.0051953, 2.5064257 49.0051071, 2.5079016 49.0043757, 2.5085443 49.0041507, 2.5089188 49.0044489, 2.5094105 49.0044274, 2.5096786 49.0047692, 2.509688 49.0048308, 2.5097631 49.0049346, 2.5100219 49.0050771, 2.5102352 49.0053182, 2.5114621 49.0066747, 2.5118528 49.0071018, 2.512653 49.0074747, 2.5138334 49.0078162, 2.51397 49.0091705, 2.5140968 49.0093535, 2.5151124 49.009007, 2.51508 49.0097147, 2.5150181 49.0100857, 2.5148409 49.0105946, 2.5149641 49.0106171, 2.5148518 49.010981, 2.5172488 49.0099122, 2.517514 49.0101689, 2.5190207 49.0096316, 2.5199846 49.0087957, 2.5204018 49.0088093, 2.5204476 49.0087133, 2.5204934 49.0086174, 2.5215384 49.0086757, 2.5215465 49.0086087, 2.5241513 49.0087485, 2.5240759 49.0083866, 2.5240032 49.0080404, 2.5239277 49.0077852, 2.5237599 49.0075211, 2.5235363 49.0073052, 2.5232409 49.0071158, 2.5227223 49.0069131, 2.5223236 49.006837, 2.5205258 49.0064919, 2.5211116 49.0063353, 2.5218868 49.0064857, 2.5221828 49.0063191, 2.5223381 49.0056457, 2.5222792 49.0047263, 2.5213408 49.0025975, 2.5198706 49.0004921, 2.518037 48.9981443, 2.5178762 48.9979815, 2.5172694 48.9974137, 2.5168307 48.9970624, 2.515963 48.9970735, 2.5158237 48.9971709, 2.515543 48.9972338, 2.5153673 48.9972663, 2.5151847 48.9972948, 2.5150702 48.9973039, 2.5149361 48.9973078, 2.5147833 48.997305, 2.5146571 48.997292, 2.5144799 48.9972669, 2.5143582 48.9972415, 2.5142122 48.9972024, 2.5141032 48.9971656, 2.513981 48.9971159, 2.5135814 48.9974848, 2.5135483 48.9973782, 2.5132652 48.9970963, 2.5131718 48.9964842, 2.5133452 48.9966174, 2.5133354 48.9963574, 2.5131283 48.9961896, 2.5133097 48.9955309, 2.5134694 48.9954485, 2.5136478 48.9953564, 2.5137722 48.9951597, 2.5137545 48.9949, 2.5137195 48.994655, 2.5134776 48.994098, 2.5134136 48.9940462, 2.512215 48.9913634, 2.5099656 48.9892761, 2.5108651 48.9893247, 2.512302 48.9908232, 2.5134589 48.9917775, 2.5144258 48.99225, 2.5151765 48.9924929, 2.515531 48.9925922, 2.5158693 48.9928524, 2.5163999 48.9932608, 2.516853 48.9930307, 2.5169743 48.993079, 2.5176046 48.9923911, 2.5176609 48.992285, 2.5186927 48.9911079, 2.5188735 48.9905817, 2.5193645 48.9891131, 2.5193671 48.9891064, 2.5196244 48.9883373, 2.5198142 48.9877701, 2.520095 48.9869174, 2.5207371 48.9853502, 2.5246052 48.9839833, 2.527642 48.9838655, 2.5315507 48.9837135, 2.5332548 48.9837062, 2.5354709 48.9836728, 2.5375768 48.9834369, 2.5390245 48.9832747, 2.5396686 48.9832025, 2.5399951 48.9831659, 2.5418528 48.9828919, 2.5428266 48.9828244, 2.5433582 48.9836882, 2.5440364 48.9848044, 2.5451427 48.9865915, 2.5451198 48.9867969, 2.545495 48.9874781, 2.5459718 48.9883432, 2.5460793 48.9886556, 2.5462373 48.9890086, 2.546616 48.9890427, 2.5467075 48.989278, 2.5470432 48.9880999, 2.547454 48.9894612, 2.5475722 48.989653, 2.5497148 48.9900674, 2.5497987 48.9900655, 2.549977 48.9900729, 2.5501163 48.9900786, 2.5506633 48.9900158, 2.5509431 48.989972, 2.5515237 48.9898716, 2.5520331 48.9897407, 2.5525343 48.9895965, 2.5526859 48.9895456, 2.5530312 48.9894296, 2.5532985 48.9893546, 2.5535262 48.9892926, 2.5538227 48.989224, 2.5540906 48.9891887, 2.5544849 48.989115, 2.5547508 48.9890738, 2.5551551 48.9890298, 2.5557025 48.9889981, 2.5558212 48.9889912, 2.5559086 48.9889895, 2.5559225 48.9889892, 2.5560079 48.9889887, 2.5562069 48.9889874, 2.5565679 48.9889783, 2.5569818 48.9890007, 2.5575224 48.9890605, 2.558087 48.9891461, 2.5585922 48.9892227, 2.5596181 48.9893281, 2.5598411 48.9893503, 2.560082 48.9893743, 2.5604851 48.9893957, 2.5607403 48.9894073, 2.561038 48.9894064, 2.5614478 48.9893971, 2.5624564 48.9893761, 2.5626368 48.9893803, 2.5629954 48.9893592, 2.5633408 48.9893553, 2.5638878 48.9893635, 2.564571 48.9893886, 2.5649854 48.9894097, 2.5652127 48.9894247, 2.565798 48.9894632, 2.5661082 48.9894803, 2.5666449 48.9895387, 2.5667965 48.9895552, 2.5670202 48.9895795, 2.567878 48.989685, 2.5684558 48.9897783, 2.5696679 48.9899992, 2.5699302 48.9899731, 2.5699968 48.9900769, 2.5722913 48.9906143, 2.5730723 48.9907899, 2.5740596 48.991029, 2.574399 48.9911218, 2.5752963 48.9913374, 2.5760441 48.9914982, 2.5763711 48.9915527, 2.576848 48.9916143, 2.5771844 48.9916504, 2.5778611 48.9917008, 2.5786071 48.9917324, 2.5792864 48.9917525, 2.5799659 48.9917593, 2.5806503 48.9917576, 2.5809083 48.9917376, 2.5817565 48.9917475, 2.5820231 48.9917777, 2.5822994 48.9917846, 2.5825751 48.991799, 2.5833606 48.9918672, 2.5839672 48.9919462, 2.5847563 48.9920568, 2.5851535 48.9921026, 2.5855813 48.9921263, 2.58601 48.9921369, 2.58699 48.9901183, 2.5877206 48.9901522, 2.58817 48.990173, 2.5906156 48.9902849, 2.5912279 48.9903124, 2.5925085 48.9903698, 2.5932105 48.9904011, 2.5962313 48.9905355, 2.599219 48.9906679, 2.5996702 48.9906879, 2.5998601 48.9906963, 2.6000667 48.9907054, 2.6002292 48.9907126, 2.601186 48.9907633, 2.6097791 48.9912266, 2.6097812 48.9912096, 2.6110831 48.9912965, 2.6112855 48.9913073, 2.6114062 48.9913138, 2.6150597 48.99147, 2.6151612 48.9912009, 2.6167363 48.991419, 2.6167355 48.9916087, 2.6183905 48.9917123, 2.6193783 48.991808, 2.6215466 48.9927442, 2.6221434 48.9934805, 2.622623 48.9941185, 2.6227918 48.9943661, 2.6234675 48.994965, 2.6269994 48.9952126, 2.6281681 48.9952947, 2.6313958 48.995552, 2.6341819 48.9958019, 2.6341824 48.9956604, 2.6342427 48.9956629, 2.6364539 48.9959933, 2.6374963 48.9939523, 2.6369763 48.9917093, 2.6352843 48.9912998, 2.6364646 48.9880307, 2.6367961 48.9881211, 2.6382841 48.9883419, 2.6397861 48.9886585, 2.6423353 48.9890953, 2.6428699 48.9892308, 2.6433815 48.9893965, 2.6444579 48.9897482, 2.6471176 48.9905212, 2.6489389 48.9909099, 2.6499404 48.9952845, 2.6464785 48.9966362, 2.64637 48.9965109, 2.6424245 48.9979901, 2.6419957 48.9980985, 2.6417528 48.998145, 2.6410666 48.9981766, 2.6361785 48.997775))",Number of parked airplanes, Time series of airport throughput at Aéroport Roissy Charles de Gaulle,GREEN,Aerospacelab SPRL,FR8,Archived
"49.006976345624935,2.559786183921451",FR,,Paris,Aéroport Roissy Charles de Gaulle,Airports: Throughput (archived),Count of airplanes on Sentinel-2 image,Sentinel-2,Sentinel 2 L2A,E13b2,2020-06-02T10:56:31,88.88888889,Average value for 2019,2019,100,"X in [92.92200219341512, 107.07799780658488] --> Normal, X < 92.92200219341512 --> Low, X > 107.07799780658488 --> High",Low,"POLYGON ((2.6361785 48.997775, 2.633425 48.9975045, 2.6325399 48.9973743, 2.6319927 48.9979268, 2.6325774 48.9987856, 2.6329154 49.0012351, 2.6327491 49.0016556, 2.6307455 49.0025108, 2.6304933 49.0023261, 2.6300186 49.0024316, 2.6297383 49.002531, 2.6296685 49.0025451, 2.6290544 49.0024536, 2.6283703 49.0023428, 2.6277427 49.0024836, 2.6275188 49.0026894, 2.62726 49.0029208, 2.6271419 49.0036642, 2.6269676 49.0038049, 2.6243007 49.0048694, 2.6205096 49.0065116, 2.615738 49.0084191, 2.6131944 49.0094278, 2.6125349 49.0096347, 2.6103181 49.0104714, 2.6095786 49.0110253, 2.6061153 49.0125479, 2.6048976 49.0130301, 2.6045028 49.0131864, 2.6040752 49.0133557, 2.6035848 49.0135499, 2.6033377 49.0136477, 2.6027146 49.0138945, 2.6003872 49.0148159, 2.6000187 49.0144438, 2.5995108 49.0146367, 2.5986351 49.0138303, 2.5983608 49.0137606, 2.5956284 49.0136822, 2.5938941 49.0134709, 2.5898444 49.0138444, 2.5877629 49.014365, 2.5863981 49.015291, 2.5841667 49.0183537, 2.5834579 49.0195713, 2.5841131 49.0218433, 2.5843296 49.0227807, 2.5851712 49.024207, 2.5848609 49.0246823, 2.584621 49.0250497, 2.5841449 49.0257781, 2.5836992 49.0264817, 2.5832988 49.0270969, 2.5831895 49.0272598, 2.582919 49.0276611, 2.582574 49.0275613, 2.5820716 49.027869, 2.5803459 49.0287112, 2.5802484 49.0287483, 2.5798227 49.0290117, 2.5792389 49.0293061, 2.5785789 49.0295845, 2.578003 49.0297885, 2.5774072 49.0299671, 2.5767943 49.0301209, 2.5759136 49.0302967, 2.5751176 49.0304168, 2.5744912 49.0304866, 2.5738413 49.0305442, 2.5729069 49.0305776, 2.5719752 49.0305805, 2.5709083 49.0305437, 2.5699754 49.0304802, 2.5685638 49.0303376, 2.5680279 49.0302649, 2.5673221 49.0301697, 2.5669905 49.0301156, 2.5659127 49.0299398, 2.5652126 49.0298256, 2.5630607 49.0294299, 2.5624106 49.0293104, 2.5623147 49.0292927, 2.5620652 49.0292573, 2.5618597 49.0292282, 2.5616981 49.0292052, 2.5615218 49.0291802, 2.5607287 49.0291249, 2.560513 49.0291099, 2.5601511 49.0290846, 2.559952 49.0290572, 2.5597873 49.0290345, 2.5596847 49.0290316, 2.5582797 49.028828, 2.5579207 49.0287766, 2.5577222 49.028754, 2.5574907 49.0287276, 2.5570178 49.0286738, 2.5565527 49.0286286, 2.5562917 49.0286032, 2.5560789 49.0285826, 2.5559092 49.0285661, 2.555718 49.0285475, 2.5554014 49.0285167, 2.554542 49.0284215, 2.5536921 49.0282804, 2.5535492 49.0282563, 2.5527435 49.0281204, 2.5517804 49.0280064, 2.5508078 49.027939, 2.5498788 49.027922, 2.5489445 49.027924, 2.5475567 49.027927, 2.5473371 49.0279274, 2.5468981 49.0279284, 2.5463875 49.0279295, 2.5459325 49.0279247, 2.5456265 49.0279171, 2.5453209 49.0279046, 2.5450158 49.0278871, 2.5444016 49.027831, 2.543793 49.0277519, 2.5428009 49.0276036, 2.5420759 49.0274958, 2.5421888 49.0272683, 2.5411422 49.0270891, 2.5411553 49.0269906, 2.5401995 49.0268665, 2.5392404 49.0268573, 2.5384647 49.0269056, 2.5377463 49.0270183, 2.5374958 49.0269245, 2.5371712 49.0263793, 2.5362716 49.0265224, 2.5358211 49.0266341, 2.5355136 49.0267733, 2.5348033 49.026535, 2.534489 49.0265253, 2.5341564 49.0267364, 2.5332541 49.0267663, 2.5326102 49.0270748, 2.5323741 49.0270155, 2.5321575 49.0274748, 2.5319127 49.0275965, 2.5315125 49.0279824, 2.5312506 49.0280632, 2.5309298 49.028178, 2.5305151 49.0282625, 2.5302587 49.0283053, 2.5296423 49.0283602, 2.5294165 49.0283723, 2.5290354 49.0283812, 2.5283592 49.0283537, 2.5271203 49.028214, 2.5269736 49.0281975, 2.5267925 49.0281771, 2.5265697 49.0281519, 2.5261631 49.0281147, 2.5250465 49.028014, 2.5231622 49.0277919, 2.5196222 49.0273305, 2.5189217 49.0272276, 2.5179381 49.0270771, 2.5174651 49.0268636, 2.5174053 49.0269938, 2.5170445 49.0269382, 2.5158532 49.0267772, 2.5155167 49.0267383, 2.515156 49.0266996, 2.514497 49.0266408, 2.5140704 49.0266116, 2.513716 49.0265933, 2.5134809 49.0265842, 2.5131994 49.026579, 2.512638 49.0265792, 2.512132 49.026571, 2.5119837 49.0265575, 2.5119566 49.0264904, 2.5116892 49.0265125, 2.5112466 49.026363, 2.5110203 49.02601, 2.510816 49.0260516, 2.5105855 49.0262716, 2.5100756 49.0266109, 2.5098759 49.026577, 2.5096791 49.0265364, 2.5094855 49.0264892, 2.5092958 49.0264356, 2.5091102 49.0263758, 2.5089293 49.0263098, 2.5087536 49.0262378, 2.5085834 49.02616, 2.5084193 49.0260767, 2.5082616 49.0259879, 2.5081106 49.0258939, 2.5079669 49.025795, 2.5078307 49.0256915, 2.5076578 49.0255531, 2.5069949 49.0250228, 2.5068151 49.0248926, 2.5067071 49.0248259, 2.5065939 49.0247632, 2.5064757 49.0247048, 2.5063529 49.0246508, 2.506226 49.0246013, 2.5060953 49.0245565, 2.5038564 49.0244533, 2.5014775 49.0243359, 2.4986658 49.0241915, 2.4976114 49.0225424, 2.4938821 49.016707, 2.4936038 49.0162263, 2.4933449 49.0157325, 2.4931207 49.015206, 2.4911452 49.0100741, 2.491202 49.0100221, 2.4923742 49.009777, 2.4938521 49.0094679, 2.4944729 49.0093381, 2.4951016 49.0091665, 2.4966191 49.0086445, 2.4970587 49.0084018, 2.4982039 49.0077092, 2.4985712 49.0075443, 2.4996408 49.0074391, 2.4999793 49.0073907, 2.5004403 49.0072933, 2.5013635 49.007066, 2.5018534 49.0069236, 2.5018927 49.0069792, 2.5023487 49.0068358, 2.5026581 49.0067699, 2.5033101 49.0065494, 2.5043619 49.006197, 2.5049593 49.0059973, 2.505359 49.005864, 2.5054192 49.0058675, 2.5054391 49.0057746, 2.5065264 49.0051953, 2.5064257 49.0051071, 2.5079016 49.0043757, 2.5085443 49.0041507, 2.5089188 49.0044489, 2.5094105 49.0044274, 2.5096786 49.0047692, 2.509688 49.0048308, 2.5097631 49.0049346, 2.5100219 49.0050771, 2.5102352 49.0053182, 2.5114621 49.0066747, 2.5118528 49.0071018, 2.512653 49.0074747, 2.5138334 49.0078162, 2.51397 49.0091705, 2.5140968 49.0093535, 2.5151124 49.009007, 2.51508 49.0097147, 2.5150181 49.0100857, 2.5148409 49.0105946, 2.5149641 49.0106171, 2.5148518 49.010981, 2.5172488 49.0099122, 2.517514 49.0101689, 2.5190207 49.0096316, 2.5199846 49.0087957, 2.5204018 49.0088093, 2.5204476 49.0087133, 2.5204934 49.0086174, 2.5215384 49.0086757, 2.5215465 49.0086087, 2.5241513 49.0087485, 2.5240759 49.0083866, 2.5240032 49.0080404, 2.5239277 49.0077852, 2.5237599 49.0075211, 2.5235363 49.0073052, 2.5232409 49.0071158, 2.5227223 49.0069131, 2.5223236 49.006837, 2.5205258 49.0064919, 2.5211116 49.0063353, 2.5218868 49.0064857, 2.5221828 49.0063191, 2.5223381 49.0056457, 2.5222792 49.0047263, 2.5213408 49.0025975, 2.5198706 49.0004921, 2.518037 48.9981443, 2.5178762 48.9979815, 2.5172694 48.9974137, 2.5168307 48.9970624, 2.515963 48.9970735, 2.5158237 48.9971709, 2.515543 48.9972338, 2.5153673 48.9972663, 2.5151847 48.9972948, 2.5150702 48.9973039, 2.5149361 48.9973078, 2.5147833 48.997305, 2.5146571 48.997292, 2.5144799 48.9972669, 2.5143582 48.9972415, 2.5142122 48.9972024, 2.5141032 48.9971656, 2.513981 48.9971159, 2.5135814 48.9974848, 2.5135483 48.9973782, 2.5132652 48.9970963, 2.5131718 48.9964842, 2.5133452 48.9966174, 2.5133354 48.9963574, 2.5131283 48.9961896, 2.5133097 48.9955309, 2.5134694 48.9954485, 2.5136478 48.9953564, 2.5137722 48.9951597, 2.5137545 48.9949, 2.5137195 48.994655, 2.5134776 48.994098, 2.5134136 48.9940462, 2.512215 48.9913634, 2.5099656 48.9892761, 2.5108651 48.9893247, 2.512302 48.9908232, 2.5134589 48.9917775, 2.5144258 48.99225, 2.5151765 48.9924929, 2.515531 48.9925922, 2.5158693 48.9928524, 2.5163999 48.9932608, 2.516853 48.9930307, 2.5169743 48.993079, 2.5176046 48.9923911, 2.5176609 48.992285, 2.5186927 48.9911079, 2.5188735 48.9905817, 2.5193645 48.9891131, 2.5193671 48.9891064, 2.5196244 48.9883373, 2.5198142 48.9877701, 2.520095 48.9869174, 2.5207371 48.9853502, 2.5246052 48.9839833, 2.527642 48.9838655, 2.5315507 48.9837135, 2.5332548 48.9837062, 2.5354709 48.9836728, 2.5375768 48.9834369, 2.5390245 48.9832747, 2.5396686 48.9832025, 2.5399951 48.9831659, 2.5418528 48.9828919, 2.5428266 48.9828244, 2.5433582 48.9836882, 2.5440364 48.9848044, 2.5451427 48.9865915, 2.5451198 48.9867969, 2.545495 48.9874781, 2.5459718 48.9883432, 2.5460793 48.9886556, 2.5462373 48.9890086, 2.546616 48.9890427, 2.5467075 48.989278, 2.5470432 48.9880999, 2.547454 48.9894612, 2.5475722 48.989653, 2.5497148 48.9900674, 2.5497987 48.9900655, 2.549977 48.9900729, 2.5501163 48.9900786, 2.5506633 48.9900158, 2.5509431 48.989972, 2.5515237 48.9898716, 2.5520331 48.9897407, 2.5525343 48.9895965, 2.5526859 48.9895456, 2.5530312 48.9894296, 2.5532985 48.9893546, 2.5535262 48.9892926, 2.5538227 48.989224, 2.5540906 48.9891887, 2.5544849 48.989115, 2.5547508 48.9890738, 2.5551551 48.9890298, 2.5557025 48.9889981, 2.5558212 48.9889912, 2.5559086 48.9889895, 2.5559225 48.9889892, 2.5560079 48.9889887, 2.5562069 48.9889874, 2.5565679 48.9889783, 2.5569818 48.9890007, 2.5575224 48.9890605, 2.558087 48.9891461, 2.5585922 48.9892227, 2.5596181 48.9893281, 2.5598411 48.9893503, 2.560082 48.9893743, 2.5604851 48.9893957, 2.5607403 48.9894073, 2.561038 48.9894064, 2.5614478 48.9893971, 2.5624564 48.9893761, 2.5626368 48.9893803, 2.5629954 48.9893592, 2.5633408 48.9893553, 2.5638878 48.9893635, 2.564571 48.9893886, 2.5649854 48.9894097, 2.5652127 48.9894247, 2.565798 48.9894632, 2.5661082 48.9894803, 2.5666449 48.9895387, 2.5667965 48.9895552, 2.5670202 48.9895795, 2.567878 48.989685, 2.5684558 48.9897783, 2.5696679 48.9899992, 2.5699302 48.9899731, 2.5699968 48.9900769, 2.5722913 48.9906143, 2.5730723 48.9907899, 2.5740596 48.991029, 2.574399 48.9911218, 2.5752963 48.9913374, 2.5760441 48.9914982, 2.5763711 48.9915527, 2.576848 48.9916143, 2.5771844 48.9916504, 2.5778611 48.9917008, 2.5786071 48.9917324, 2.5792864 48.9917525, 2.5799659 48.9917593, 2.5806503 48.9917576, 2.5809083 48.9917376, 2.5817565 48.9917475, 2.5820231 48.9917777, 2.5822994 48.9917846, 2.5825751 48.991799, 2.5833606 48.9918672, 2.5839672 48.9919462, 2.5847563 48.9920568, 2.5851535 48.9921026, 2.5855813 48.9921263, 2.58601 48.9921369, 2.58699 48.9901183, 2.5877206 48.9901522, 2.58817 48.990173, 2.5906156 48.9902849, 2.5912279 48.9903124, 2.5925085 48.9903698, 2.5932105 48.9904011, 2.5962313 48.9905355, 2.599219 48.9906679, 2.5996702 48.9906879, 2.5998601 48.9906963, 2.6000667 48.9907054, 2.6002292 48.9907126, 2.601186 48.9907633, 2.6097791 48.9912266, 2.6097812 48.9912096, 2.6110831 48.9912965, 2.6112855 48.9913073, 2.6114062 48.9913138, 2.6150597 48.99147, 2.6151612 48.9912009, 2.6167363 48.991419, 2.6167355 48.9916087, 2.6183905 48.9917123, 2.6193783 48.991808, 2.6215466 48.9927442, 2.6221434 48.9934805, 2.622623 48.9941185, 2.6227918 48.9943661, 2.6234675 48.994965, 2.6269994 48.9952126, 2.6281681 48.9952947, 2.6313958 48.995552, 2.6341819 48.9958019, 2.6341824 48.9956604, 2.6342427 48.9956629, 2.6364539 48.9959933, 2.6374963 48.9939523, 2.6369763 48.9917093, 2.6352843 48.9912998, 2.6364646 48.9880307, 2.6367961 48.9881211, 2.6382841 48.9883419, 2.6397861 48.9886585, 2.6423353 48.9890953, 2.6428699 48.9892308, 2.6433815 48.9893965, 2.6444579 48.9897482, 2.6471176 48.9905212, 2.6489389 48.9909099, 2.6499404 48.9952845, 2.6464785 48.9966362, 2.64637 48.9965109, 2.6424245 48.9979901, 2.6419957 48.9980985, 2.6417528 48.998145, 2.6410666 48.9981766, 2.6361785 48.997775))",Number of parked airplanes, Time series of airport throughput at Aéroport Roissy Charles de Gaulle,GREEN,Aerospacelab SPRL,FR8,Archived
"46.861263796994045,1.7288832862166452",FR,,Châteauroux,Aéroport de Châteauroux-Centre,Airports: Throughput (archived),Count of airplanes on Sentinel-2 image,Sentinel-2,Sentinel 2 L2A,E13b2,2019-05-31T10:50:39,135.0649351,Average value for 2019,2019,100,"X in [61.339543326347965, 138.66045667365202] --> Normal, X < 61.339543326347965 --> Low, X > 138.66045667365202 --> High",Normal,"POLYGON ((1.749037 46.8779008, 1.7498825 46.878761, 1.7499406 46.8788781, 1.7486206 46.8799464, 1.7480166 46.8802909, 1.7485681 46.8808851, 1.7491623 46.8815154, 1.7502952 46.8827398, 1.7495086 46.8830782, 1.747213 46.8806974, 1.7450777 46.8815337, 1.7448703 46.8816259, 1.7444413 46.8817534, 1.7443192 46.8816568, 1.7438525 46.8812192, 1.7345217 46.8721884, 1.7339066 46.8717077, 1.7334987 46.8714379, 1.7318176 46.8698223, 1.7287355 46.8665767, 1.726463 46.8642011, 1.726152 46.8640019, 1.7257689 46.863793, 1.7252757 46.8636821, 1.7248642 46.8636007, 1.723126 46.8636841, 1.7201466 46.8637622, 1.719174 46.8635097, 1.7177237 46.8623349, 1.7168983 46.86169, 1.7165242 46.8618231, 1.716313 46.8619404, 1.7161902 46.862129, 1.7161239 46.8619819, 1.7158125 46.8612907, 1.7155861 46.8607025, 1.7154953 46.8604665, 1.7159877 46.8600082, 1.7157712 46.8594752, 1.71532 46.8593676, 1.7151964 46.8589813, 1.7149027 46.8584044, 1.7156345 46.8582055, 1.7149449 46.8565195, 1.714903 46.856197, 1.7149882 46.855931, 1.7164765 46.8556033, 1.7163 46.8550694, 1.715738 46.8545896, 1.7153486 46.8535226, 1.7149059 46.8525305, 1.7148813 46.8524754, 1.7137984 46.8526454, 1.713328 46.8514667, 1.71303 46.85072, 1.7140943 46.8505558, 1.713145 46.8495486, 1.7123178 46.8480007, 1.7154384 46.8473038, 1.7162083 46.8471319, 1.7218396 46.8458781, 1.7219661 46.8461943, 1.7228041 46.846028, 1.7231073 46.8461407, 1.723133 46.8461616, 1.7232771 46.8462765, 1.723359 46.8464063, 1.7237952 46.8463522, 1.7242645 46.8465509, 1.7253703 46.8469834, 1.7265211 46.8475046, 1.7272382 46.847857, 1.7277558 46.8480464, 1.7288138 46.8484179, 1.7299983 46.8489741, 1.7307937 46.8495665, 1.7314157 46.8503094, 1.7321983 46.8512894, 1.7321187 46.8513694, 1.7318457 46.8519341, 1.7316256 46.8525192, 1.7317421 46.8546222, 1.7317485 46.8547373, 1.7318485 46.8560607, 1.7318762 46.8570972, 1.7315529 46.8576725, 1.731992 46.8581261, 1.7304302 46.8584371, 1.7325697 46.8606602, 1.7366199 46.8648777, 1.7409936 46.8695044, 1.749037 46.8779008))",Number of parked airplanes, Time series of airport throughput at Aéroport de Châteauroux-Centre,BLUE,Aerospacelab SPRL,FR9,Archived
"46.861263796994045,1.7288832862166452",FR,,Châteauroux,Aéroport de Châteauroux-Centre,Airports: Throughput (archived),Count of airplanes on Sentinel-2 image,Sentinel-2,Sentinel 2 L2A,E13b2,2019-06-25T10:50:31,50.64935065,Average value for 2019,2019,100,"X in [61.339543326347965, 138.66045667365202] --> Normal, X < 61.339543326347965 --> Low, X > 138.66045667365202 --> High",Low,"POLYGON ((1.749037 46.8779008, 1.7498825 46.878761, 1.7499406 46.8788781, 1.7486206 46.8799464, 1.7480166 46.8802909, 1.7485681 46.8808851, 1.7491623 46.8815154, 1.7502952 46.8827398, 1.7495086 46.8830782, 1.747213 46.8806974, 1.7450777 46.8815337, 1.7448703 46.8816259, 1.7444413 46.8817534, 1.7443192 46.8816568, 1.7438525 46.8812192, 1.7345217 46.8721884, 1.7339066 46.8717077, 1.7334987 46.8714379, 1.7318176 46.8698223, 1.7287355 46.8665767, 1.726463 46.8642011, 1.726152 46.8640019, 1.7257689 46.863793, 1.7252757 46.8636821, 1.7248642 46.8636007, 1.723126 46.8636841, 1.7201466 46.8637622, 1.719174 46.8635097, 1.7177237 46.8623349, 1.7168983 46.86169, 1.7165242 46.8618231, 1.716313 46.8619404, 1.7161902 46.862129, 1.7161239 46.8619819, 1.7158125 46.8612907, 1.7155861 46.8607025, 1.7154953 46.8604665, 1.7159877 46.8600082, 1.7157712 46.8594752, 1.71532 46.8593676, 1.7151964 46.8589813, 1.7149027 46.8584044, 1.7156345 46.8582055, 1.7149449 46.8565195, 1.714903 46.856197, 1.7149882 46.855931, 1.7164765 46.8556033, 1.7163 46.8550694, 1.715738 46.8545896, 1.7153486 46.8535226, 1.7149059 46.8525305, 1.7148813 46.8524754, 1.7137984 46.8526454, 1.713328 46.8514667, 1.71303 46.85072, 1.7140943 46.8505558, 1.713145 46.8495486, 1.7123178 46.8480007, 1.7154384 46.8473038, 1.7162083 46.8471319, 1.7218396 46.8458781, 1.7219661 46.8461943, 1.7228041 46.846028, 1.7231073 46.8461407, 1.723133 46.8461616, 1.7232771 46.8462765, 1.723359 46.8464063, 1.7237952 46.8463522, 1.7242645 46.8465509, 1.7253703 46.8469834, 1.7265211 46.8475046, 1.7272382 46.847857, 1.7277558 46.8480464, 1.7288138 46.8484179, 1.7299983 46.8489741, 1.7307937 46.8495665, 1.7314157 46.8503094, 1.7321983 46.8512894, 1.7321187 46.8513694, 1.7318457 46.8519341, 1.7316256 46.8525192, 1.7317421 46.8546222, 1.7317485 46.8547373, 1.7318485 46.8560607, 1.7318762 46.8570972, 1.7315529 46.8576725, 1.731992 46.8581261, 1.7304302 46.8584371, 1.7325697 46.8606602, 1.7366199 46.8648777, 1.7409936 46.8695044, 1.749037 46.8779008))",Number of parked airplanes, Time series of airport throughput at Aéroport de Châteauroux-Centre,GREEN,Aerospacelab SPRL,FR9,Archived
"46.861263796994045,1.7288832862166452",FR,,Châteauroux,Aéroport de Châteauroux-Centre,Airports: Throughput (archived),Count of airplanes on Sentinel-2 image,Sentinel-2,Sentinel 2 L2A,E13b2,2019-06-30T10:50:39,50.64935065,Average value for 2019,2019,100,"X in [61.339543326347965, 138.66045667365202] --> Normal, X < 61.339543326347965 --> Low, X > 138.66045667365202 --> High",Low,"POLYGON ((1.749037 46.8779008, 1.7498825 46.878761, 1.7499406 46.8788781, 1.7486206 46.8799464, 1.7480166 46.8802909, 1.7485681 46.8808851, 1.7491623 46.8815154, 1.7502952 46.8827398, 1.7495086 46.8830782, 1.747213 46.8806974, 1.7450777 46.8815337, 1.7448703 46.8816259, 1.7444413 46.8817534, 1.7443192 46.8816568, 1.7438525 46.8812192, 1.7345217 46.8721884, 1.7339066 46.8717077, 1.7334987 46.8714379, 1.7318176 46.8698223, 1.7287355 46.8665767, 1.726463 46.8642011, 1.726152 46.8640019, 1.7257689 46.863793, 1.7252757 46.8636821, 1.7248642 46.8636007, 1.723126 46.8636841, 1.7201466 46.8637622, 1.719174 46.8635097, 1.7177237 46.8623349, 1.7168983 46.86169, 1.7165242 46.8618231, 1.716313 46.8619404, 1.7161902 46.862129, 1.7161239 46.8619819, 1.7158125 46.8612907, 1.7155861 46.8607025, 1.7154953 46.8604665, 1.7159877 46.8600082, 1.7157712 46.8594752, 1.71532 46.8593676, 1.7151964 46.8589813, 1.7149027 46.8584044, 1.7156345 46.8582055, 1.7149449 46.8565195, 1.714903 46.856197, 1.7149882 46.855931, 1.7164765 46.8556033, 1.7163 46.8550694, 1.715738 46.8545896, 1.7153486 46.8535226, 1.7149059 46.8525305, 1.7148813 46.8524754, 1.7137984 46.8526454, 1.713328 46.8514667, 1.71303 46.85072, 1.7140943 46.8505558, 1.713145 46.8495486, 1.7123178 46.8480007, 1.7154384 46.8473038, 1.7162083 46.8471319, 1.7218396 46.8458781, 1.7219661 46.8461943, 1.7228041 46.846028, 1.7231073 46.8461407, 1.723133 46.8461616, 1.7232771 46.8462765, 1.723359 46.8464063, 1.7237952 46.8463522, 1.7242645 46.8465509, 1.7253703 46.8469834, 1.7265211 46.8475046, 1.7272382 46.847857, 1.7277558 46.8480464, 1.7288138 46.8484179, 1.7299983 46.8489741, 1.7307937 46.8495665, 1.7314157 46.8503094, 1.7321983 46.8512894, 1.7321187 46.8513694, 1.7318457 46.8519341, 1.7316256 46.8525192, 1.7317421 46.8546222, 1.7317485 46.8547373, 1.7318485 46.8560607, 1.7318762 46.8570972, 1.7315529 46.8576725, 1.731992 46.8581261, 1.7304302 46.8584371, 1.7325697 46.8606602, 1.7366199 46.8648777, 1.7409936 46.8695044, 1.749037 46.8779008))",Number of parked airplanes, Time series of airport throughput at Aéroport de Châteauroux-Centre,GREEN,Aerospacelab SPRL,FR9,Archived
"46.861263796994045,1.7288832862166452",FR,,Châteauroux,Aéroport de Châteauroux-Centre,Airports: Throughput (archived),Count of airplanes on Sentinel-2 image,Sentinel-2,Sentinel 2 L2A,E13b2,2019-07-05T10:50:31,101.2987013,Average value for 2019,2019,100,"X in [61.339543326347965, 138.66045667365202] --> Normal, X < 61.339543326347965 --> Low, X > 138.66045667365202 --> High",Normal,"POLYGON ((1.749037 46.8779008, 1.7498825 46.878761, 1.7499406 46.8788781, 1.7486206 46.8799464, 1.7480166 46.8802909, 1.7485681 46.8808851, 1.7491623 46.8815154, 1.7502952 46.8827398, 1.7495086 46.8830782, 1.747213 46.8806974, 1.7450777 46.8815337, 1.7448703 46.8816259, 1.7444413 46.8817534, 1.7443192 46.8816568, 1.7438525 46.8812192, 1.7345217 46.8721884, 1.7339066 46.8717077, 1.7334987 46.8714379, 1.7318176 46.8698223, 1.7287355 46.8665767, 1.726463 46.8642011, 1.726152 46.8640019, 1.7257689 46.863793, 1.7252757 46.8636821, 1.7248642 46.8636007, 1.723126 46.8636841, 1.7201466 46.8637622, 1.719174 46.8635097, 1.7177237 46.8623349, 1.7168983 46.86169, 1.7165242 46.8618231, 1.716313 46.8619404, 1.7161902 46.862129, 1.7161239 46.8619819, 1.7158125 46.8612907, 1.7155861 46.8607025, 1.7154953 46.8604665, 1.7159877 46.8600082, 1.7157712 46.8594752, 1.71532 46.8593676, 1.7151964 46.8589813, 1.7149027 46.8584044, 1.7156345 46.8582055, 1.7149449 46.8565195, 1.714903 46.856197, 1.7149882 46.855931, 1.7164765 46.8556033, 1.7163 46.8550694, 1.715738 46.8545896, 1.7153486 46.8535226, 1.7149059 46.8525305, 1.7148813 46.8524754, 1.7137984 46.8526454, 1.713328 46.8514667, 1.71303 46.85072, 1.7140943 46.8505558, 1.713145 46.8495486, 1.7123178 46.8480007, 1.7154384 46.8473038, 1.7162083 46.8471319, 1.7218396 46.8458781, 1.7219661 46.8461943, 1.7228041 46.846028, 1.7231073 46.8461407, 1.723133 46.8461616, 1.7232771 46.8462765, 1.723359 46.8464063, 1.7237952 46.8463522, 1.7242645 46.8465509, 1.7253703 46.8469834, 1.7265211 46.8475046, 1.7272382 46.847857, 1.7277558 46.8480464, 1.7288138 46.8484179, 1.7299983 46.8489741, 1.7307937 46.8495665, 1.7314157 46.8503094, 1.7321983 46.8512894, 1.7321187 46.8513694, 1.7318457 46.8519341, 1.7316256 46.8525192, 1.7317421 46.8546222, 1.7317485 46.8547373, 1.7318485 46.8560607, 1.7318762 46.8570972, 1.7315529 46.8576725, 1.731992 46.8581261, 1.7304302 46.8584371, 1.7325697 46.8606602, 1.7366199 46.8648777, 1.7409936 46.8695044, 1.749037 46.8779008))",Number of parked airplanes, Time series of airport throughput at Aéroport de Châteauroux-Centre,BLUE,Aerospacelab SPRL,FR9,Archived
"46.861263796994045,1.7288832862166452",FR,,Châteauroux,Aéroport de Châteauroux-Centre,Airports: Throughput (archived),Count of airplanes on Sentinel-2 image,Sentinel-2,Sentinel 2 L2A,E13b2,2019-07-10T10:50:39,50.64935065,Average value for 2019,2019,100,"X in [61.339543326347965, 138.66045667365202] --> Normal, X < 61.339543326347965 --> Low, X > 138.66045667365202 --> High",Low,"POLYGON ((1.749037 46.8779008, 1.7498825 46.878761, 1.7499406 46.8788781, 1.7486206 46.8799464, 1.7480166 46.8802909, 1.7485681 46.8808851, 1.7491623 46.8815154, 1.7502952 46.8827398, 1.7495086 46.8830782, 1.747213 46.8806974, 1.7450777 46.8815337, 1.7448703 46.8816259, 1.7444413 46.8817534, 1.7443192 46.8816568, 1.7438525 46.8812192, 1.7345217 46.8721884, 1.7339066 46.8717077, 1.7334987 46.8714379, 1.7318176 46.8698223, 1.7287355 46.8665767, 1.726463 46.8642011, 1.726152 46.8640019, 1.7257689 46.863793, 1.7252757 46.8636821, 1.7248642 46.8636007, 1.723126 46.8636841, 1.7201466 46.8637622, 1.719174 46.8635097, 1.7177237 46.8623349, 1.7168983 46.86169, 1.7165242 46.8618231, 1.716313 46.8619404, 1.7161902 46.862129, 1.7161239 46.8619819, 1.7158125 46.8612907, 1.7155861 46.8607025, 1.7154953 46.8604665, 1.7159877 46.8600082, 1.7157712 46.8594752, 1.71532 46.8593676, 1.7151964 46.8589813, 1.7149027 46.8584044, 1.7156345 46.8582055, 1.7149449 46.8565195, 1.714903 46.856197, 1.7149882 46.855931, 1.7164765 46.8556033, 1.7163 46.8550694, 1.715738 46.8545896, 1.7153486 46.8535226, 1.7149059 46.8525305, 1.7148813 46.8524754, 1.7137984 46.8526454, 1.713328 46.8514667, 1.71303 46.85072, 1.7140943 46.8505558, 1.713145 46.8495486, 1.7123178 46.8480007, 1.7154384 46.8473038, 1.7162083 46.8471319, 1.7218396 46.8458781, 1.7219661 46.8461943, 1.7228041 46.846028, 1.7231073 46.8461407, 1.723133 46.8461616, 1.7232771 46.8462765, 1.723359 46.8464063, 1.7237952 46.8463522, 1.7242645 46.8465509, 1.7253703 46.8469834, 1.7265211 46.8475046, 1.7272382 46.847857, 1.7277558 46.8480464, 1.7288138 46.8484179, 1.7299983 46.8489741, 1.7307937 46.8495665, 1.7314157 46.8503094, 1.7321983 46.8512894, 1.7321187 46.8513694, 1.7318457 46.8519341, 1.7316256 46.8525192, 1.7317421 46.8546222, 1.7317485 46.8547373, 1.7318485 46.8560607, 1.7318762 46.8570972, 1.7315529 46.8576725, 1.731992 46.8581261, 1.7304302 46.8584371, 1.7325697 46.8606602, 1.7366199 46.8648777, 1.7409936 46.8695044, 1.749037 46.8779008))",Number of parked airplanes, Time series of airport throughput at Aéroport de Châteauroux-Centre,GREEN,Aerospacelab SPRL,FR9,Archived
"46.861263796994045,1.7288832862166452",FR,,Châteauroux,Aéroport de Châteauroux-Centre,Airports: Throughput (archived),Count of airplanes on Sentinel-2 image,Sentinel-2,Sentinel 2 L2A,E13b2,2019-07-15T10:50:31,151.9480519,Average value for 2019,2019,100,"X in [61.339543326347965, 138.66045667365202] --> Normal, X < 61.339543326347965 --> Low, X > 138.66045667365202 --> High",High,"POLYGON ((1.749037 46.8779008, 1.7498825 46.878761, 1.7499406 46.8788781, 1.7486206 46.8799464, 1.7480166 46.8802909, 1.7485681 46.8808851, 1.7491623 46.8815154, 1.7502952 46.8827398, 1.7495086 46.8830782, 1.747213 46.8806974, 1.7450777 46.8815337, 1.7448703 46.8816259, 1.7444413 46.8817534, 1.7443192 46.8816568, 1.7438525 46.8812192, 1.7345217 46.8721884, 1.7339066 46.8717077, 1.7334987 46.8714379, 1.7318176 46.8698223, 1.7287355 46.8665767, 1.726463 46.8642011, 1.726152 46.8640019, 1.7257689 46.863793, 1.7252757 46.8636821, 1.7248642 46.8636007, 1.723126 46.8636841, 1.7201466 46.8637622, 1.719174 46.8635097, 1.7177237 46.8623349, 1.7168983 46.86169, 1.7165242 46.8618231, 1.716313 46.8619404, 1.7161902 46.862129, 1.7161239 46.8619819, 1.7158125 46.8612907, 1.7155861 46.8607025, 1.7154953 46.8604665, 1.7159877 46.8600082, 1.7157712 46.8594752, 1.71532 46.8593676, 1.7151964 46.8589813, 1.7149027 46.8584044, 1.7156345 46.8582055, 1.7149449 46.8565195, 1.714903 46.856197, 1.7149882 46.855931, 1.7164765 46.8556033, 1.7163 46.8550694, 1.715738 46.8545896, 1.7153486 46.8535226, 1.7149059 46.8525305, 1.7148813 46.8524754, 1.7137984 46.8526454, 1.713328 46.8514667, 1.71303 46.85072, 1.7140943 46.8505558, 1.713145 46.8495486, 1.7123178 46.8480007, 1.7154384 46.8473038, 1.7162083 46.8471319, 1.7218396 46.8458781, 1.7219661 46.8461943, 1.7228041 46.846028, 1.7231073 46.8461407, 1.723133 46.8461616, 1.7232771 46.8462765, 1.723359 46.8464063, 1.7237952 46.8463522, 1.7242645 46.8465509, 1.7253703 46.8469834, 1.7265211 46.8475046, 1.7272382 46.847857, 1.7277558 46.8480464, 1.7288138 46.8484179, 1.7299983 46.8489741, 1.7307937 46.8495665, 1.7314157 46.8503094, 1.7321983 46.8512894, 1.7321187 46.8513694, 1.7318457 46.8519341, 1.7316256 46.8525192, 1.7317421 46.8546222, 1.7317485 46.8547373, 1.7318485 46.8560607, 1.7318762 46.8570972, 1.7315529 46.8576725, 1.731992 46.8581261, 1.7304302 46.8584371, 1.7325697 46.8606602, 1.7366199 46.8648777, 1.7409936 46.8695044, 1.749037 46.8779008))",Number of parked airplanes, Time series of airport throughput at Aéroport de Châteauroux-Centre,RED,Aerospacelab SPRL,FR9,Archived
"46.861263796994045,1.7288832862166452",FR,,Châteauroux,Aéroport de Châteauroux-Centre,Airports: Throughput (archived),Count of airplanes on Sentinel-2 image,Sentinel-2,Sentinel 2 L2A,E13b2,2019-07-25T10:50:31,135.0649351,Average value for 2019,2019,100,"X in [61.339543326347965, 138.66045667365202] --> Normal, X < 61.339543326347965 --> Low, X > 138.66045667365202 --> High",Normal,"POLYGON ((1.749037 46.8779008, 1.7498825 46.878761, 1.7499406 46.8788781, 1.7486206 46.8799464, 1.7480166 46.8802909, 1.7485681 46.8808851, 1.7491623 46.8815154, 1.7502952 46.8827398, 1.7495086 46.8830782, 1.747213 46.8806974, 1.7450777 46.8815337, 1.7448703 46.8816259, 1.7444413 46.8817534, 1.7443192 46.8816568, 1.7438525 46.8812192, 1.7345217 46.8721884, 1.7339066 46.8717077, 1.7334987 46.8714379, 1.7318176 46.8698223, 1.7287355 46.8665767, 1.726463 46.8642011, 1.726152 46.8640019, 1.7257689 46.863793, 1.7252757 46.8636821, 1.7248642 46.8636007, 1.723126 46.8636841, 1.7201466 46.8637622, 1.719174 46.8635097, 1.7177237 46.8623349, 1.7168983 46.86169, 1.7165242 46.8618231, 1.716313 46.8619404, 1.7161902 46.862129, 1.7161239 46.8619819, 1.7158125 46.8612907, 1.7155861 46.8607025, 1.7154953 46.8604665, 1.7159877 46.8600082, 1.7157712 46.8594752, 1.71532 46.8593676, 1.7151964 46.8589813, 1.7149027 46.8584044, 1.7156345 46.8582055, 1.7149449 46.8565195, 1.714903 46.856197, 1.7149882 46.855931, 1.7164765 46.8556033, 1.7163 46.8550694, 1.715738 46.8545896, 1.7153486 46.8535226, 1.7149059 46.8525305, 1.7148813 46.8524754, 1.7137984 46.8526454, 1.713328 46.8514667, 1.71303 46.85072, 1.7140943 46.8505558, 1.713145 46.8495486, 1.7123178 46.8480007, 1.7154384 46.8473038, 1.7162083 46.8471319, 1.7218396 46.8458781, 1.7219661 46.8461943, 1.7228041 46.846028, 1.7231073 46.8461407, 1.723133 46.8461616, 1.7232771 46.8462765, 1.723359 46.8464063, 1.7237952 46.8463522, 1.7242645 46.8465509, 1.7253703 46.8469834, 1.7265211 46.8475046, 1.7272382 46.847857, 1.7277558 46.8480464, 1.7288138 46.8484179, 1.7299983 46.8489741, 1.7307937 46.8495665, 1.7314157 46.8503094, 1.7321983 46.8512894, 1.7321187 46.8513694, 1.7318457 46.8519341, 1.7316256 46.8525192, 1.7317421 46.8546222, 1.7317485 46.8547373, 1.7318485 46.8560607, 1.7318762 46.8570972, 1.7315529 46.8576725, 1.731992 46.8581261, 1.7304302 46.8584371, 1.7325697 46.8606602, 1.7366199 46.8648777, 1.7409936 46.8695044, 1.749037 46.8779008))",Number of parked airplanes, Time series of airport throughput at Aéroport de Châteauroux-Centre,BLUE,Aerospacelab SPRL,FR9,Archived
"46.861263796994045,1.7288832862166452",FR,,Châteauroux,Aéroport de Châteauroux-Centre,Airports: Throughput (archived),Count of airplanes on Sentinel-2 image,Sentinel-2,Sentinel 2 L2A,E13b2,2019-08-04T10:50:31,50.64935065,Average value for 2019,2019,100,"X in [61.339543326347965, 138.66045667365202] --> Normal, X < 61.339543326347965 --> Low, X > 138.66045667365202 --> High",Low,"POLYGON ((1.749037 46.8779008, 1.7498825 46.878761, 1.7499406 46.8788781, 1.7486206 46.8799464, 1.7480166 46.8802909, 1.7485681 46.8808851, 1.7491623 46.8815154, 1.7502952 46.8827398, 1.7495086 46.8830782, 1.747213 46.8806974, 1.7450777 46.8815337, 1.7448703 46.8816259, 1.7444413 46.8817534, 1.7443192 46.8816568, 1.7438525 46.8812192, 1.7345217 46.8721884, 1.7339066 46.8717077, 1.7334987 46.8714379, 1.7318176 46.8698223, 1.7287355 46.8665767, 1.726463 46.8642011, 1.726152 46.8640019, 1.7257689 46.863793, 1.7252757 46.8636821, 1.7248642 46.8636007, 1.723126 46.8636841, 1.7201466 46.8637622, 1.719174 46.8635097, 1.7177237 46.8623349, 1.7168983 46.86169, 1.7165242 46.8618231, 1.716313 46.8619404, 1.7161902 46.862129, 1.7161239 46.8619819, 1.7158125 46.8612907, 1.7155861 46.8607025, 1.7154953 46.8604665, 1.7159877 46.8600082, 1.7157712 46.8594752, 1.71532 46.8593676, 1.7151964 46.8589813, 1.7149027 46.8584044, 1.7156345 46.8582055, 1.7149449 46.8565195, 1.714903 46.856197, 1.7149882 46.855931, 1.7164765 46.8556033, 1.7163 46.8550694, 1.715738 46.8545896, 1.7153486 46.8535226, 1.7149059 46.8525305, 1.7148813 46.8524754, 1.7137984 46.8526454, 1.713328 46.8514667, 1.71303 46.85072, 1.7140943 46.8505558, 1.713145 46.8495486, 1.7123178 46.8480007, 1.7154384 46.8473038, 1.7162083 46.8471319, 1.7218396 46.8458781, 1.7219661 46.8461943, 1.7228041 46.846028, 1.7231073 46.8461407, 1.723133 46.8461616, 1.7232771 46.8462765, 1.723359 46.8464063, 1.7237952 46.8463522, 1.7242645 46.8465509, 1.7253703 46.8469834, 1.7265211 46.8475046, 1.7272382 46.847857, 1.7277558 46.8480464, 1.7288138 46.8484179, 1.7299983 46.8489741, 1.7307937 46.8495665, 1.7314157 46.8503094, 1.7321983 46.8512894, 1.7321187 46.8513694, 1.7318457 46.8519341, 1.7316256 46.8525192, 1.7317421 46.8546222, 1.7317485 46.8547373, 1.7318485 46.8560607, 1.7318762 46.8570972, 1.7315529 46.8576725, 1.731992 46.8581261, 1.7304302 46.8584371, 1.7325697 46.8606602, 1.7366199 46.8648777, 1.7409936 46.8695044, 1.749037 46.8779008))",Number of parked airplanes, Time series of airport throughput at Aéroport de Châteauroux-Centre,GREEN,Aerospacelab SPRL,FR9,Archived
"46.861263796994045,1.7288832862166452",FR,,Châteauroux,Aéroport de Châteauroux-Centre,Airports: Throughput (archived),Count of airplanes on Sentinel-2 image,Sentinel-2,Sentinel 2 L2A,E13b2,2019-08-14T10:50:31,135.0649351,Average value for 2019,2019,100,"X in [61.339543326347965, 138.66045667365202] --> Normal, X < 61.339543326347965 --> Low, X > 138.66045667365202 --> High",Normal,"POLYGON ((1.749037 46.8779008, 1.7498825 46.878761, 1.7499406 46.8788781, 1.7486206 46.8799464, 1.7480166 46.8802909, 1.7485681 46.8808851, 1.7491623 46.8815154, 1.7502952 46.8827398, 1.7495086 46.8830782, 1.747213 46.8806974, 1.7450777 46.8815337, 1.7448703 46.8816259, 1.7444413 46.8817534, 1.7443192 46.8816568, 1.7438525 46.8812192, 1.7345217 46.8721884, 1.7339066 46.8717077, 1.7334987 46.8714379, 1.7318176 46.8698223, 1.7287355 46.8665767, 1.726463 46.8642011, 1.726152 46.8640019, 1.7257689 46.863793, 1.7252757 46.8636821, 1.7248642 46.8636007, 1.723126 46.8636841, 1.7201466 46.8637622, 1.719174 46.8635097, 1.7177237 46.8623349, 1.7168983 46.86169, 1.7165242 46.8618231, 1.716313 46.8619404, 1.7161902 46.862129, 1.7161239 46.8619819, 1.7158125 46.8612907, 1.7155861 46.8607025, 1.7154953 46.8604665, 1.7159877 46.8600082, 1.7157712 46.8594752, 1.71532 46.8593676, 1.7151964 46.8589813, 1.7149027 46.8584044, 1.7156345 46.8582055, 1.7149449 46.8565195, 1.714903 46.856197, 1.7149882 46.855931, 1.7164765 46.8556033, 1.7163 46.8550694, 1.715738 46.8545896, 1.7153486 46.8535226, 1.7149059 46.8525305, 1.7148813 46.8524754, 1.7137984 46.8526454, 1.713328 46.8514667, 1.71303 46.85072, 1.7140943 46.8505558, 1.713145 46.8495486, 1.7123178 46.8480007, 1.7154384 46.8473038, 1.7162083 46.8471319, 1.7218396 46.8458781, 1.7219661 46.8461943, 1.7228041 46.846028, 1.7231073 46.8461407, 1.723133 46.8461616, 1.7232771 46.8462765, 1.723359 46.8464063, 1.7237952 46.8463522, 1.7242645 46.8465509, 1.7253703 46.8469834, 1.7265211 46.8475046, 1.7272382 46.847857, 1.7277558 46.8480464, 1.7288138 46.8484179, 1.7299983 46.8489741, 1.7307937 46.8495665, 1.7314157 46.8503094, 1.7321983 46.8512894, 1.7321187 46.8513694, 1.7318457 46.8519341, 1.7316256 46.8525192, 1.7317421 46.8546222, 1.7317485 46.8547373, 1.7318485 46.8560607, 1.7318762 46.8570972, 1.7315529 46.8576725, 1.731992 46.8581261, 1.7304302 46.8584371, 1.7325697 46.8606602, 1.7366199 46.8648777, 1.7409936 46.8695044, 1.749037 46.8779008))",Number of parked airplanes, Time series of airport throughput at Aéroport de Châteauroux-Centre,BLUE,Aerospacelab SPRL,FR9,Archived
"46.861263796994045,1.7288832862166452",FR,,Châteauroux,Aéroport de Châteauroux-Centre,Airports: Throughput (archived),Count of airplanes on Sentinel-2 image,Sentinel-2,Sentinel 2 L2A,E13b2,2019-08-29T10:50:29,118.1818182,Average value for 2019,2019,100,"X in [61.339543326347965, 138.66045667365202] --> Normal, X < 61.339543326347965 --> Low, X > 138.66045667365202 --> High",Normal,"POLYGON ((1.749037 46.8779008, 1.7498825 46.878761, 1.7499406 46.8788781, 1.7486206 46.8799464, 1.7480166 46.8802909, 1.7485681 46.8808851, 1.7491623 46.8815154, 1.7502952 46.8827398, 1.7495086 46.8830782, 1.747213 46.8806974, 1.7450777 46.8815337, 1.7448703 46.8816259, 1.7444413 46.8817534, 1.7443192 46.8816568, 1.7438525 46.8812192, 1.7345217 46.8721884, 1.7339066 46.8717077, 1.7334987 46.8714379, 1.7318176 46.8698223, 1.7287355 46.8665767, 1.726463 46.8642011, 1.726152 46.8640019, 1.7257689 46.863793, 1.7252757 46.8636821, 1.7248642 46.8636007, 1.723126 46.8636841, 1.7201466 46.8637622, 1.719174 46.8635097, 1.7177237 46.8623349, 1.7168983 46.86169, 1.7165242 46.8618231, 1.716313 46.8619404, 1.7161902 46.862129, 1.7161239 46.8619819, 1.7158125 46.8612907, 1.7155861 46.8607025, 1.7154953 46.8604665, 1.7159877 46.8600082, 1.7157712 46.8594752, 1.71532 46.8593676, 1.7151964 46.8589813, 1.7149027 46.8584044, 1.7156345 46.8582055, 1.7149449 46.8565195, 1.714903 46.856197, 1.7149882 46.855931, 1.7164765 46.8556033, 1.7163 46.8550694, 1.715738 46.8545896, 1.7153486 46.8535226, 1.7149059 46.8525305, 1.7148813 46.8524754, 1.7137984 46.8526454, 1.713328 46.8514667, 1.71303 46.85072, 1.7140943 46.8505558, 1.713145 46.8495486, 1.7123178 46.8480007, 1.7154384 46.8473038, 1.7162083 46.8471319, 1.7218396 46.8458781, 1.7219661 46.8461943, 1.7228041 46.846028, 1.7231073 46.8461407, 1.723133 46.8461616, 1.7232771 46.8462765, 1.723359 46.8464063, 1.7237952 46.8463522, 1.7242645 46.8465509, 1.7253703 46.8469834, 1.7265211 46.8475046, 1.7272382 46.847857, 1.7277558 46.8480464, 1.7288138 46.8484179, 1.7299983 46.8489741, 1.7307937 46.8495665, 1.7314157 46.8503094, 1.7321983 46.8512894, 1.7321187 46.8513694, 1.7318457 46.8519341, 1.7316256 46.8525192, 1.7317421 46.8546222, 1.7317485 46.8547373, 1.7318485 46.8560607, 1.7318762 46.8570972, 1.7315529 46.8576725, 1.731992 46.8581261, 1.7304302 46.8584371, 1.7325697 46.8606602, 1.7366199 46.8648777, 1.7409936 46.8695044, 1.749037 46.8779008))",Number of parked airplanes, Time series of airport throughput at Aéroport de Châteauroux-Centre,BLUE,Aerospacelab SPRL,FR9,Archived
"46.861263796994045,1.7288832862166452",FR,,Châteauroux,Aéroport de Châteauroux-Centre,Airports: Throughput (archived),Count of airplanes on Sentinel-2 image,Sentinel-2,Sentinel 2 L2A,E13b2,2019-09-13T10:50:31,135.0649351,Average value for 2019,2019,100,"X in [61.339543326347965, 138.66045667365202] --> Normal, X < 61.339543326347965 --> Low, X > 138.66045667365202 --> High",Normal,"POLYGON ((1.749037 46.8779008, 1.7498825 46.878761, 1.7499406 46.8788781, 1.7486206 46.8799464, 1.7480166 46.8802909, 1.7485681 46.8808851, 1.7491623 46.8815154, 1.7502952 46.8827398, 1.7495086 46.8830782, 1.747213 46.8806974, 1.7450777 46.8815337, 1.7448703 46.8816259, 1.7444413 46.8817534, 1.7443192 46.8816568, 1.7438525 46.8812192, 1.7345217 46.8721884, 1.7339066 46.8717077, 1.7334987 46.8714379, 1.7318176 46.8698223, 1.7287355 46.8665767, 1.726463 46.8642011, 1.726152 46.8640019, 1.7257689 46.863793, 1.7252757 46.8636821, 1.7248642 46.8636007, 1.723126 46.8636841, 1.7201466 46.8637622, 1.719174 46.8635097, 1.7177237 46.8623349, 1.7168983 46.86169, 1.7165242 46.8618231, 1.716313 46.8619404, 1.7161902 46.862129, 1.7161239 46.8619819, 1.7158125 46.8612907, 1.7155861 46.8607025, 1.7154953 46.8604665, 1.7159877 46.8600082, 1.7157712 46.8594752, 1.71532 46.8593676, 1.7151964 46.8589813, 1.7149027 46.8584044, 1.7156345 46.8582055, 1.7149449 46.8565195, 1.714903 46.856197, 1.7149882 46.855931, 1.7164765 46.8556033, 1.7163 46.8550694, 1.715738 46.8545896, 1.7153486 46.8535226, 1.7149059 46.8525305, 1.7148813 46.8524754, 1.7137984 46.8526454, 1.713328 46.8514667, 1.71303 46.85072, 1.7140943 46.8505558, 1.713145 46.8495486, 1.7123178 46.8480007, 1.7154384 46.8473038, 1.7162083 46.8471319, 1.7218396 46.8458781, 1.7219661 46.8461943, 1.7228041 46.846028, 1.7231073 46.8461407, 1.723133 46.8461616, 1.7232771 46.8462765, 1.723359 46.8464063, 1.7237952 46.8463522, 1.7242645 46.8465509, 1.7253703 46.8469834, 1.7265211 46.8475046, 1.7272382 46.847857, 1.7277558 46.8480464, 1.7288138 46.8484179, 1.7299983 46.8489741, 1.7307937 46.8495665, 1.7314157 46.8503094, 1.7321983 46.8512894, 1.7321187 46.8513694, 1.7318457 46.8519341, 1.7316256 46.8525192, 1.7317421 46.8546222, 1.7317485 46.8547373, 1.7318485 46.8560607, 1.7318762 46.8570972, 1.7315529 46.8576725, 1.731992 46.8581261, 1.7304302 46.8584371, 1.7325697 46.8606602, 1.7366199 46.8648777, 1.7409936 46.8695044, 1.749037 46.8779008))",Number of parked airplanes, Time series of airport throughput at Aéroport de Châteauroux-Centre,BLUE,Aerospacelab SPRL,FR9,Archived
"46.861263796994045,1.7288832862166452",FR,,Châteauroux,Aéroport de Châteauroux-Centre,Airports: Throughput (archived),Count of airplanes on Sentinel-2 image,Sentinel-2,Sentinel 2 L2A,E13b2,2019-09-18T10:50:29,101.2987013,Average value for 2019,2019,100,"X in [61.339543326347965, 138.66045667365202] --> Normal, X < 61.339543326347965 --> Low, X > 138.66045667365202 --> High",Normal,"POLYGON ((1.749037 46.8779008, 1.7498825 46.878761, 1.7499406 46.8788781, 1.7486206 46.8799464, 1.7480166 46.8802909, 1.7485681 46.8808851, 1.7491623 46.8815154, 1.7502952 46.8827398, 1.7495086 46.8830782, 1.747213 46.8806974, 1.7450777 46.8815337, 1.7448703 46.8816259, 1.7444413 46.8817534, 1.7443192 46.8816568, 1.7438525 46.8812192, 1.7345217 46.8721884, 1.7339066 46.8717077, 1.7334987 46.8714379, 1.7318176 46.8698223, 1.7287355 46.8665767, 1.726463 46.8642011, 1.726152 46.8640019, 1.7257689 46.863793, 1.7252757 46.8636821, 1.7248642 46.8636007, 1.723126 46.8636841, 1.7201466 46.8637622, 1.719174 46.8635097, 1.7177237 46.8623349, 1.7168983 46.86169, 1.7165242 46.8618231, 1.716313 46.8619404, 1.7161902 46.862129, 1.7161239 46.8619819, 1.7158125 46.8612907, 1.7155861 46.8607025, 1.7154953 46.8604665, 1.7159877 46.8600082, 1.7157712 46.8594752, 1.71532 46.8593676, 1.7151964 46.8589813, 1.7149027 46.8584044, 1.7156345 46.8582055, 1.7149449 46.8565195, 1.714903 46.856197, 1.7149882 46.855931, 1.7164765 46.8556033, 1.7163 46.8550694, 1.715738 46.8545896, 1.7153486 46.8535226, 1.7149059 46.8525305, 1.7148813 46.8524754, 1.7137984 46.8526454, 1.713328 46.8514667, 1.71303 46.85072, 1.7140943 46.8505558, 1.713145 46.8495486, 1.7123178 46.8480007, 1.7154384 46.8473038, 1.7162083 46.8471319, 1.7218396 46.8458781, 1.7219661 46.8461943, 1.7228041 46.846028, 1.7231073 46.8461407, 1.723133 46.8461616, 1.7232771 46.8462765, 1.723359 46.8464063, 1.7237952 46.8463522, 1.7242645 46.8465509, 1.7253703 46.8469834, 1.7265211 46.8475046, 1.7272382 46.847857, 1.7277558 46.8480464, 1.7288138 46.8484179, 1.7299983 46.8489741, 1.7307937 46.8495665, 1.7314157 46.8503094, 1.7321983 46.8512894, 1.7321187 46.8513694, 1.7318457 46.8519341, 1.7316256 46.8525192, 1.7317421 46.8546222, 1.7317485 46.8547373, 1.7318485 46.8560607, 1.7318762 46.8570972, 1.7315529 46.8576725, 1.731992 46.8581261, 1.7304302 46.8584371, 1.7325697 46.8606602, 1.7366199 46.8648777, 1.7409936 46.8695044, 1.749037 46.8779008))",Number of parked airplanes, Time series of airport throughput at Aéroport de Châteauroux-Centre,BLUE,Aerospacelab SPRL,FR9,Archived
"46.861263796994045,1.7288832862166452",FR,,Châteauroux,Aéroport de Châteauroux-Centre,Airports: Throughput (archived),Count of airplanes on Sentinel-2 image,Sentinel-2,Sentinel 2 L2A,E13b2,2019-10-13T10:50:31,84.41558442,Average value for 2019,2019,100,"X in [61.339543326347965, 138.66045667365202] --> Normal, X < 61.339543326347965 --> Low, X > 138.66045667365202 --> High",Normal,"POLYGON ((1.749037 46.8779008, 1.7498825 46.878761, 1.7499406 46.8788781, 1.7486206 46.8799464, 1.7480166 46.8802909, 1.7485681 46.8808851, 1.7491623 46.8815154, 1.7502952 46.8827398, 1.7495086 46.8830782, 1.747213 46.8806974, 1.7450777 46.8815337, 1.7448703 46.8816259, 1.7444413 46.8817534, 1.7443192 46.8816568, 1.7438525 46.8812192, 1.7345217 46.8721884, 1.7339066 46.8717077, 1.7334987 46.8714379, 1.7318176 46.8698223, 1.7287355 46.8665767, 1.726463 46.8642011, 1.726152 46.8640019, 1.7257689 46.863793, 1.7252757 46.8636821, 1.7248642 46.8636007, 1.723126 46.8636841, 1.7201466 46.8637622, 1.719174 46.8635097, 1.7177237 46.8623349, 1.7168983 46.86169, 1.7165242 46.8618231, 1.716313 46.8619404, 1.7161902 46.862129, 1.7161239 46.8619819, 1.7158125 46.8612907, 1.7155861 46.8607025, 1.7154953 46.8604665, 1.7159877 46.8600082, 1.7157712 46.8594752, 1.71532 46.8593676, 1.7151964 46.8589813, 1.7149027 46.8584044, 1.7156345 46.8582055, 1.7149449 46.8565195, 1.714903 46.856197, 1.7149882 46.855931, 1.7164765 46.8556033, 1.7163 46.8550694, 1.715738 46.8545896, 1.7153486 46.8535226, 1.7149059 46.8525305, 1.7148813 46.8524754, 1.7137984 46.8526454, 1.713328 46.8514667, 1.71303 46.85072, 1.7140943 46.8505558, 1.713145 46.8495486, 1.7123178 46.8480007, 1.7154384 46.8473038, 1.7162083 46.8471319, 1.7218396 46.8458781, 1.7219661 46.8461943, 1.7228041 46.846028, 1.7231073 46.8461407, 1.723133 46.8461616, 1.7232771 46.8462765, 1.723359 46.8464063, 1.7237952 46.8463522, 1.7242645 46.8465509, 1.7253703 46.8469834, 1.7265211 46.8475046, 1.7272382 46.847857, 1.7277558 46.8480464, 1.7288138 46.8484179, 1.7299983 46.8489741, 1.7307937 46.8495665, 1.7314157 46.8503094, 1.7321983 46.8512894, 1.7321187 46.8513694, 1.7318457 46.8519341, 1.7316256 46.8525192, 1.7317421 46.8546222, 1.7317485 46.8547373, 1.7318485 46.8560607, 1.7318762 46.8570972, 1.7315529 46.8576725, 1.731992 46.8581261, 1.7304302 46.8584371, 1.7325697 46.8606602, 1.7366199 46.8648777, 1.7409936 46.8695044, 1.749037 46.8779008))",Number of parked airplanes, Time series of airport throughput at Aéroport de Châteauroux-Centre,BLUE,Aerospacelab SPRL,FR9,Archived
"46.861263796994045,1.7288832862166452",FR,,Châteauroux,Aéroport de Châteauroux-Centre,Airports: Throughput (archived),Count of airplanes on Sentinel-2 image,Sentinel-2,Sentinel 2 L2A,E13b2,2020-01-06T10:53:39,168.8311688,Average value for 2019,2019,100,"X in [61.339543326347965, 138.66045667365202] --> Normal, X < 61.339543326347965 --> Low, X > 138.66045667365202 --> High",High,"POLYGON ((1.749037 46.8779008, 1.7498825 46.878761, 1.7499406 46.8788781, 1.7486206 46.8799464, 1.7480166 46.8802909, 1.7485681 46.8808851, 1.7491623 46.8815154, 1.7502952 46.8827398, 1.7495086 46.8830782, 1.747213 46.8806974, 1.7450777 46.8815337, 1.7448703 46.8816259, 1.7444413 46.8817534, 1.7443192 46.8816568, 1.7438525 46.8812192, 1.7345217 46.8721884, 1.7339066 46.8717077, 1.7334987 46.8714379, 1.7318176 46.8698223, 1.7287355 46.8665767, 1.726463 46.8642011, 1.726152 46.8640019, 1.7257689 46.863793, 1.7252757 46.8636821, 1.7248642 46.8636007, 1.723126 46.8636841, 1.7201466 46.8637622, 1.719174 46.8635097, 1.7177237 46.8623349, 1.7168983 46.86169, 1.7165242 46.8618231, 1.716313 46.8619404, 1.7161902 46.862129, 1.7161239 46.8619819, 1.7158125 46.8612907, 1.7155861 46.8607025, 1.7154953 46.8604665, 1.7159877 46.8600082, 1.7157712 46.8594752, 1.71532 46.8593676, 1.7151964 46.8589813, 1.7149027 46.8584044, 1.7156345 46.8582055, 1.7149449 46.8565195, 1.714903 46.856197, 1.7149882 46.855931, 1.7164765 46.8556033, 1.7163 46.8550694, 1.715738 46.8545896, 1.7153486 46.8535226, 1.7149059 46.8525305, 1.7148813 46.8524754, 1.7137984 46.8526454, 1.713328 46.8514667, 1.71303 46.85072, 1.7140943 46.8505558, 1.713145 46.8495486, 1.7123178 46.8480007, 1.7154384 46.8473038, 1.7162083 46.8471319, 1.7218396 46.8458781, 1.7219661 46.8461943, 1.7228041 46.846028, 1.7231073 46.8461407, 1.723133 46.8461616, 1.7232771 46.8462765, 1.723359 46.8464063, 1.7237952 46.8463522, 1.7242645 46.8465509, 1.7253703 46.8469834, 1.7265211 46.8475046, 1.7272382 46.847857, 1.7277558 46.8480464, 1.7288138 46.8484179, 1.7299983 46.8489741, 1.7307937 46.8495665, 1.7314157 46.8503094, 1.7321983 46.8512894, 1.7321187 46.8513694, 1.7318457 46.8519341, 1.7316256 46.8525192, 1.7317421 46.8546222, 1.7317485 46.8547373, 1.7318485 46.8560607, 1.7318762 46.8570972, 1.7315529 46.8576725, 1.731992 46.8581261, 1.7304302 46.8584371, 1.7325697 46.8606602, 1.7366199 46.8648777, 1.7409936 46.8695044, 1.749037 46.8779008))",Number of parked airplanes, Time series of airport throughput at Aéroport de Châteauroux-Centre,RED,Aerospacelab SPRL,FR9,Archived
"46.861263796994045,1.7288832862166452",FR,,Châteauroux,Aéroport de Châteauroux-Centre,Airports: Throughput (archived),Count of airplanes on Sentinel-2 image,Sentinel-2,Sentinel 2 L2A,E13b2,2020-01-16T10:53:09,168.8311688,Average value for 2019,2019,100,"X in [61.339543326347965, 138.66045667365202] --> Normal, X < 61.339543326347965 --> Low, X > 138.66045667365202 --> High",High,"POLYGON ((1.749037 46.8779008, 1.7498825 46.878761, 1.7499406 46.8788781, 1.7486206 46.8799464, 1.7480166 46.8802909, 1.7485681 46.8808851, 1.7491623 46.8815154, 1.7502952 46.8827398, 1.7495086 46.8830782, 1.747213 46.8806974, 1.7450777 46.8815337, 1.7448703 46.8816259, 1.7444413 46.8817534, 1.7443192 46.8816568, 1.7438525 46.8812192, 1.7345217 46.8721884, 1.7339066 46.8717077, 1.7334987 46.8714379, 1.7318176 46.8698223, 1.7287355 46.8665767, 1.726463 46.8642011, 1.726152 46.8640019, 1.7257689 46.863793, 1.7252757 46.8636821, 1.7248642 46.8636007, 1.723126 46.8636841, 1.7201466 46.8637622, 1.719174 46.8635097, 1.7177237 46.8623349, 1.7168983 46.86169, 1.7165242 46.8618231, 1.716313 46.8619404, 1.7161902 46.862129, 1.7161239 46.8619819, 1.7158125 46.8612907, 1.7155861 46.8607025, 1.7154953 46.8604665, 1.7159877 46.8600082, 1.7157712 46.8594752, 1.71532 46.8593676, 1.7151964 46.8589813, 1.7149027 46.8584044, 1.7156345 46.8582055, 1.7149449 46.8565195, 1.714903 46.856197, 1.7149882 46.855931, 1.7164765 46.8556033, 1.7163 46.8550694, 1.715738 46.8545896, 1.7153486 46.8535226, 1.7149059 46.8525305, 1.7148813 46.8524754, 1.7137984 46.8526454, 1.713328 46.8514667, 1.71303 46.85072, 1.7140943 46.8505558, 1.713145 46.8495486, 1.7123178 46.8480007, 1.7154384 46.8473038, 1.7162083 46.8471319, 1.7218396 46.8458781, 1.7219661 46.8461943, 1.7228041 46.846028, 1.7231073 46.8461407, 1.723133 46.8461616, 1.7232771 46.8462765, 1.723359 46.8464063, 1.7237952 46.8463522, 1.7242645 46.8465509, 1.7253703 46.8469834, 1.7265211 46.8475046, 1.7272382 46.847857, 1.7277558 46.8480464, 1.7288138 46.8484179, 1.7299983 46.8489741, 1.7307937 46.8495665, 1.7314157 46.8503094, 1.7321983 46.8512894, 1.7321187 46.8513694, 1.7318457 46.8519341, 1.7316256 46.8525192, 1.7317421 46.8546222, 1.7317485 46.8547373, 1.7318485 46.8560607, 1.7318762 46.8570972, 1.7315529 46.8576725, 1.731992 46.8581261, 1.7304302 46.8584371, 1.7325697 46.8606602, 1.7366199 46.8648777, 1.7409936 46.8695044, 1.749037 46.8779008))",Number of parked airplanes, Time series of airport throughput at Aéroport de Châteauroux-Centre,RED,Aerospacelab SPRL,FR9,Archived
"46.861263796994045,1.7288832862166452",FR,,Châteauroux,Aéroport de Châteauroux-Centre,Airports: Throughput (archived),Count of airplanes on Sentinel-2 image,Sentinel-2,Sentinel 2 L2A,E13b2,2020-01-21T10:53:41,236.3636364,Average value for 2019,2019,100,"X in [61.339543326347965, 138.66045667365202] --> Normal, X < 61.339543326347965 --> Low, X > 138.66045667365202 --> High",High,"POLYGON ((1.749037 46.8779008, 1.7498825 46.878761, 1.7499406 46.8788781, 1.7486206 46.8799464, 1.7480166 46.8802909, 1.7485681 46.8808851, 1.7491623 46.8815154, 1.7502952 46.8827398, 1.7495086 46.8830782, 1.747213 46.8806974, 1.7450777 46.8815337, 1.7448703 46.8816259, 1.7444413 46.8817534, 1.7443192 46.8816568, 1.7438525 46.8812192, 1.7345217 46.8721884, 1.7339066 46.8717077, 1.7334987 46.8714379, 1.7318176 46.8698223, 1.7287355 46.8665767, 1.726463 46.8642011, 1.726152 46.8640019, 1.7257689 46.863793, 1.7252757 46.8636821, 1.7248642 46.8636007, 1.723126 46.8636841, 1.7201466 46.8637622, 1.719174 46.8635097, 1.7177237 46.8623349, 1.7168983 46.86169, 1.7165242 46.8618231, 1.716313 46.8619404, 1.7161902 46.862129, 1.7161239 46.8619819, 1.7158125 46.8612907, 1.7155861 46.8607025, 1.7154953 46.8604665, 1.7159877 46.8600082, 1.7157712 46.8594752, 1.71532 46.8593676, 1.7151964 46.8589813, 1.7149027 46.8584044, 1.7156345 46.8582055, 1.7149449 46.8565195, 1.714903 46.856197, 1.7149882 46.855931, 1.7164765 46.8556033, 1.7163 46.8550694, 1.715738 46.8545896, 1.7153486 46.8535226, 1.7149059 46.8525305, 1.7148813 46.8524754, 1.7137984 46.8526454, 1.713328 46.8514667, 1.71303 46.85072, 1.7140943 46.8505558, 1.713145 46.8495486, 1.7123178 46.8480007, 1.7154384 46.8473038, 1.7162083 46.8471319, 1.7218396 46.8458781, 1.7219661 46.8461943, 1.7228041 46.846028, 1.7231073 46.8461407, 1.723133 46.8461616, 1.7232771 46.8462765, 1.723359 46.8464063, 1.7237952 46.8463522, 1.7242645 46.8465509, 1.7253703 46.8469834, 1.7265211 46.8475046, 1.7272382 46.847857, 1.7277558 46.8480464, 1.7288138 46.8484179, 1.7299983 46.8489741, 1.7307937 46.8495665, 1.7314157 46.8503094, 1.7321983 46.8512894, 1.7321187 46.8513694, 1.7318457 46.8519341, 1.7316256 46.8525192, 1.7317421 46.8546222, 1.7317485 46.8547373, 1.7318485 46.8560607, 1.7318762 46.8570972, 1.7315529 46.8576725, 1.731992 46.8581261, 1.7304302 46.8584371, 1.7325697 46.8606602, 1.7366199 46.8648777, 1.7409936 46.8695044, 1.749037 46.8779008))",Number of parked airplanes, Time series of airport throughput at Aéroport de Châteauroux-Centre,RED,Aerospacelab SPRL,FR9,Archived
"46.861263796994045,1.7288832862166452",FR,,Châteauroux,Aéroport de Châteauroux-Centre,Airports: Throughput (archived),Count of airplanes on Sentinel-2 image,Sentinel-2,Sentinel 2 L2A,E13b2,2020-03-26T10:46:39,236.3636364,Average value for 2019,2019,100,"X in [61.339543326347965, 138.66045667365202] --> Normal, X < 61.339543326347965 --> Low, X > 138.66045667365202 --> High",High,"POLYGON ((1.749037 46.8779008, 1.7498825 46.878761, 1.7499406 46.8788781, 1.7486206 46.8799464, 1.7480166 46.8802909, 1.7485681 46.8808851, 1.7491623 46.8815154, 1.7502952 46.8827398, 1.7495086 46.8830782, 1.747213 46.8806974, 1.7450777 46.8815337, 1.7448703 46.8816259, 1.7444413 46.8817534, 1.7443192 46.8816568, 1.7438525 46.8812192, 1.7345217 46.8721884, 1.7339066 46.8717077, 1.7334987 46.8714379, 1.7318176 46.8698223, 1.7287355 46.8665767, 1.726463 46.8642011, 1.726152 46.8640019, 1.7257689 46.863793, 1.7252757 46.8636821, 1.7248642 46.8636007, 1.723126 46.8636841, 1.7201466 46.8637622, 1.719174 46.8635097, 1.7177237 46.8623349, 1.7168983 46.86169, 1.7165242 46.8618231, 1.716313 46.8619404, 1.7161902 46.862129, 1.7161239 46.8619819, 1.7158125 46.8612907, 1.7155861 46.8607025, 1.7154953 46.8604665, 1.7159877 46.8600082, 1.7157712 46.8594752, 1.71532 46.8593676, 1.7151964 46.8589813, 1.7149027 46.8584044, 1.7156345 46.8582055, 1.7149449 46.8565195, 1.714903 46.856197, 1.7149882 46.855931, 1.7164765 46.8556033, 1.7163 46.8550694, 1.715738 46.8545896, 1.7153486 46.8535226, 1.7149059 46.8525305, 1.7148813 46.8524754, 1.7137984 46.8526454, 1.713328 46.8514667, 1.71303 46.85072, 1.7140943 46.8505558, 1.713145 46.8495486, 1.7123178 46.8480007, 1.7154384 46.8473038, 1.7162083 46.8471319, 1.7218396 46.8458781, 1.7219661 46.8461943, 1.7228041 46.846028, 1.7231073 46.8461407, 1.723133 46.8461616, 1.7232771 46.8462765, 1.723359 46.8464063, 1.7237952 46.8463522, 1.7242645 46.8465509, 1.7253703 46.8469834, 1.7265211 46.8475046, 1.7272382 46.847857, 1.7277558 46.8480464, 1.7288138 46.8484179, 1.7299983 46.8489741, 1.7307937 46.8495665, 1.7314157 46.8503094, 1.7321983 46.8512894, 1.7321187 46.8513694, 1.7318457 46.8519341, 1.7316256 46.8525192, 1.7317421 46.8546222, 1.7317485 46.8547373, 1.7318485 46.8560607, 1.7318762 46.8570972, 1.7315529 46.8576725, 1.731992 46.8581261, 1.7304302 46.8584371, 1.7325697 46.8606602, 1.7366199 46.8648777, 1.7409936 46.8695044, 1.749037 46.8779008))",Number of parked airplanes, Time series of airport throughput at Aéroport de Châteauroux-Centre,RED,Aerospacelab SPRL,FR9,Archived
"46.861263796994045,1.7288832862166452",FR,,Châteauroux,Aéroport de Châteauroux-Centre,Airports: Throughput (archived),Count of airplanes on Sentinel-2 image,Sentinel-2,Sentinel 2 L2A,E13b2,2020-03-31T10:50:21,303.8961039,Average value for 2019,2019,100,"X in [61.339543326347965, 138.66045667365202] --> Normal, X < 61.339543326347965 --> Low, X > 138.66045667365202 --> High",High,"POLYGON ((1.749037 46.8779008, 1.7498825 46.878761, 1.7499406 46.8788781, 1.7486206 46.8799464, 1.7480166 46.8802909, 1.7485681 46.8808851, 1.7491623 46.8815154, 1.7502952 46.8827398, 1.7495086 46.8830782, 1.747213 46.8806974, 1.7450777 46.8815337, 1.7448703 46.8816259, 1.7444413 46.8817534, 1.7443192 46.8816568, 1.7438525 46.8812192, 1.7345217 46.8721884, 1.7339066 46.8717077, 1.7334987 46.8714379, 1.7318176 46.8698223, 1.7287355 46.8665767, 1.726463 46.8642011, 1.726152 46.8640019, 1.7257689 46.863793, 1.7252757 46.8636821, 1.7248642 46.8636007, 1.723126 46.8636841, 1.7201466 46.8637622, 1.719174 46.8635097, 1.7177237 46.8623349, 1.7168983 46.86169, 1.7165242 46.8618231, 1.716313 46.8619404, 1.7161902 46.862129, 1.7161239 46.8619819, 1.7158125 46.8612907, 1.7155861 46.8607025, 1.7154953 46.8604665, 1.7159877 46.8600082, 1.7157712 46.8594752, 1.71532 46.8593676, 1.7151964 46.8589813, 1.7149027 46.8584044, 1.7156345 46.8582055, 1.7149449 46.8565195, 1.714903 46.856197, 1.7149882 46.855931, 1.7164765 46.8556033, 1.7163 46.8550694, 1.715738 46.8545896, 1.7153486 46.8535226, 1.7149059 46.8525305, 1.7148813 46.8524754, 1.7137984 46.8526454, 1.713328 46.8514667, 1.71303 46.85072, 1.7140943 46.8505558, 1.713145 46.8495486, 1.7123178 46.8480007, 1.7154384 46.8473038, 1.7162083 46.8471319, 1.7218396 46.8458781, 1.7219661 46.8461943, 1.7228041 46.846028, 1.7231073 46.8461407, 1.723133 46.8461616, 1.7232771 46.8462765, 1.723359 46.8464063, 1.7237952 46.8463522, 1.7242645 46.8465509, 1.7253703 46.8469834, 1.7265211 46.8475046, 1.7272382 46.847857, 1.7277558 46.8480464, 1.7288138 46.8484179, 1.7299983 46.8489741, 1.7307937 46.8495665, 1.7314157 46.8503094, 1.7321983 46.8512894, 1.7321187 46.8513694, 1.7318457 46.8519341, 1.7316256 46.8525192, 1.7317421 46.8546222, 1.7317485 46.8547373, 1.7318485 46.8560607, 1.7318762 46.8570972, 1.7315529 46.8576725, 1.731992 46.8581261, 1.7304302 46.8584371, 1.7325697 46.8606602, 1.7366199 46.8648777, 1.7409936 46.8695044, 1.749037 46.8779008))",Number of parked airplanes, Time series of airport throughput at Aéroport de Châteauroux-Centre,RED,Aerospacelab SPRL,FR9,Archived
"46.861263796994045,1.7288832862166452",FR,,Châteauroux,Aéroport de Châteauroux-Centre,Airports: Throughput (archived),Count of airplanes on Sentinel-2 image,Sentinel-2,Sentinel 2 L2A,E13b2,2020-04-05T10:46:19,287.012987,Average value for 2019,2019,100,"X in [61.339543326347965, 138.66045667365202] --> Normal, X < 61.339543326347965 --> Low, X > 138.66045667365202 --> High",High,"POLYGON ((1.749037 46.8779008, 1.7498825 46.878761, 1.7499406 46.8788781, 1.7486206 46.8799464, 1.7480166 46.8802909, 1.7485681 46.8808851, 1.7491623 46.8815154, 1.7502952 46.8827398, 1.7495086 46.8830782, 1.747213 46.8806974, 1.7450777 46.8815337, 1.7448703 46.8816259, 1.7444413 46.8817534, 1.7443192 46.8816568, 1.7438525 46.8812192, 1.7345217 46.8721884, 1.7339066 46.8717077, 1.7334987 46.8714379, 1.7318176 46.8698223, 1.7287355 46.8665767, 1.726463 46.8642011, 1.726152 46.8640019, 1.7257689 46.863793, 1.7252757 46.8636821, 1.7248642 46.8636007, 1.723126 46.8636841, 1.7201466 46.8637622, 1.719174 46.8635097, 1.7177237 46.8623349, 1.7168983 46.86169, 1.7165242 46.8618231, 1.716313 46.8619404, 1.7161902 46.862129, 1.7161239 46.8619819, 1.7158125 46.8612907, 1.7155861 46.8607025, 1.7154953 46.8604665, 1.7159877 46.8600082, 1.7157712 46.8594752, 1.71532 46.8593676, 1.7151964 46.8589813, 1.7149027 46.8584044, 1.7156345 46.8582055, 1.7149449 46.8565195, 1.714903 46.856197, 1.7149882 46.855931, 1.7164765 46.8556033, 1.7163 46.8550694, 1.715738 46.8545896, 1.7153486 46.8535226, 1.7149059 46.8525305, 1.7148813 46.8524754, 1.7137984 46.8526454, 1.713328 46.8514667, 1.71303 46.85072, 1.7140943 46.8505558, 1.713145 46.8495486, 1.7123178 46.8480007, 1.7154384 46.8473038, 1.7162083 46.8471319, 1.7218396 46.8458781, 1.7219661 46.8461943, 1.7228041 46.846028, 1.7231073 46.8461407, 1.723133 46.8461616, 1.7232771 46.8462765, 1.723359 46.8464063, 1.7237952 46.8463522, 1.7242645 46.8465509, 1.7253703 46.8469834, 1.7265211 46.8475046, 1.7272382 46.847857, 1.7277558 46.8480464, 1.7288138 46.8484179, 1.7299983 46.8489741, 1.7307937 46.8495665, 1.7314157 46.8503094, 1.7321983 46.8512894, 1.7321187 46.8513694, 1.7318457 46.8519341, 1.7316256 46.8525192, 1.7317421 46.8546222, 1.7317485 46.8547373, 1.7318485 46.8560607, 1.7318762 46.8570972, 1.7315529 46.8576725, 1.731992 46.8581261, 1.7304302 46.8584371, 1.7325697 46.8606602, 1.7366199 46.8648777, 1.7409936 46.8695044, 1.749037 46.8779008))",Number of parked airplanes, Time series of airport throughput at Aéroport de Châteauroux-Centre,RED,Aerospacelab SPRL,FR9,Archived
"46.861263796994045,1.7288832862166452",FR,,Châteauroux,Aéroport de Châteauroux-Centre,Airports: Throughput (archived),Count of airplanes on Sentinel-2 image,Sentinel-2,Sentinel 2 L2A,E13b2,2020-04-10T10:50:31,472.7272727,Average value for 2019,2019,100,"X in [61.339543326347965, 138.66045667365202] --> Normal, X < 61.339543326347965 --> Low, X > 138.66045667365202 --> High",High,"POLYGON ((1.749037 46.8779008, 1.7498825 46.878761, 1.7499406 46.8788781, 1.7486206 46.8799464, 1.7480166 46.8802909, 1.7485681 46.8808851, 1.7491623 46.8815154, 1.7502952 46.8827398, 1.7495086 46.8830782, 1.747213 46.8806974, 1.7450777 46.8815337, 1.7448703 46.8816259, 1.7444413 46.8817534, 1.7443192 46.8816568, 1.7438525 46.8812192, 1.7345217 46.8721884, 1.7339066 46.8717077, 1.7334987 46.8714379, 1.7318176 46.8698223, 1.7287355 46.8665767, 1.726463 46.8642011, 1.726152 46.8640019, 1.7257689 46.863793, 1.7252757 46.8636821, 1.7248642 46.8636007, 1.723126 46.8636841, 1.7201466 46.8637622, 1.719174 46.8635097, 1.7177237 46.8623349, 1.7168983 46.86169, 1.7165242 46.8618231, 1.716313 46.8619404, 1.7161902 46.862129, 1.7161239 46.8619819, 1.7158125 46.8612907, 1.7155861 46.8607025, 1.7154953 46.8604665, 1.7159877 46.8600082, 1.7157712 46.8594752, 1.71532 46.8593676, 1.7151964 46.8589813, 1.7149027 46.8584044, 1.7156345 46.8582055, 1.7149449 46.8565195, 1.714903 46.856197, 1.7149882 46.855931, 1.7164765 46.8556033, 1.7163 46.8550694, 1.715738 46.8545896, 1.7153486 46.8535226, 1.7149059 46.8525305, 1.7148813 46.8524754, 1.7137984 46.8526454, 1.713328 46.8514667, 1.71303 46.85072, 1.7140943 46.8505558, 1.713145 46.8495486, 1.7123178 46.8480007, 1.7154384 46.8473038, 1.7162083 46.8471319, 1.7218396 46.8458781, 1.7219661 46.8461943, 1.7228041 46.846028, 1.7231073 46.8461407, 1.723133 46.8461616, 1.7232771 46.8462765, 1.723359 46.8464063, 1.7237952 46.8463522, 1.7242645 46.8465509, 1.7253703 46.8469834, 1.7265211 46.8475046, 1.7272382 46.847857, 1.7277558 46.8480464, 1.7288138 46.8484179, 1.7299983 46.8489741, 1.7307937 46.8495665, 1.7314157 46.8503094, 1.7321983 46.8512894, 1.7321187 46.8513694, 1.7318457 46.8519341, 1.7316256 46.8525192, 1.7317421 46.8546222, 1.7317485 46.8547373, 1.7318485 46.8560607, 1.7318762 46.8570972, 1.7315529 46.8576725, 1.731992 46.8581261, 1.7304302 46.8584371, 1.7325697 46.8606602, 1.7366199 46.8648777, 1.7409936 46.8695044, 1.749037 46.8779008))",Number of parked airplanes, Time series of airport throughput at Aéroport de Châteauroux-Centre,RED,Aerospacelab SPRL,FR9,Archived
"46.861263796994045,1.7288832862166452",FR,,Châteauroux,Aéroport de Châteauroux-Centre,Airports: Throughput (archived),Count of airplanes on Sentinel-2 image,Sentinel-2,Sentinel 2 L2A,E13b2,2020-04-15T10:46:19,574.025974,Average value for 2019,2019,100,"X in [61.339543326347965, 138.66045667365202] --> Normal, X < 61.339543326347965 --> Low, X > 138.66045667365202 --> High",High,"POLYGON ((1.749037 46.8779008, 1.7498825 46.878761, 1.7499406 46.8788781, 1.7486206 46.8799464, 1.7480166 46.8802909, 1.7485681 46.8808851, 1.7491623 46.8815154, 1.7502952 46.8827398, 1.7495086 46.8830782, 1.747213 46.8806974, 1.7450777 46.8815337, 1.7448703 46.8816259, 1.7444413 46.8817534, 1.7443192 46.8816568, 1.7438525 46.8812192, 1.7345217 46.8721884, 1.7339066 46.8717077, 1.7334987 46.8714379, 1.7318176 46.8698223, 1.7287355 46.8665767, 1.726463 46.8642011, 1.726152 46.8640019, 1.7257689 46.863793, 1.7252757 46.8636821, 1.7248642 46.8636007, 1.723126 46.8636841, 1.7201466 46.8637622, 1.719174 46.8635097, 1.7177237 46.8623349, 1.7168983 46.86169, 1.7165242 46.8618231, 1.716313 46.8619404, 1.7161902 46.862129, 1.7161239 46.8619819, 1.7158125 46.8612907, 1.7155861 46.8607025, 1.7154953 46.8604665, 1.7159877 46.8600082, 1.7157712 46.8594752, 1.71532 46.8593676, 1.7151964 46.8589813, 1.7149027 46.8584044, 1.7156345 46.8582055, 1.7149449 46.8565195, 1.714903 46.856197, 1.7149882 46.855931, 1.7164765 46.8556033, 1.7163 46.8550694, 1.715738 46.8545896, 1.7153486 46.8535226, 1.7149059 46.8525305, 1.7148813 46.8524754, 1.7137984 46.8526454, 1.713328 46.8514667, 1.71303 46.85072, 1.7140943 46.8505558, 1.713145 46.8495486, 1.7123178 46.8480007, 1.7154384 46.8473038, 1.7162083 46.8471319, 1.7218396 46.8458781, 1.7219661 46.8461943, 1.7228041 46.846028, 1.7231073 46.8461407, 1.723133 46.8461616, 1.7232771 46.8462765, 1.723359 46.8464063, 1.7237952 46.8463522, 1.7242645 46.8465509, 1.7253703 46.8469834, 1.7265211 46.8475046, 1.7272382 46.847857, 1.7277558 46.8480464, 1.7288138 46.8484179, 1.7299983 46.8489741, 1.7307937 46.8495665, 1.7314157 46.8503094, 1.7321983 46.8512894, 1.7321187 46.8513694, 1.7318457 46.8519341, 1.7316256 46.8525192, 1.7317421 46.8546222, 1.7317485 46.8547373, 1.7318485 46.8560607, 1.7318762 46.8570972, 1.7315529 46.8576725, 1.731992 46.8581261, 1.7304302 46.8584371, 1.7325697 46.8606602, 1.7366199 46.8648777, 1.7409936 46.8695044, 1.749037 46.8779008))",Number of parked airplanes, Time series of airport throughput at Aéroport de Châteauroux-Centre,RED,Aerospacelab SPRL,FR9,Archived
"46.861263796994045,1.7288832862166452",FR,,Châteauroux,Aéroport de Châteauroux-Centre,Airports: Throughput (archived),Count of airplanes on Sentinel-2 image,Sentinel-2,Sentinel 2 L2A,E13b2,2020-05-15T10:46:19,405.1948052,Average value for 2019,2019,100,"X in [61.339543326347965, 138.66045667365202] --> Normal, X < 61.339543326347965 --> Low, X > 138.66045667365202 --> High",High,"POLYGON ((1.749037 46.8779008, 1.7498825 46.878761, 1.7499406 46.8788781, 1.7486206 46.8799464, 1.7480166 46.8802909, 1.7485681 46.8808851, 1.7491623 46.8815154, 1.7502952 46.8827398, 1.7495086 46.8830782, 1.747213 46.8806974, 1.7450777 46.8815337, 1.7448703 46.8816259, 1.7444413 46.8817534, 1.7443192 46.8816568, 1.7438525 46.8812192, 1.7345217 46.8721884, 1.7339066 46.8717077, 1.7334987 46.8714379, 1.7318176 46.8698223, 1.7287355 46.8665767, 1.726463 46.8642011, 1.726152 46.8640019, 1.7257689 46.863793, 1.7252757 46.8636821, 1.7248642 46.8636007, 1.723126 46.8636841, 1.7201466 46.8637622, 1.719174 46.8635097, 1.7177237 46.8623349, 1.7168983 46.86169, 1.7165242 46.8618231, 1.716313 46.8619404, 1.7161902 46.862129, 1.7161239 46.8619819, 1.7158125 46.8612907, 1.7155861 46.8607025, 1.7154953 46.8604665, 1.7159877 46.8600082, 1.7157712 46.8594752, 1.71532 46.8593676, 1.7151964 46.8589813, 1.7149027 46.8584044, 1.7156345 46.8582055, 1.7149449 46.8565195, 1.714903 46.856197, 1.7149882 46.855931, 1.7164765 46.8556033, 1.7163 46.8550694, 1.715738 46.8545896, 1.7153486 46.8535226, 1.7149059 46.8525305, 1.7148813 46.8524754, 1.7137984 46.8526454, 1.713328 46.8514667, 1.71303 46.85072, 1.7140943 46.8505558, 1.713145 46.8495486, 1.7123178 46.8480007, 1.7154384 46.8473038, 1.7162083 46.8471319, 1.7218396 46.8458781, 1.7219661 46.8461943, 1.7228041 46.846028, 1.7231073 46.8461407, 1.723133 46.8461616, 1.7232771 46.8462765, 1.723359 46.8464063, 1.7237952 46.8463522, 1.7242645 46.8465509, 1.7253703 46.8469834, 1.7265211 46.8475046, 1.7272382 46.847857, 1.7277558 46.8480464, 1.7288138 46.8484179, 1.7299983 46.8489741, 1.7307937 46.8495665, 1.7314157 46.8503094, 1.7321983 46.8512894, 1.7321187 46.8513694, 1.7318457 46.8519341, 1.7316256 46.8525192, 1.7317421 46.8546222, 1.7317485 46.8547373, 1.7318485 46.8560607, 1.7318762 46.8570972, 1.7315529 46.8576725, 1.731992 46.8581261, 1.7304302 46.8584371, 1.7325697 46.8606602, 1.7366199 46.8648777, 1.7409936 46.8695044, 1.749037 46.8779008))",Number of parked airplanes, Time series of airport throughput at Aéroport de Châteauroux-Centre,RED,Aerospacelab SPRL,FR9,Archived
"46.861263796994045,1.7288832862166452",FR,,Châteauroux,Aéroport de Châteauroux-Centre,Airports: Throughput (archived),Count of airplanes on Sentinel-2 image,Sentinel-2,Sentinel 2 L2A,E13b2,2020-05-20T10:50:31,877.9220779,Average value for 2019,2019,100,"X in [61.339543326347965, 138.66045667365202] --> Normal, X < 61.339543326347965 --> Low, X > 138.66045667365202 --> High",High,"POLYGON ((1.749037 46.8779008, 1.7498825 46.878761, 1.7499406 46.8788781, 1.7486206 46.8799464, 1.7480166 46.8802909, 1.7485681 46.8808851, 1.7491623 46.8815154, 1.7502952 46.8827398, 1.7495086 46.8830782, 1.747213 46.8806974, 1.7450777 46.8815337, 1.7448703 46.8816259, 1.7444413 46.8817534, 1.7443192 46.8816568, 1.7438525 46.8812192, 1.7345217 46.8721884, 1.7339066 46.8717077, 1.7334987 46.8714379, 1.7318176 46.8698223, 1.7287355 46.8665767, 1.726463 46.8642011, 1.726152 46.8640019, 1.7257689 46.863793, 1.7252757 46.8636821, 1.7248642 46.8636007, 1.723126 46.8636841, 1.7201466 46.8637622, 1.719174 46.8635097, 1.7177237 46.8623349, 1.7168983 46.86169, 1.7165242 46.8618231, 1.716313 46.8619404, 1.7161902 46.862129, 1.7161239 46.8619819, 1.7158125 46.8612907, 1.7155861 46.8607025, 1.7154953 46.8604665, 1.7159877 46.8600082, 1.7157712 46.8594752, 1.71532 46.8593676, 1.7151964 46.8589813, 1.7149027 46.8584044, 1.7156345 46.8582055, 1.7149449 46.8565195, 1.714903 46.856197, 1.7149882 46.855931, 1.7164765 46.8556033, 1.7163 46.8550694, 1.715738 46.8545896, 1.7153486 46.8535226, 1.7149059 46.8525305, 1.7148813 46.8524754, 1.7137984 46.8526454, 1.713328 46.8514667, 1.71303 46.85072, 1.7140943 46.8505558, 1.713145 46.8495486, 1.7123178 46.8480007, 1.7154384 46.8473038, 1.7162083 46.8471319, 1.7218396 46.8458781, 1.7219661 46.8461943, 1.7228041 46.846028, 1.7231073 46.8461407, 1.723133 46.8461616, 1.7232771 46.8462765, 1.723359 46.8464063, 1.7237952 46.8463522, 1.7242645 46.8465509, 1.7253703 46.8469834, 1.7265211 46.8475046, 1.7272382 46.847857, 1.7277558 46.8480464, 1.7288138 46.8484179, 1.7299983 46.8489741, 1.7307937 46.8495665, 1.7314157 46.8503094, 1.7321983 46.8512894, 1.7321187 46.8513694, 1.7318457 46.8519341, 1.7316256 46.8525192, 1.7317421 46.8546222, 1.7317485 46.8547373, 1.7318485 46.8560607, 1.7318762 46.8570972, 1.7315529 46.8576725, 1.731992 46.8581261, 1.7304302 46.8584371, 1.7325697 46.8606602, 1.7366199 46.8648777, 1.7409936 46.8695044, 1.749037 46.8779008))",Number of parked airplanes, Time series of airport throughput at Aéroport de Châteauroux-Centre,RED,Aerospacelab SPRL,FR9,Archived
"46.861263796994045,1.7288832862166452",FR,,Châteauroux,Aéroport de Châteauroux-Centre,Airports: Throughput (archived),Count of airplanes on Sentinel-2 image,Sentinel-2,Sentinel 2 L2A,E13b2,2020-05-25T10:46:19,641.5584416,Average value for 2019,2019,100,"X in [61.339543326347965, 138.66045667365202] --> Normal, X < 61.339543326347965 --> Low, X > 138.66045667365202 --> High",High,"POLYGON ((1.749037 46.8779008, 1.7498825 46.878761, 1.7499406 46.8788781, 1.7486206 46.8799464, 1.7480166 46.8802909, 1.7485681 46.8808851, 1.7491623 46.8815154, 1.7502952 46.8827398, 1.7495086 46.8830782, 1.747213 46.8806974, 1.7450777 46.8815337, 1.7448703 46.8816259, 1.7444413 46.8817534, 1.7443192 46.8816568, 1.7438525 46.8812192, 1.7345217 46.8721884, 1.7339066 46.8717077, 1.7334987 46.8714379, 1.7318176 46.8698223, 1.7287355 46.8665767, 1.726463 46.8642011, 1.726152 46.8640019, 1.7257689 46.863793, 1.7252757 46.8636821, 1.7248642 46.8636007, 1.723126 46.8636841, 1.7201466 46.8637622, 1.719174 46.8635097, 1.7177237 46.8623349, 1.7168983 46.86169, 1.7165242 46.8618231, 1.716313 46.8619404, 1.7161902 46.862129, 1.7161239 46.8619819, 1.7158125 46.8612907, 1.7155861 46.8607025, 1.7154953 46.8604665, 1.7159877 46.8600082, 1.7157712 46.8594752, 1.71532 46.8593676, 1.7151964 46.8589813, 1.7149027 46.8584044, 1.7156345 46.8582055, 1.7149449 46.8565195, 1.714903 46.856197, 1.7149882 46.855931, 1.7164765 46.8556033, 1.7163 46.8550694, 1.715738 46.8545896, 1.7153486 46.8535226, 1.7149059 46.8525305, 1.7148813 46.8524754, 1.7137984 46.8526454, 1.713328 46.8514667, 1.71303 46.85072, 1.7140943 46.8505558, 1.713145 46.8495486, 1.7123178 46.8480007, 1.7154384 46.8473038, 1.7162083 46.8471319, 1.7218396 46.8458781, 1.7219661 46.8461943, 1.7228041 46.846028, 1.7231073 46.8461407, 1.723133 46.8461616, 1.7232771 46.8462765, 1.723359 46.8464063, 1.7237952 46.8463522, 1.7242645 46.8465509, 1.7253703 46.8469834, 1.7265211 46.8475046, 1.7272382 46.847857, 1.7277558 46.8480464, 1.7288138 46.8484179, 1.7299983 46.8489741, 1.7307937 46.8495665, 1.7314157 46.8503094, 1.7321983 46.8512894, 1.7321187 46.8513694, 1.7318457 46.8519341, 1.7316256 46.8525192, 1.7317421 46.8546222, 1.7317485 46.8547373, 1.7318485 46.8560607, 1.7318762 46.8570972, 1.7315529 46.8576725, 1.731992 46.8581261, 1.7304302 46.8584371, 1.7325697 46.8606602, 1.7366199 46.8648777, 1.7409936 46.8695044, 1.749037 46.8779008))",Number of parked airplanes, Time series of airport throughput at Aéroport de Châteauroux-Centre,RED,Aerospacelab SPRL,FR9,Archived
"46.861263796994045,1.7288832862166452",FR,,Châteauroux,Aéroport de Châteauroux-Centre,Airports: Throughput (archived),Count of airplanes on Sentinel-2 image,Sentinel-2,Sentinel 2 L2A,E13b2,2020-05-30T10:50:31,810.3896104,Average value for 2019,2019,100,"X in [61.339543326347965, 138.66045667365202] --> Normal, X < 61.339543326347965 --> Low, X > 138.66045667365202 --> High",High,"POLYGON ((1.749037 46.8779008, 1.7498825 46.878761, 1.7499406 46.8788781, 1.7486206 46.8799464, 1.7480166 46.8802909, 1.7485681 46.8808851, 1.7491623 46.8815154, 1.7502952 46.8827398, 1.7495086 46.8830782, 1.747213 46.8806974, 1.7450777 46.8815337, 1.7448703 46.8816259, 1.7444413 46.8817534, 1.7443192 46.8816568, 1.7438525 46.8812192, 1.7345217 46.8721884, 1.7339066 46.8717077, 1.7334987 46.8714379, 1.7318176 46.8698223, 1.7287355 46.8665767, 1.726463 46.8642011, 1.726152 46.8640019, 1.7257689 46.863793, 1.7252757 46.8636821, 1.7248642 46.8636007, 1.723126 46.8636841, 1.7201466 46.8637622, 1.719174 46.8635097, 1.7177237 46.8623349, 1.7168983 46.86169, 1.7165242 46.8618231, 1.716313 46.8619404, 1.7161902 46.862129, 1.7161239 46.8619819, 1.7158125 46.8612907, 1.7155861 46.8607025, 1.7154953 46.8604665, 1.7159877 46.8600082, 1.7157712 46.8594752, 1.71532 46.8593676, 1.7151964 46.8589813, 1.7149027 46.8584044, 1.7156345 46.8582055, 1.7149449 46.8565195, 1.714903 46.856197, 1.7149882 46.855931, 1.7164765 46.8556033, 1.7163 46.8550694, 1.715738 46.8545896, 1.7153486 46.8535226, 1.7149059 46.8525305, 1.7148813 46.8524754, 1.7137984 46.8526454, 1.713328 46.8514667, 1.71303 46.85072, 1.7140943 46.8505558, 1.713145 46.8495486, 1.7123178 46.8480007, 1.7154384 46.8473038, 1.7162083 46.8471319, 1.7218396 46.8458781, 1.7219661 46.8461943, 1.7228041 46.846028, 1.7231073 46.8461407, 1.723133 46.8461616, 1.7232771 46.8462765, 1.723359 46.8464063, 1.7237952 46.8463522, 1.7242645 46.8465509, 1.7253703 46.8469834, 1.7265211 46.8475046, 1.7272382 46.847857, 1.7277558 46.8480464, 1.7288138 46.8484179, 1.7299983 46.8489741, 1.7307937 46.8495665, 1.7314157 46.8503094, 1.7321983 46.8512894, 1.7321187 46.8513694, 1.7318457 46.8519341, 1.7316256 46.8525192, 1.7317421 46.8546222, 1.7317485 46.8547373, 1.7318485 46.8560607, 1.7318762 46.8570972, 1.7315529 46.8576725, 1.731992 46.8581261, 1.7304302 46.8584371, 1.7325697 46.8606602, 1.7366199 46.8648777, 1.7409936 46.8695044, 1.749037 46.8779008))",Number of parked airplanes, Time series of airport throughput at Aéroport de Châteauroux-Centre,RED,Aerospacelab SPRL,FR9,Archived
"41.80710100142961,12.253597669510512",IT,,Rome,Aeroporto di Roma-Fiumicino,Airports: Throughput (archived),Count of airplanes on Sentinel-2 image,Sentinel-2,Sentinel 2 L2A,E13b2,2019-06-05T10:00:39,94.11764706,Average value for 2019,2019,100,"X in [85.85972256406612, 114.1402774359339] --> Normal, X < 85.85972256406612 --> Low, X > 114.1402774359339 --> High",Normal,"POLYGON ((12.2706818 41.7892322, 12.2677808 41.7929695, 12.2653676 41.7960144, 12.2684792 41.7968901, 12.268011 41.7978337, 12.2695398 41.7983186, 12.2715219 41.7988655, 12.2709541 41.7999003, 12.2707062 41.800247, 12.2699903 41.8017098, 12.2700178 41.8019442, 12.2695251 41.8029205, 12.2697588 41.8029887, 12.2728846 41.8038458, 12.2731334 41.8039119, 12.2736519 41.8028334, 12.2737717 41.8027795, 12.2740353 41.802849, 12.274201 41.8026799, 12.277834 41.8036748, 12.2778052 41.8037215, 12.2780508 41.8037903, 12.2780803 41.8037447, 12.2794516 41.8041198, 12.2795994 41.8057239, 12.2812572 41.8067412, 12.2813191 41.8074794, 12.2662755 41.8435213, 12.2645447 41.847684, 12.2634162 41.8503923, 12.2631826 41.8506165, 12.2629265 41.8507179, 12.262679 41.8507346, 12.2603526 41.8501928, 12.2598025 41.8514477, 12.2598613 41.8514966, 12.2597544 41.8517388, 12.259639 41.8517086, 12.2595788 41.8518059, 12.2594151 41.8521957, 12.2594888 41.8522131, 12.2586177 41.8542539, 12.2574724 41.8539855, 12.2584992 41.8515501, 12.2584852 41.8514398, 12.2585876 41.8511935, 12.2586583 41.8511649, 12.2591677 41.849908, 12.2540055 41.8486938, 12.2690801 41.812681, 12.2621206 41.810763, 12.2613971 41.8116682, 12.2606682 41.811371, 12.2608505 41.8104319, 12.2372046 41.803854, 12.2320785 41.8161844, 12.2299653 41.8170318, 12.2286644 41.8199432, 12.2213775 41.817876, 12.2217551 41.817038, 12.2215835 41.8166286, 12.2200814 41.8161808, 12.2411084 41.7759028, 12.2417232 41.7759979, 12.245102 41.7775121, 12.2458346 41.7779594, 12.2468672 41.7784104, 12.2474622 41.7786011, 12.2492555 41.7794063, 12.24947 41.7797984, 12.249388 41.7813692, 12.2508684 41.7819946, 12.2509932 41.7824142, 12.250722 41.7869822, 12.2527279 41.7874799, 12.2542269 41.7883951, 12.2548236 41.7884537, 12.2570512 41.7886724, 12.2591805 41.7867812, 12.2604852 41.7862692, 12.2618241 41.7861604, 12.2630858 41.7862052, 12.2645879 41.7865444, 12.2706818 41.7892322))",Number of parked airplanes, Time series of airport throughput at Aeroporto di Roma-Fiumicino,BLUE,Aerospacelab SPRL,IT9,Archived
"41.80710100142961,12.253597669510512",IT,,Rome,Aeroporto di Roma-Fiumicino,Airports: Throughput (archived),Count of airplanes on Sentinel-2 image,Sentinel-2,Sentinel 2 L2A,E13b2,2019-06-20T10:00:31,90.27611044,Average value for 2019,2019,100,"X in [85.85972256406612, 114.1402774359339] --> Normal, X < 85.85972256406612 --> Low, X > 114.1402774359339 --> High",Normal,"POLYGON ((12.2706818 41.7892322, 12.2677808 41.7929695, 12.2653676 41.7960144, 12.2684792 41.7968901, 12.268011 41.7978337, 12.2695398 41.7983186, 12.2715219 41.7988655, 12.2709541 41.7999003, 12.2707062 41.800247, 12.2699903 41.8017098, 12.2700178 41.8019442, 12.2695251 41.8029205, 12.2697588 41.8029887, 12.2728846 41.8038458, 12.2731334 41.8039119, 12.2736519 41.8028334, 12.2737717 41.8027795, 12.2740353 41.802849, 12.274201 41.8026799, 12.277834 41.8036748, 12.2778052 41.8037215, 12.2780508 41.8037903, 12.2780803 41.8037447, 12.2794516 41.8041198, 12.2795994 41.8057239, 12.2812572 41.8067412, 12.2813191 41.8074794, 12.2662755 41.8435213, 12.2645447 41.847684, 12.2634162 41.8503923, 12.2631826 41.8506165, 12.2629265 41.8507179, 12.262679 41.8507346, 12.2603526 41.8501928, 12.2598025 41.8514477, 12.2598613 41.8514966, 12.2597544 41.8517388, 12.259639 41.8517086, 12.2595788 41.8518059, 12.2594151 41.8521957, 12.2594888 41.8522131, 12.2586177 41.8542539, 12.2574724 41.8539855, 12.2584992 41.8515501, 12.2584852 41.8514398, 12.2585876 41.8511935, 12.2586583 41.8511649, 12.2591677 41.849908, 12.2540055 41.8486938, 12.2690801 41.812681, 12.2621206 41.810763, 12.2613971 41.8116682, 12.2606682 41.811371, 12.2608505 41.8104319, 12.2372046 41.803854, 12.2320785 41.8161844, 12.2299653 41.8170318, 12.2286644 41.8199432, 12.2213775 41.817876, 12.2217551 41.817038, 12.2215835 41.8166286, 12.2200814 41.8161808, 12.2411084 41.7759028, 12.2417232 41.7759979, 12.245102 41.7775121, 12.2458346 41.7779594, 12.2468672 41.7784104, 12.2474622 41.7786011, 12.2492555 41.7794063, 12.24947 41.7797984, 12.249388 41.7813692, 12.2508684 41.7819946, 12.2509932 41.7824142, 12.250722 41.7869822, 12.2527279 41.7874799, 12.2542269 41.7883951, 12.2548236 41.7884537, 12.2570512 41.7886724, 12.2591805 41.7867812, 12.2604852 41.7862692, 12.2618241 41.7861604, 12.2630858 41.7862052, 12.2645879 41.7865444, 12.2706818 41.7892322))",Number of parked airplanes, Time series of airport throughput at Aeroporto di Roma-Fiumicino,BLUE,Aerospacelab SPRL,IT9,Archived
"41.80710100142961,12.253597669510512",IT,,Rome,Aeroporto di Roma-Fiumicino,Airports: Throughput (archived),Count of airplanes on Sentinel-2 image,Sentinel-2,Sentinel 2 L2A,E13b2,2019-06-25T10:00:39,80.67226891,Average value for 2019,2019,100,"X in [85.85972256406612, 114.1402774359339] --> Normal, X < 85.85972256406612 --> Low, X > 114.1402774359339 --> High",Low,"POLYGON ((12.2706818 41.7892322, 12.2677808 41.7929695, 12.2653676 41.7960144, 12.2684792 41.7968901, 12.268011 41.7978337, 12.2695398 41.7983186, 12.2715219 41.7988655, 12.2709541 41.7999003, 12.2707062 41.800247, 12.2699903 41.8017098, 12.2700178 41.8019442, 12.2695251 41.8029205, 12.2697588 41.8029887, 12.2728846 41.8038458, 12.2731334 41.8039119, 12.2736519 41.8028334, 12.2737717 41.8027795, 12.2740353 41.802849, 12.274201 41.8026799, 12.277834 41.8036748, 12.2778052 41.8037215, 12.2780508 41.8037903, 12.2780803 41.8037447, 12.2794516 41.8041198, 12.2795994 41.8057239, 12.2812572 41.8067412, 12.2813191 41.8074794, 12.2662755 41.8435213, 12.2645447 41.847684, 12.2634162 41.8503923, 12.2631826 41.8506165, 12.2629265 41.8507179, 12.262679 41.8507346, 12.2603526 41.8501928, 12.2598025 41.8514477, 12.2598613 41.8514966, 12.2597544 41.8517388, 12.259639 41.8517086, 12.2595788 41.8518059, 12.2594151 41.8521957, 12.2594888 41.8522131, 12.2586177 41.8542539, 12.2574724 41.8539855, 12.2584992 41.8515501, 12.2584852 41.8514398, 12.2585876 41.8511935, 12.2586583 41.8511649, 12.2591677 41.849908, 12.2540055 41.8486938, 12.2690801 41.812681, 12.2621206 41.810763, 12.2613971 41.8116682, 12.2606682 41.811371, 12.2608505 41.8104319, 12.2372046 41.803854, 12.2320785 41.8161844, 12.2299653 41.8170318, 12.2286644 41.8199432, 12.2213775 41.817876, 12.2217551 41.817038, 12.2215835 41.8166286, 12.2200814 41.8161808, 12.2411084 41.7759028, 12.2417232 41.7759979, 12.245102 41.7775121, 12.2458346 41.7779594, 12.2468672 41.7784104, 12.2474622 41.7786011, 12.2492555 41.7794063, 12.24947 41.7797984, 12.249388 41.7813692, 12.2508684 41.7819946, 12.2509932 41.7824142, 12.250722 41.7869822, 12.2527279 41.7874799, 12.2542269 41.7883951, 12.2548236 41.7884537, 12.2570512 41.7886724, 12.2591805 41.7867812, 12.2604852 41.7862692, 12.2618241 41.7861604, 12.2630858 41.7862052, 12.2645879 41.7865444, 12.2706818 41.7892322))",Number of parked airplanes, Time series of airport throughput at Aeroporto di Roma-Fiumicino,GREEN,Aerospacelab SPRL,IT9,Archived
"41.80710100142961,12.253597669510512",IT,,Rome,Aeroporto di Roma-Fiumicino,Airports: Throughput (archived),Count of airplanes on Sentinel-2 image,Sentinel-2,Sentinel 2 L2A,E13b2,2019-06-30T10:00:31,69.14765906,Average value for 2019,2019,100,"X in [85.85972256406612, 114.1402774359339] --> Normal, X < 85.85972256406612 --> Low, X > 114.1402774359339 --> High",Low,"POLYGON ((12.2706818 41.7892322, 12.2677808 41.7929695, 12.2653676 41.7960144, 12.2684792 41.7968901, 12.268011 41.7978337, 12.2695398 41.7983186, 12.2715219 41.7988655, 12.2709541 41.7999003, 12.2707062 41.800247, 12.2699903 41.8017098, 12.2700178 41.8019442, 12.2695251 41.8029205, 12.2697588 41.8029887, 12.2728846 41.8038458, 12.2731334 41.8039119, 12.2736519 41.8028334, 12.2737717 41.8027795, 12.2740353 41.802849, 12.274201 41.8026799, 12.277834 41.8036748, 12.2778052 41.8037215, 12.2780508 41.8037903, 12.2780803 41.8037447, 12.2794516 41.8041198, 12.2795994 41.8057239, 12.2812572 41.8067412, 12.2813191 41.8074794, 12.2662755 41.8435213, 12.2645447 41.847684, 12.2634162 41.8503923, 12.2631826 41.8506165, 12.2629265 41.8507179, 12.262679 41.8507346, 12.2603526 41.8501928, 12.2598025 41.8514477, 12.2598613 41.8514966, 12.2597544 41.8517388, 12.259639 41.8517086, 12.2595788 41.8518059, 12.2594151 41.8521957, 12.2594888 41.8522131, 12.2586177 41.8542539, 12.2574724 41.8539855, 12.2584992 41.8515501, 12.2584852 41.8514398, 12.2585876 41.8511935, 12.2586583 41.8511649, 12.2591677 41.849908, 12.2540055 41.8486938, 12.2690801 41.812681, 12.2621206 41.810763, 12.2613971 41.8116682, 12.2606682 41.811371, 12.2608505 41.8104319, 12.2372046 41.803854, 12.2320785 41.8161844, 12.2299653 41.8170318, 12.2286644 41.8199432, 12.2213775 41.817876, 12.2217551 41.817038, 12.2215835 41.8166286, 12.2200814 41.8161808, 12.2411084 41.7759028, 12.2417232 41.7759979, 12.245102 41.7775121, 12.2458346 41.7779594, 12.2468672 41.7784104, 12.2474622 41.7786011, 12.2492555 41.7794063, 12.24947 41.7797984, 12.249388 41.7813692, 12.2508684 41.7819946, 12.2509932 41.7824142, 12.250722 41.7869822, 12.2527279 41.7874799, 12.2542269 41.7883951, 12.2548236 41.7884537, 12.2570512 41.7886724, 12.2591805 41.7867812, 12.2604852 41.7862692, 12.2618241 41.7861604, 12.2630858 41.7862052, 12.2645879 41.7865444, 12.2706818 41.7892322))",Number of parked airplanes, Time series of airport throughput at Aeroporto di Roma-Fiumicino,GREEN,Aerospacelab SPRL,IT9,Archived
"41.80710100142961,12.253597669510512",IT,,Rome,Aeroporto di Roma-Fiumicino,Airports: Throughput (archived),Count of airplanes on Sentinel-2 image,Sentinel-2,Sentinel 2 L2A,E13b2,2019-07-05T10:00:39,84.51380552,Average value for 2019,2019,100,"X in [85.85972256406612, 114.1402774359339] --> Normal, X < 85.85972256406612 --> Low, X > 114.1402774359339 --> High",Low,"POLYGON ((12.2706818 41.7892322, 12.2677808 41.7929695, 12.2653676 41.7960144, 12.2684792 41.7968901, 12.268011 41.7978337, 12.2695398 41.7983186, 12.2715219 41.7988655, 12.2709541 41.7999003, 12.2707062 41.800247, 12.2699903 41.8017098, 12.2700178 41.8019442, 12.2695251 41.8029205, 12.2697588 41.8029887, 12.2728846 41.8038458, 12.2731334 41.8039119, 12.2736519 41.8028334, 12.2737717 41.8027795, 12.2740353 41.802849, 12.274201 41.8026799, 12.277834 41.8036748, 12.2778052 41.8037215, 12.2780508 41.8037903, 12.2780803 41.8037447, 12.2794516 41.8041198, 12.2795994 41.8057239, 12.2812572 41.8067412, 12.2813191 41.8074794, 12.2662755 41.8435213, 12.2645447 41.847684, 12.2634162 41.8503923, 12.2631826 41.8506165, 12.2629265 41.8507179, 12.262679 41.8507346, 12.2603526 41.8501928, 12.2598025 41.8514477, 12.2598613 41.8514966, 12.2597544 41.8517388, 12.259639 41.8517086, 12.2595788 41.8518059, 12.2594151 41.8521957, 12.2594888 41.8522131, 12.2586177 41.8542539, 12.2574724 41.8539855, 12.2584992 41.8515501, 12.2584852 41.8514398, 12.2585876 41.8511935, 12.2586583 41.8511649, 12.2591677 41.849908, 12.2540055 41.8486938, 12.2690801 41.812681, 12.2621206 41.810763, 12.2613971 41.8116682, 12.2606682 41.811371, 12.2608505 41.8104319, 12.2372046 41.803854, 12.2320785 41.8161844, 12.2299653 41.8170318, 12.2286644 41.8199432, 12.2213775 41.817876, 12.2217551 41.817038, 12.2215835 41.8166286, 12.2200814 41.8161808, 12.2411084 41.7759028, 12.2417232 41.7759979, 12.245102 41.7775121, 12.2458346 41.7779594, 12.2468672 41.7784104, 12.2474622 41.7786011, 12.2492555 41.7794063, 12.24947 41.7797984, 12.249388 41.7813692, 12.2508684 41.7819946, 12.2509932 41.7824142, 12.250722 41.7869822, 12.2527279 41.7874799, 12.2542269 41.7883951, 12.2548236 41.7884537, 12.2570512 41.7886724, 12.2591805 41.7867812, 12.2604852 41.7862692, 12.2618241 41.7861604, 12.2630858 41.7862052, 12.2645879 41.7865444, 12.2706818 41.7892322))",Number of parked airplanes, Time series of airport throughput at Aeroporto di Roma-Fiumicino,GREEN,Aerospacelab SPRL,IT9,Archived
"41.80710100142961,12.253597669510512",IT,,Rome,Aeroporto di Roma-Fiumicino,Airports: Throughput (archived),Count of airplanes on Sentinel-2 image,Sentinel-2,Sentinel 2 L2A,E13b2,2019-07-20T10:00:31,97.95918367,Average value for 2019,2019,100,"X in [85.85972256406612, 114.1402774359339] --> Normal, X < 85.85972256406612 --> Low, X > 114.1402774359339 --> High",Normal,"POLYGON ((12.2706818 41.7892322, 12.2677808 41.7929695, 12.2653676 41.7960144, 12.2684792 41.7968901, 12.268011 41.7978337, 12.2695398 41.7983186, 12.2715219 41.7988655, 12.2709541 41.7999003, 12.2707062 41.800247, 12.2699903 41.8017098, 12.2700178 41.8019442, 12.2695251 41.8029205, 12.2697588 41.8029887, 12.2728846 41.8038458, 12.2731334 41.8039119, 12.2736519 41.8028334, 12.2737717 41.8027795, 12.2740353 41.802849, 12.274201 41.8026799, 12.277834 41.8036748, 12.2778052 41.8037215, 12.2780508 41.8037903, 12.2780803 41.8037447, 12.2794516 41.8041198, 12.2795994 41.8057239, 12.2812572 41.8067412, 12.2813191 41.8074794, 12.2662755 41.8435213, 12.2645447 41.847684, 12.2634162 41.8503923, 12.2631826 41.8506165, 12.2629265 41.8507179, 12.262679 41.8507346, 12.2603526 41.8501928, 12.2598025 41.8514477, 12.2598613 41.8514966, 12.2597544 41.8517388, 12.259639 41.8517086, 12.2595788 41.8518059, 12.2594151 41.8521957, 12.2594888 41.8522131, 12.2586177 41.8542539, 12.2574724 41.8539855, 12.2584992 41.8515501, 12.2584852 41.8514398, 12.2585876 41.8511935, 12.2586583 41.8511649, 12.2591677 41.849908, 12.2540055 41.8486938, 12.2690801 41.812681, 12.2621206 41.810763, 12.2613971 41.8116682, 12.2606682 41.811371, 12.2608505 41.8104319, 12.2372046 41.803854, 12.2320785 41.8161844, 12.2299653 41.8170318, 12.2286644 41.8199432, 12.2213775 41.817876, 12.2217551 41.817038, 12.2215835 41.8166286, 12.2200814 41.8161808, 12.2411084 41.7759028, 12.2417232 41.7759979, 12.245102 41.7775121, 12.2458346 41.7779594, 12.2468672 41.7784104, 12.2474622 41.7786011, 12.2492555 41.7794063, 12.24947 41.7797984, 12.249388 41.7813692, 12.2508684 41.7819946, 12.2509932 41.7824142, 12.250722 41.7869822, 12.2527279 41.7874799, 12.2542269 41.7883951, 12.2548236 41.7884537, 12.2570512 41.7886724, 12.2591805 41.7867812, 12.2604852 41.7862692, 12.2618241 41.7861604, 12.2630858 41.7862052, 12.2645879 41.7865444, 12.2706818 41.7892322))",Number of parked airplanes, Time series of airport throughput at Aeroporto di Roma-Fiumicino,BLUE,Aerospacelab SPRL,IT9,Archived
"41.80710100142961,12.253597669510512",IT,,Rome,Aeroporto di Roma-Fiumicino,Airports: Throughput (archived),Count of airplanes on Sentinel-2 image,Sentinel-2,Sentinel 2 L2A,E13b2,2019-07-25T10:00:39,90.27611044,Average value for 2019,2019,100,"X in [85.85972256406612, 114.1402774359339] --> Normal, X < 85.85972256406612 --> Low, X > 114.1402774359339 --> High",Normal,"POLYGON ((12.2706818 41.7892322, 12.2677808 41.7929695, 12.2653676 41.7960144, 12.2684792 41.7968901, 12.268011 41.7978337, 12.2695398 41.7983186, 12.2715219 41.7988655, 12.2709541 41.7999003, 12.2707062 41.800247, 12.2699903 41.8017098, 12.2700178 41.8019442, 12.2695251 41.8029205, 12.2697588 41.8029887, 12.2728846 41.8038458, 12.2731334 41.8039119, 12.2736519 41.8028334, 12.2737717 41.8027795, 12.2740353 41.802849, 12.274201 41.8026799, 12.277834 41.8036748, 12.2778052 41.8037215, 12.2780508 41.8037903, 12.2780803 41.8037447, 12.2794516 41.8041198, 12.2795994 41.8057239, 12.2812572 41.8067412, 12.2813191 41.8074794, 12.2662755 41.8435213, 12.2645447 41.847684, 12.2634162 41.8503923, 12.2631826 41.8506165, 12.2629265 41.8507179, 12.262679 41.8507346, 12.2603526 41.8501928, 12.2598025 41.8514477, 12.2598613 41.8514966, 12.2597544 41.8517388, 12.259639 41.8517086, 12.2595788 41.8518059, 12.2594151 41.8521957, 12.2594888 41.8522131, 12.2586177 41.8542539, 12.2574724 41.8539855, 12.2584992 41.8515501, 12.2584852 41.8514398, 12.2585876 41.8511935, 12.2586583 41.8511649, 12.2591677 41.849908, 12.2540055 41.8486938, 12.2690801 41.812681, 12.2621206 41.810763, 12.2613971 41.8116682, 12.2606682 41.811371, 12.2608505 41.8104319, 12.2372046 41.803854, 12.2320785 41.8161844, 12.2299653 41.8170318, 12.2286644 41.8199432, 12.2213775 41.817876, 12.2217551 41.817038, 12.2215835 41.8166286, 12.2200814 41.8161808, 12.2411084 41.7759028, 12.2417232 41.7759979, 12.245102 41.7775121, 12.2458346 41.7779594, 12.2468672 41.7784104, 12.2474622 41.7786011, 12.2492555 41.7794063, 12.24947 41.7797984, 12.249388 41.7813692, 12.2508684 41.7819946, 12.2509932 41.7824142, 12.250722 41.7869822, 12.2527279 41.7874799, 12.2542269 41.7883951, 12.2548236 41.7884537, 12.2570512 41.7886724, 12.2591805 41.7867812, 12.2604852 41.7862692, 12.2618241 41.7861604, 12.2630858 41.7862052, 12.2645879 41.7865444, 12.2706818 41.7892322))",Number of parked airplanes, Time series of airport throughput at Aeroporto di Roma-Fiumicino,BLUE,Aerospacelab SPRL,IT9,Archived
"41.80710100142961,12.253597669510512",IT,,Rome,Aeroporto di Roma-Fiumicino,Airports: Throughput (archived),Count of airplanes on Sentinel-2 image,Sentinel-2,Sentinel 2 L2A,E13b2,2019-07-30T10:00:31,117.1668667,Average value for 2019,2019,100,"X in [85.85972256406612, 114.1402774359339] --> Normal, X < 85.85972256406612 --> Low, X > 114.1402774359339 --> High",High,"POLYGON ((12.2706818 41.7892322, 12.2677808 41.7929695, 12.2653676 41.7960144, 12.2684792 41.7968901, 12.268011 41.7978337, 12.2695398 41.7983186, 12.2715219 41.7988655, 12.2709541 41.7999003, 12.2707062 41.800247, 12.2699903 41.8017098, 12.2700178 41.8019442, 12.2695251 41.8029205, 12.2697588 41.8029887, 12.2728846 41.8038458, 12.2731334 41.8039119, 12.2736519 41.8028334, 12.2737717 41.8027795, 12.2740353 41.802849, 12.274201 41.8026799, 12.277834 41.8036748, 12.2778052 41.8037215, 12.2780508 41.8037903, 12.2780803 41.8037447, 12.2794516 41.8041198, 12.2795994 41.8057239, 12.2812572 41.8067412, 12.2813191 41.8074794, 12.2662755 41.8435213, 12.2645447 41.847684, 12.2634162 41.8503923, 12.2631826 41.8506165, 12.2629265 41.8507179, 12.262679 41.8507346, 12.2603526 41.8501928, 12.2598025 41.8514477, 12.2598613 41.8514966, 12.2597544 41.8517388, 12.259639 41.8517086, 12.2595788 41.8518059, 12.2594151 41.8521957, 12.2594888 41.8522131, 12.2586177 41.8542539, 12.2574724 41.8539855, 12.2584992 41.8515501, 12.2584852 41.8514398, 12.2585876 41.8511935, 12.2586583 41.8511649, 12.2591677 41.849908, 12.2540055 41.8486938, 12.2690801 41.812681, 12.2621206 41.810763, 12.2613971 41.8116682, 12.2606682 41.811371, 12.2608505 41.8104319, 12.2372046 41.803854, 12.2320785 41.8161844, 12.2299653 41.8170318, 12.2286644 41.8199432, 12.2213775 41.817876, 12.2217551 41.817038, 12.2215835 41.8166286, 12.2200814 41.8161808, 12.2411084 41.7759028, 12.2417232 41.7759979, 12.245102 41.7775121, 12.2458346 41.7779594, 12.2468672 41.7784104, 12.2474622 41.7786011, 12.2492555 41.7794063, 12.24947 41.7797984, 12.249388 41.7813692, 12.2508684 41.7819946, 12.2509932 41.7824142, 12.250722 41.7869822, 12.2527279 41.7874799, 12.2542269 41.7883951, 12.2548236 41.7884537, 12.2570512 41.7886724, 12.2591805 41.7867812, 12.2604852 41.7862692, 12.2618241 41.7861604, 12.2630858 41.7862052, 12.2645879 41.7865444, 12.2706818 41.7892322))",Number of parked airplanes, Time series of airport throughput at Aeroporto di Roma-Fiumicino,RED,Aerospacelab SPRL,IT9,Archived
"41.80710100142961,12.253597669510512",IT,,Rome,Aeroporto di Roma-Fiumicino,Airports: Throughput (archived),Count of airplanes on Sentinel-2 image,Sentinel-2,Sentinel 2 L2A,E13b2,2019-08-04T10:00:39,105.6422569,Average value for 2019,2019,100,"X in [85.85972256406612, 114.1402774359339] --> Normal, X < 85.85972256406612 --> Low, X > 114.1402774359339 --> High",Normal,"POLYGON ((12.2706818 41.7892322, 12.2677808 41.7929695, 12.2653676 41.7960144, 12.2684792 41.7968901, 12.268011 41.7978337, 12.2695398 41.7983186, 12.2715219 41.7988655, 12.2709541 41.7999003, 12.2707062 41.800247, 12.2699903 41.8017098, 12.2700178 41.8019442, 12.2695251 41.8029205, 12.2697588 41.8029887, 12.2728846 41.8038458, 12.2731334 41.8039119, 12.2736519 41.8028334, 12.2737717 41.8027795, 12.2740353 41.802849, 12.274201 41.8026799, 12.277834 41.8036748, 12.2778052 41.8037215, 12.2780508 41.8037903, 12.2780803 41.8037447, 12.2794516 41.8041198, 12.2795994 41.8057239, 12.2812572 41.8067412, 12.2813191 41.8074794, 12.2662755 41.8435213, 12.2645447 41.847684, 12.2634162 41.8503923, 12.2631826 41.8506165, 12.2629265 41.8507179, 12.262679 41.8507346, 12.2603526 41.8501928, 12.2598025 41.8514477, 12.2598613 41.8514966, 12.2597544 41.8517388, 12.259639 41.8517086, 12.2595788 41.8518059, 12.2594151 41.8521957, 12.2594888 41.8522131, 12.2586177 41.8542539, 12.2574724 41.8539855, 12.2584992 41.8515501, 12.2584852 41.8514398, 12.2585876 41.8511935, 12.2586583 41.8511649, 12.2591677 41.849908, 12.2540055 41.8486938, 12.2690801 41.812681, 12.2621206 41.810763, 12.2613971 41.8116682, 12.2606682 41.811371, 12.2608505 41.8104319, 12.2372046 41.803854, 12.2320785 41.8161844, 12.2299653 41.8170318, 12.2286644 41.8199432, 12.2213775 41.817876, 12.2217551 41.817038, 12.2215835 41.8166286, 12.2200814 41.8161808, 12.2411084 41.7759028, 12.2417232 41.7759979, 12.245102 41.7775121, 12.2458346 41.7779594, 12.2468672 41.7784104, 12.2474622 41.7786011, 12.2492555 41.7794063, 12.24947 41.7797984, 12.249388 41.7813692, 12.2508684 41.7819946, 12.2509932 41.7824142, 12.250722 41.7869822, 12.2527279 41.7874799, 12.2542269 41.7883951, 12.2548236 41.7884537, 12.2570512 41.7886724, 12.2591805 41.7867812, 12.2604852 41.7862692, 12.2618241 41.7861604, 12.2630858 41.7862052, 12.2645879 41.7865444, 12.2706818 41.7892322))",Number of parked airplanes, Time series of airport throughput at Aeroporto di Roma-Fiumicino,BLUE,Aerospacelab SPRL,IT9,Archived
"41.80710100142961,12.253597669510512",IT,,Rome,Aeroporto di Roma-Fiumicino,Airports: Throughput (archived),Count of airplanes on Sentinel-2 image,Sentinel-2,Sentinel 2 L2A,E13b2,2019-08-09T10:00:31,111.4045618,Average value for 2019,2019,100,"X in [85.85972256406612, 114.1402774359339] --> Normal, X < 85.85972256406612 --> Low, X > 114.1402774359339 --> High",Normal,"POLYGON ((12.2706818 41.7892322, 12.2677808 41.7929695, 12.2653676 41.7960144, 12.2684792 41.7968901, 12.268011 41.7978337, 12.2695398 41.7983186, 12.2715219 41.7988655, 12.2709541 41.7999003, 12.2707062 41.800247, 12.2699903 41.8017098, 12.2700178 41.8019442, 12.2695251 41.8029205, 12.2697588 41.8029887, 12.2728846 41.8038458, 12.2731334 41.8039119, 12.2736519 41.8028334, 12.2737717 41.8027795, 12.2740353 41.802849, 12.274201 41.8026799, 12.277834 41.8036748, 12.2778052 41.8037215, 12.2780508 41.8037903, 12.2780803 41.8037447, 12.2794516 41.8041198, 12.2795994 41.8057239, 12.2812572 41.8067412, 12.2813191 41.8074794, 12.2662755 41.8435213, 12.2645447 41.847684, 12.2634162 41.8503923, 12.2631826 41.8506165, 12.2629265 41.8507179, 12.262679 41.8507346, 12.2603526 41.8501928, 12.2598025 41.8514477, 12.2598613 41.8514966, 12.2597544 41.8517388, 12.259639 41.8517086, 12.2595788 41.8518059, 12.2594151 41.8521957, 12.2594888 41.8522131, 12.2586177 41.8542539, 12.2574724 41.8539855, 12.2584992 41.8515501, 12.2584852 41.8514398, 12.2585876 41.8511935, 12.2586583 41.8511649, 12.2591677 41.849908, 12.2540055 41.8486938, 12.2690801 41.812681, 12.2621206 41.810763, 12.2613971 41.8116682, 12.2606682 41.811371, 12.2608505 41.8104319, 12.2372046 41.803854, 12.2320785 41.8161844, 12.2299653 41.8170318, 12.2286644 41.8199432, 12.2213775 41.817876, 12.2217551 41.817038, 12.2215835 41.8166286, 12.2200814 41.8161808, 12.2411084 41.7759028, 12.2417232 41.7759979, 12.245102 41.7775121, 12.2458346 41.7779594, 12.2468672 41.7784104, 12.2474622 41.7786011, 12.2492555 41.7794063, 12.24947 41.7797984, 12.249388 41.7813692, 12.2508684 41.7819946, 12.2509932 41.7824142, 12.250722 41.7869822, 12.2527279 41.7874799, 12.2542269 41.7883951, 12.2548236 41.7884537, 12.2570512 41.7886724, 12.2591805 41.7867812, 12.2604852 41.7862692, 12.2618241 41.7861604, 12.2630858 41.7862052, 12.2645879 41.7865444, 12.2706818 41.7892322))",Number of parked airplanes, Time series of airport throughput at Aeroporto di Roma-Fiumicino,BLUE,Aerospacelab SPRL,IT9,Archived
"41.80710100142961,12.253597669510512",IT,,Rome,Aeroporto di Roma-Fiumicino,Airports: Throughput (archived),Count of airplanes on Sentinel-2 image,Sentinel-2,Sentinel 2 L2A,E13b2,2019-08-19T10:00:31,107.5630252,Average value for 2019,2019,100,"X in [85.85972256406612, 114.1402774359339] --> Normal, X < 85.85972256406612 --> Low, X > 114.1402774359339 --> High",Normal,"POLYGON ((12.2706818 41.7892322, 12.2677808 41.7929695, 12.2653676 41.7960144, 12.2684792 41.7968901, 12.268011 41.7978337, 12.2695398 41.7983186, 12.2715219 41.7988655, 12.2709541 41.7999003, 12.2707062 41.800247, 12.2699903 41.8017098, 12.2700178 41.8019442, 12.2695251 41.8029205, 12.2697588 41.8029887, 12.2728846 41.8038458, 12.2731334 41.8039119, 12.2736519 41.8028334, 12.2737717 41.8027795, 12.2740353 41.802849, 12.274201 41.8026799, 12.277834 41.8036748, 12.2778052 41.8037215, 12.2780508 41.8037903, 12.2780803 41.8037447, 12.2794516 41.8041198, 12.2795994 41.8057239, 12.2812572 41.8067412, 12.2813191 41.8074794, 12.2662755 41.8435213, 12.2645447 41.847684, 12.2634162 41.8503923, 12.2631826 41.8506165, 12.2629265 41.8507179, 12.262679 41.8507346, 12.2603526 41.8501928, 12.2598025 41.8514477, 12.2598613 41.8514966, 12.2597544 41.8517388, 12.259639 41.8517086, 12.2595788 41.8518059, 12.2594151 41.8521957, 12.2594888 41.8522131, 12.2586177 41.8542539, 12.2574724 41.8539855, 12.2584992 41.8515501, 12.2584852 41.8514398, 12.2585876 41.8511935, 12.2586583 41.8511649, 12.2591677 41.849908, 12.2540055 41.8486938, 12.2690801 41.812681, 12.2621206 41.810763, 12.2613971 41.8116682, 12.2606682 41.811371, 12.2608505 41.8104319, 12.2372046 41.803854, 12.2320785 41.8161844, 12.2299653 41.8170318, 12.2286644 41.8199432, 12.2213775 41.817876, 12.2217551 41.817038, 12.2215835 41.8166286, 12.2200814 41.8161808, 12.2411084 41.7759028, 12.2417232 41.7759979, 12.245102 41.7775121, 12.2458346 41.7779594, 12.2468672 41.7784104, 12.2474622 41.7786011, 12.2492555 41.7794063, 12.24947 41.7797984, 12.249388 41.7813692, 12.2508684 41.7819946, 12.2509932 41.7824142, 12.250722 41.7869822, 12.2527279 41.7874799, 12.2542269 41.7883951, 12.2548236 41.7884537, 12.2570512 41.7886724, 12.2591805 41.7867812, 12.2604852 41.7862692, 12.2618241 41.7861604, 12.2630858 41.7862052, 12.2645879 41.7865444, 12.2706818 41.7892322))",Number of parked airplanes, Time series of airport throughput at Aeroporto di Roma-Fiumicino,BLUE,Aerospacelab SPRL,IT9,Archived
"41.80710100142961,12.253597669510512",IT,,Rome,Aeroporto di Roma-Fiumicino,Airports: Throughput (archived),Count of airplanes on Sentinel-2 image,Sentinel-2,Sentinel 2 L2A,E13b2,2019-09-03T10:00:29,109.4837935,Average value for 2019,2019,100,"X in [85.85972256406612, 114.1402774359339] --> Normal, X < 85.85972256406612 --> Low, X > 114.1402774359339 --> High",Normal,"POLYGON ((12.2706818 41.7892322, 12.2677808 41.7929695, 12.2653676 41.7960144, 12.2684792 41.7968901, 12.268011 41.7978337, 12.2695398 41.7983186, 12.2715219 41.7988655, 12.2709541 41.7999003, 12.2707062 41.800247, 12.2699903 41.8017098, 12.2700178 41.8019442, 12.2695251 41.8029205, 12.2697588 41.8029887, 12.2728846 41.8038458, 12.2731334 41.8039119, 12.2736519 41.8028334, 12.2737717 41.8027795, 12.2740353 41.802849, 12.274201 41.8026799, 12.277834 41.8036748, 12.2778052 41.8037215, 12.2780508 41.8037903, 12.2780803 41.8037447, 12.2794516 41.8041198, 12.2795994 41.8057239, 12.2812572 41.8067412, 12.2813191 41.8074794, 12.2662755 41.8435213, 12.2645447 41.847684, 12.2634162 41.8503923, 12.2631826 41.8506165, 12.2629265 41.8507179, 12.262679 41.8507346, 12.2603526 41.8501928, 12.2598025 41.8514477, 12.2598613 41.8514966, 12.2597544 41.8517388, 12.259639 41.8517086, 12.2595788 41.8518059, 12.2594151 41.8521957, 12.2594888 41.8522131, 12.2586177 41.8542539, 12.2574724 41.8539855, 12.2584992 41.8515501, 12.2584852 41.8514398, 12.2585876 41.8511935, 12.2586583 41.8511649, 12.2591677 41.849908, 12.2540055 41.8486938, 12.2690801 41.812681, 12.2621206 41.810763, 12.2613971 41.8116682, 12.2606682 41.811371, 12.2608505 41.8104319, 12.2372046 41.803854, 12.2320785 41.8161844, 12.2299653 41.8170318, 12.2286644 41.8199432, 12.2213775 41.817876, 12.2217551 41.817038, 12.2215835 41.8166286, 12.2200814 41.8161808, 12.2411084 41.7759028, 12.2417232 41.7759979, 12.245102 41.7775121, 12.2458346 41.7779594, 12.2468672 41.7784104, 12.2474622 41.7786011, 12.2492555 41.7794063, 12.24947 41.7797984, 12.249388 41.7813692, 12.2508684 41.7819946, 12.2509932 41.7824142, 12.250722 41.7869822, 12.2527279 41.7874799, 12.2542269 41.7883951, 12.2548236 41.7884537, 12.2570512 41.7886724, 12.2591805 41.7867812, 12.2604852 41.7862692, 12.2618241 41.7861604, 12.2630858 41.7862052, 12.2645879 41.7865444, 12.2706818 41.7892322))",Number of parked airplanes, Time series of airport throughput at Aeroporto di Roma-Fiumicino,BLUE,Aerospacelab SPRL,IT9,Archived
"41.80710100142961,12.253597669510512",IT,,Rome,Aeroporto di Roma-Fiumicino,Airports: Throughput (archived),Count of airplanes on Sentinel-2 image,Sentinel-2,Sentinel 2 L2A,E13b2,2019-09-13T10:00:29,99.87995198,Average value for 2019,2019,100,"X in [85.85972256406612, 114.1402774359339] --> Normal, X < 85.85972256406612 --> Low, X > 114.1402774359339 --> High",Normal,"POLYGON ((12.2706818 41.7892322, 12.2677808 41.7929695, 12.2653676 41.7960144, 12.2684792 41.7968901, 12.268011 41.7978337, 12.2695398 41.7983186, 12.2715219 41.7988655, 12.2709541 41.7999003, 12.2707062 41.800247, 12.2699903 41.8017098, 12.2700178 41.8019442, 12.2695251 41.8029205, 12.2697588 41.8029887, 12.2728846 41.8038458, 12.2731334 41.8039119, 12.2736519 41.8028334, 12.2737717 41.8027795, 12.2740353 41.802849, 12.274201 41.8026799, 12.277834 41.8036748, 12.2778052 41.8037215, 12.2780508 41.8037903, 12.2780803 41.8037447, 12.2794516 41.8041198, 12.2795994 41.8057239, 12.2812572 41.8067412, 12.2813191 41.8074794, 12.2662755 41.8435213, 12.2645447 41.847684, 12.2634162 41.8503923, 12.2631826 41.8506165, 12.2629265 41.8507179, 12.262679 41.8507346, 12.2603526 41.8501928, 12.2598025 41.8514477, 12.2598613 41.8514966, 12.2597544 41.8517388, 12.259639 41.8517086, 12.2595788 41.8518059, 12.2594151 41.8521957, 12.2594888 41.8522131, 12.2586177 41.8542539, 12.2574724 41.8539855, 12.2584992 41.8515501, 12.2584852 41.8514398, 12.2585876 41.8511935, 12.2586583 41.8511649, 12.2591677 41.849908, 12.2540055 41.8486938, 12.2690801 41.812681, 12.2621206 41.810763, 12.2613971 41.8116682, 12.2606682 41.811371, 12.2608505 41.8104319, 12.2372046 41.803854, 12.2320785 41.8161844, 12.2299653 41.8170318, 12.2286644 41.8199432, 12.2213775 41.817876, 12.2217551 41.817038, 12.2215835 41.8166286, 12.2200814 41.8161808, 12.2411084 41.7759028, 12.2417232 41.7759979, 12.245102 41.7775121, 12.2458346 41.7779594, 12.2468672 41.7784104, 12.2474622 41.7786011, 12.2492555 41.7794063, 12.24947 41.7797984, 12.249388 41.7813692, 12.2508684 41.7819946, 12.2509932 41.7824142, 12.250722 41.7869822, 12.2527279 41.7874799, 12.2542269 41.7883951, 12.2548236 41.7884537, 12.2570512 41.7886724, 12.2591805 41.7867812, 12.2604852 41.7862692, 12.2618241 41.7861604, 12.2630858 41.7862052, 12.2645879 41.7865444, 12.2706818 41.7892322))",Number of parked airplanes, Time series of airport throughput at Aeroporto di Roma-Fiumicino,BLUE,Aerospacelab SPRL,IT9,Archived
"41.80710100142961,12.253597669510512",IT,,Rome,Aeroporto di Roma-Fiumicino,Airports: Throughput (archived),Count of airplanes on Sentinel-2 image,Sentinel-2,Sentinel 2 L2A,E13b2,2019-09-18T10:00:31,113.3253301,Average value for 2019,2019,100,"X in [85.85972256406612, 114.1402774359339] --> Normal, X < 85.85972256406612 --> Low, X > 114.1402774359339 --> High",Normal,"POLYGON ((12.2706818 41.7892322, 12.2677808 41.7929695, 12.2653676 41.7960144, 12.2684792 41.7968901, 12.268011 41.7978337, 12.2695398 41.7983186, 12.2715219 41.7988655, 12.2709541 41.7999003, 12.2707062 41.800247, 12.2699903 41.8017098, 12.2700178 41.8019442, 12.2695251 41.8029205, 12.2697588 41.8029887, 12.2728846 41.8038458, 12.2731334 41.8039119, 12.2736519 41.8028334, 12.2737717 41.8027795, 12.2740353 41.802849, 12.274201 41.8026799, 12.277834 41.8036748, 12.2778052 41.8037215, 12.2780508 41.8037903, 12.2780803 41.8037447, 12.2794516 41.8041198, 12.2795994 41.8057239, 12.2812572 41.8067412, 12.2813191 41.8074794, 12.2662755 41.8435213, 12.2645447 41.847684, 12.2634162 41.8503923, 12.2631826 41.8506165, 12.2629265 41.8507179, 12.262679 41.8507346, 12.2603526 41.8501928, 12.2598025 41.8514477, 12.2598613 41.8514966, 12.2597544 41.8517388, 12.259639 41.8517086, 12.2595788 41.8518059, 12.2594151 41.8521957, 12.2594888 41.8522131, 12.2586177 41.8542539, 12.2574724 41.8539855, 12.2584992 41.8515501, 12.2584852 41.8514398, 12.2585876 41.8511935, 12.2586583 41.8511649, 12.2591677 41.849908, 12.2540055 41.8486938, 12.2690801 41.812681, 12.2621206 41.810763, 12.2613971 41.8116682, 12.2606682 41.811371, 12.2608505 41.8104319, 12.2372046 41.803854, 12.2320785 41.8161844, 12.2299653 41.8170318, 12.2286644 41.8199432, 12.2213775 41.817876, 12.2217551 41.817038, 12.2215835 41.8166286, 12.2200814 41.8161808, 12.2411084 41.7759028, 12.2417232 41.7759979, 12.245102 41.7775121, 12.2458346 41.7779594, 12.2468672 41.7784104, 12.2474622 41.7786011, 12.2492555 41.7794063, 12.24947 41.7797984, 12.249388 41.7813692, 12.2508684 41.7819946, 12.2509932 41.7824142, 12.250722 41.7869822, 12.2527279 41.7874799, 12.2542269 41.7883951, 12.2548236 41.7884537, 12.2570512 41.7886724, 12.2591805 41.7867812, 12.2604852 41.7862692, 12.2618241 41.7861604, 12.2630858 41.7862052, 12.2645879 41.7865444, 12.2706818 41.7892322))",Number of parked airplanes, Time series of airport throughput at Aeroporto di Roma-Fiumicino,BLUE,Aerospacelab SPRL,IT9,Archived
"41.80710100142961,12.253597669510512",IT,,Rome,Aeroporto di Roma-Fiumicino,Airports: Throughput (archived),Count of airplanes on Sentinel-2 image,Sentinel-2,Sentinel 2 L2A,E13b2,2019-10-08T10:00:31,117.1668667,Average value for 2019,2019,100,"X in [85.85972256406612, 114.1402774359339] --> Normal, X < 85.85972256406612 --> Low, X > 114.1402774359339 --> High",High,"POLYGON ((12.2706818 41.7892322, 12.2677808 41.7929695, 12.2653676 41.7960144, 12.2684792 41.7968901, 12.268011 41.7978337, 12.2695398 41.7983186, 12.2715219 41.7988655, 12.2709541 41.7999003, 12.2707062 41.800247, 12.2699903 41.8017098, 12.2700178 41.8019442, 12.2695251 41.8029205, 12.2697588 41.8029887, 12.2728846 41.8038458, 12.2731334 41.8039119, 12.2736519 41.8028334, 12.2737717 41.8027795, 12.2740353 41.802849, 12.274201 41.8026799, 12.277834 41.8036748, 12.2778052 41.8037215, 12.2780508 41.8037903, 12.2780803 41.8037447, 12.2794516 41.8041198, 12.2795994 41.8057239, 12.2812572 41.8067412, 12.2813191 41.8074794, 12.2662755 41.8435213, 12.2645447 41.847684, 12.2634162 41.8503923, 12.2631826 41.8506165, 12.2629265 41.8507179, 12.262679 41.8507346, 12.2603526 41.8501928, 12.2598025 41.8514477, 12.2598613 41.8514966, 12.2597544 41.8517388, 12.259639 41.8517086, 12.2595788 41.8518059, 12.2594151 41.8521957, 12.2594888 41.8522131, 12.2586177 41.8542539, 12.2574724 41.8539855, 12.2584992 41.8515501, 12.2584852 41.8514398, 12.2585876 41.8511935, 12.2586583 41.8511649, 12.2591677 41.849908, 12.2540055 41.8486938, 12.2690801 41.812681, 12.2621206 41.810763, 12.2613971 41.8116682, 12.2606682 41.811371, 12.2608505 41.8104319, 12.2372046 41.803854, 12.2320785 41.8161844, 12.2299653 41.8170318, 12.2286644 41.8199432, 12.2213775 41.817876, 12.2217551 41.817038, 12.2215835 41.8166286, 12.2200814 41.8161808, 12.2411084 41.7759028, 12.2417232 41.7759979, 12.245102 41.7775121, 12.2458346 41.7779594, 12.2468672 41.7784104, 12.2474622 41.7786011, 12.2492555 41.7794063, 12.24947 41.7797984, 12.249388 41.7813692, 12.2508684 41.7819946, 12.2509932 41.7824142, 12.250722 41.7869822, 12.2527279 41.7874799, 12.2542269 41.7883951, 12.2548236 41.7884537, 12.2570512 41.7886724, 12.2591805 41.7867812, 12.2604852 41.7862692, 12.2618241 41.7861604, 12.2630858 41.7862052, 12.2645879 41.7865444, 12.2706818 41.7892322))",Number of parked airplanes, Time series of airport throughput at Aeroporto di Roma-Fiumicino,RED,Aerospacelab SPRL,IT9,Archived
"41.80710100142961,12.253597669510512",IT,,Rome,Aeroporto di Roma-Fiumicino,Airports: Throughput (archived),Count of airplanes on Sentinel-2 image,Sentinel-2,Sentinel 2 L2A,E13b2,2019-11-07T10:02:21,111.4045618,Average value for 2019,2019,100,"X in [85.85972256406612, 114.1402774359339] --> Normal, X < 85.85972256406612 --> Low, X > 114.1402774359339 --> High",Normal,"POLYGON ((12.2706818 41.7892322, 12.2677808 41.7929695, 12.2653676 41.7960144, 12.2684792 41.7968901, 12.268011 41.7978337, 12.2695398 41.7983186, 12.2715219 41.7988655, 12.2709541 41.7999003, 12.2707062 41.800247, 12.2699903 41.8017098, 12.2700178 41.8019442, 12.2695251 41.8029205, 12.2697588 41.8029887, 12.2728846 41.8038458, 12.2731334 41.8039119, 12.2736519 41.8028334, 12.2737717 41.8027795, 12.2740353 41.802849, 12.274201 41.8026799, 12.277834 41.8036748, 12.2778052 41.8037215, 12.2780508 41.8037903, 12.2780803 41.8037447, 12.2794516 41.8041198, 12.2795994 41.8057239, 12.2812572 41.8067412, 12.2813191 41.8074794, 12.2662755 41.8435213, 12.2645447 41.847684, 12.2634162 41.8503923, 12.2631826 41.8506165, 12.2629265 41.8507179, 12.262679 41.8507346, 12.2603526 41.8501928, 12.2598025 41.8514477, 12.2598613 41.8514966, 12.2597544 41.8517388, 12.259639 41.8517086, 12.2595788 41.8518059, 12.2594151 41.8521957, 12.2594888 41.8522131, 12.2586177 41.8542539, 12.2574724 41.8539855, 12.2584992 41.8515501, 12.2584852 41.8514398, 12.2585876 41.8511935, 12.2586583 41.8511649, 12.2591677 41.849908, 12.2540055 41.8486938, 12.2690801 41.812681, 12.2621206 41.810763, 12.2613971 41.8116682, 12.2606682 41.811371, 12.2608505 41.8104319, 12.2372046 41.803854, 12.2320785 41.8161844, 12.2299653 41.8170318, 12.2286644 41.8199432, 12.2213775 41.817876, 12.2217551 41.817038, 12.2215835 41.8166286, 12.2200814 41.8161808, 12.2411084 41.7759028, 12.2417232 41.7759979, 12.245102 41.7775121, 12.2458346 41.7779594, 12.2468672 41.7784104, 12.2474622 41.7786011, 12.2492555 41.7794063, 12.24947 41.7797984, 12.249388 41.7813692, 12.2508684 41.7819946, 12.2509932 41.7824142, 12.250722 41.7869822, 12.2527279 41.7874799, 12.2542269 41.7883951, 12.2548236 41.7884537, 12.2570512 41.7886724, 12.2591805 41.7867812, 12.2604852 41.7862692, 12.2618241 41.7861604, 12.2630858 41.7862052, 12.2645879 41.7865444, 12.2706818 41.7892322))",Number of parked airplanes, Time series of airport throughput at Aeroporto di Roma-Fiumicino,BLUE,Aerospacelab SPRL,IT9,Archived
"41.80710100142961,12.253597669510512",IT,,Rome,Aeroporto di Roma-Fiumicino,Airports: Throughput (archived),Count of airplanes on Sentinel-2 image,Sentinel-2,Sentinel 2 L2A,E13b2,2020-01-01T10:03:19,255.4621849,Average value for 2019,2019,100,"X in [85.85972256406612, 114.1402774359339] --> Normal, X < 85.85972256406612 --> Low, X > 114.1402774359339 --> High",High,"POLYGON ((12.2706818 41.7892322, 12.2677808 41.7929695, 12.2653676 41.7960144, 12.2684792 41.7968901, 12.268011 41.7978337, 12.2695398 41.7983186, 12.2715219 41.7988655, 12.2709541 41.7999003, 12.2707062 41.800247, 12.2699903 41.8017098, 12.2700178 41.8019442, 12.2695251 41.8029205, 12.2697588 41.8029887, 12.2728846 41.8038458, 12.2731334 41.8039119, 12.2736519 41.8028334, 12.2737717 41.8027795, 12.2740353 41.802849, 12.274201 41.8026799, 12.277834 41.8036748, 12.2778052 41.8037215, 12.2780508 41.8037903, 12.2780803 41.8037447, 12.2794516 41.8041198, 12.2795994 41.8057239, 12.2812572 41.8067412, 12.2813191 41.8074794, 12.2662755 41.8435213, 12.2645447 41.847684, 12.2634162 41.8503923, 12.2631826 41.8506165, 12.2629265 41.8507179, 12.262679 41.8507346, 12.2603526 41.8501928, 12.2598025 41.8514477, 12.2598613 41.8514966, 12.2597544 41.8517388, 12.259639 41.8517086, 12.2595788 41.8518059, 12.2594151 41.8521957, 12.2594888 41.8522131, 12.2586177 41.8542539, 12.2574724 41.8539855, 12.2584992 41.8515501, 12.2584852 41.8514398, 12.2585876 41.8511935, 12.2586583 41.8511649, 12.2591677 41.849908, 12.2540055 41.8486938, 12.2690801 41.812681, 12.2621206 41.810763, 12.2613971 41.8116682, 12.2606682 41.811371, 12.2608505 41.8104319, 12.2372046 41.803854, 12.2320785 41.8161844, 12.2299653 41.8170318, 12.2286644 41.8199432, 12.2213775 41.817876, 12.2217551 41.817038, 12.2215835 41.8166286, 12.2200814 41.8161808, 12.2411084 41.7759028, 12.2417232 41.7759979, 12.245102 41.7775121, 12.2458346 41.7779594, 12.2468672 41.7784104, 12.2474622 41.7786011, 12.2492555 41.7794063, 12.24947 41.7797984, 12.249388 41.7813692, 12.2508684 41.7819946, 12.2509932 41.7824142, 12.250722 41.7869822, 12.2527279 41.7874799, 12.2542269 41.7883951, 12.2548236 41.7884537, 12.2570512 41.7886724, 12.2591805 41.7867812, 12.2604852 41.7862692, 12.2618241 41.7861604, 12.2630858 41.7862052, 12.2645879 41.7865444, 12.2706818 41.7892322))",Number of parked airplanes, Time series of airport throughput at Aeroporto di Roma-Fiumicino,RED,Aerospacelab SPRL,IT9,Archived
"41.80710100142961,12.253597669510512",IT,,Rome,Aeroporto di Roma-Fiumicino,Airports: Throughput (archived),Count of airplanes on Sentinel-2 image,Sentinel-2,Sentinel 2 L2A,E13b2,2020-01-06T10:04:01,192.0768307,Average value for 2019,2019,100,"X in [85.85972256406612, 114.1402774359339] --> Normal, X < 85.85972256406612 --> Low, X > 114.1402774359339 --> High",High,"POLYGON ((12.2706818 41.7892322, 12.2677808 41.7929695, 12.2653676 41.7960144, 12.2684792 41.7968901, 12.268011 41.7978337, 12.2695398 41.7983186, 12.2715219 41.7988655, 12.2709541 41.7999003, 12.2707062 41.800247, 12.2699903 41.8017098, 12.2700178 41.8019442, 12.2695251 41.8029205, 12.2697588 41.8029887, 12.2728846 41.8038458, 12.2731334 41.8039119, 12.2736519 41.8028334, 12.2737717 41.8027795, 12.2740353 41.802849, 12.274201 41.8026799, 12.277834 41.8036748, 12.2778052 41.8037215, 12.2780508 41.8037903, 12.2780803 41.8037447, 12.2794516 41.8041198, 12.2795994 41.8057239, 12.2812572 41.8067412, 12.2813191 41.8074794, 12.2662755 41.8435213, 12.2645447 41.847684, 12.2634162 41.8503923, 12.2631826 41.8506165, 12.2629265 41.8507179, 12.262679 41.8507346, 12.2603526 41.8501928, 12.2598025 41.8514477, 12.2598613 41.8514966, 12.2597544 41.8517388, 12.259639 41.8517086, 12.2595788 41.8518059, 12.2594151 41.8521957, 12.2594888 41.8522131, 12.2586177 41.8542539, 12.2574724 41.8539855, 12.2584992 41.8515501, 12.2584852 41.8514398, 12.2585876 41.8511935, 12.2586583 41.8511649, 12.2591677 41.849908, 12.2540055 41.8486938, 12.2690801 41.812681, 12.2621206 41.810763, 12.2613971 41.8116682, 12.2606682 41.811371, 12.2608505 41.8104319, 12.2372046 41.803854, 12.2320785 41.8161844, 12.2299653 41.8170318, 12.2286644 41.8199432, 12.2213775 41.817876, 12.2217551 41.817038, 12.2215835 41.8166286, 12.2200814 41.8161808, 12.2411084 41.7759028, 12.2417232 41.7759979, 12.245102 41.7775121, 12.2458346 41.7779594, 12.2468672 41.7784104, 12.2474622 41.7786011, 12.2492555 41.7794063, 12.24947 41.7797984, 12.249388 41.7813692, 12.2508684 41.7819946, 12.2509932 41.7824142, 12.250722 41.7869822, 12.2527279 41.7874799, 12.2542269 41.7883951, 12.2548236 41.7884537, 12.2570512 41.7886724, 12.2591805 41.7867812, 12.2604852 41.7862692, 12.2618241 41.7861604, 12.2630858 41.7862052, 12.2645879 41.7865444, 12.2706818 41.7892322))",Number of parked airplanes, Time series of airport throughput at Aeroporto di Roma-Fiumicino,RED,Aerospacelab SPRL,IT9,Archived
"41.80710100142961,12.253597669510512",IT,,Rome,Aeroporto di Roma-Fiumicino,Airports: Throughput (archived),Count of airplanes on Sentinel-2 image,Sentinel-2,Sentinel 2 L2A,E13b2,2020-01-11T10:02:59,203.6014406,Average value for 2019,2019,100,"X in [85.85972256406612, 114.1402774359339] --> Normal, X < 85.85972256406612 --> Low, X > 114.1402774359339 --> High",High,"POLYGON ((12.2706818 41.7892322, 12.2677808 41.7929695, 12.2653676 41.7960144, 12.2684792 41.7968901, 12.268011 41.7978337, 12.2695398 41.7983186, 12.2715219 41.7988655, 12.2709541 41.7999003, 12.2707062 41.800247, 12.2699903 41.8017098, 12.2700178 41.8019442, 12.2695251 41.8029205, 12.2697588 41.8029887, 12.2728846 41.8038458, 12.2731334 41.8039119, 12.2736519 41.8028334, 12.2737717 41.8027795, 12.2740353 41.802849, 12.274201 41.8026799, 12.277834 41.8036748, 12.2778052 41.8037215, 12.2780508 41.8037903, 12.2780803 41.8037447, 12.2794516 41.8041198, 12.2795994 41.8057239, 12.2812572 41.8067412, 12.2813191 41.8074794, 12.2662755 41.8435213, 12.2645447 41.847684, 12.2634162 41.8503923, 12.2631826 41.8506165, 12.2629265 41.8507179, 12.262679 41.8507346, 12.2603526 41.8501928, 12.2598025 41.8514477, 12.2598613 41.8514966, 12.2597544 41.8517388, 12.259639 41.8517086, 12.2595788 41.8518059, 12.2594151 41.8521957, 12.2594888 41.8522131, 12.2586177 41.8542539, 12.2574724 41.8539855, 12.2584992 41.8515501, 12.2584852 41.8514398, 12.2585876 41.8511935, 12.2586583 41.8511649, 12.2591677 41.849908, 12.2540055 41.8486938, 12.2690801 41.812681, 12.2621206 41.810763, 12.2613971 41.8116682, 12.2606682 41.811371, 12.2608505 41.8104319, 12.2372046 41.803854, 12.2320785 41.8161844, 12.2299653 41.8170318, 12.2286644 41.8199432, 12.2213775 41.817876, 12.2217551 41.817038, 12.2215835 41.8166286, 12.2200814 41.8161808, 12.2411084 41.7759028, 12.2417232 41.7759979, 12.245102 41.7775121, 12.2458346 41.7779594, 12.2468672 41.7784104, 12.2474622 41.7786011, 12.2492555 41.7794063, 12.24947 41.7797984, 12.249388 41.7813692, 12.2508684 41.7819946, 12.2509932 41.7824142, 12.250722 41.7869822, 12.2527279 41.7874799, 12.2542269 41.7883951, 12.2548236 41.7884537, 12.2570512 41.7886724, 12.2591805 41.7867812, 12.2604852 41.7862692, 12.2618241 41.7861604, 12.2630858 41.7862052, 12.2645879 41.7865444, 12.2706818 41.7892322))",Number of parked airplanes, Time series of airport throughput at Aeroporto di Roma-Fiumicino,RED,Aerospacelab SPRL,IT9,Archived
"41.80710100142961,12.253597669510512",IT,,Rome,Aeroporto di Roma-Fiumicino,Airports: Throughput (archived),Count of airplanes on Sentinel-2 image,Sentinel-2,Sentinel 2 L2A,E13b2,2020-02-05T10:02:11,172.8691477,Average value for 2019,2019,100,"X in [85.85972256406612, 114.1402774359339] --> Normal, X < 85.85972256406612 --> Low, X > 114.1402774359339 --> High",High,"POLYGON ((12.2706818 41.7892322, 12.2677808 41.7929695, 12.2653676 41.7960144, 12.2684792 41.7968901, 12.268011 41.7978337, 12.2695398 41.7983186, 12.2715219 41.7988655, 12.2709541 41.7999003, 12.2707062 41.800247, 12.2699903 41.8017098, 12.2700178 41.8019442, 12.2695251 41.8029205, 12.2697588 41.8029887, 12.2728846 41.8038458, 12.2731334 41.8039119, 12.2736519 41.8028334, 12.2737717 41.8027795, 12.2740353 41.802849, 12.274201 41.8026799, 12.277834 41.8036748, 12.2778052 41.8037215, 12.2780508 41.8037903, 12.2780803 41.8037447, 12.2794516 41.8041198, 12.2795994 41.8057239, 12.2812572 41.8067412, 12.2813191 41.8074794, 12.2662755 41.8435213, 12.2645447 41.847684, 12.2634162 41.8503923, 12.2631826 41.8506165, 12.2629265 41.8507179, 12.262679 41.8507346, 12.2603526 41.8501928, 12.2598025 41.8514477, 12.2598613 41.8514966, 12.2597544 41.8517388, 12.259639 41.8517086, 12.2595788 41.8518059, 12.2594151 41.8521957, 12.2594888 41.8522131, 12.2586177 41.8542539, 12.2574724 41.8539855, 12.2584992 41.8515501, 12.2584852 41.8514398, 12.2585876 41.8511935, 12.2586583 41.8511649, 12.2591677 41.849908, 12.2540055 41.8486938, 12.2690801 41.812681, 12.2621206 41.810763, 12.2613971 41.8116682, 12.2606682 41.811371, 12.2608505 41.8104319, 12.2372046 41.803854, 12.2320785 41.8161844, 12.2299653 41.8170318, 12.2286644 41.8199432, 12.2213775 41.817876, 12.2217551 41.817038, 12.2215835 41.8166286, 12.2200814 41.8161808, 12.2411084 41.7759028, 12.2417232 41.7759979, 12.245102 41.7775121, 12.2458346 41.7779594, 12.2468672 41.7784104, 12.2474622 41.7786011, 12.2492555 41.7794063, 12.24947 41.7797984, 12.249388 41.7813692, 12.2508684 41.7819946, 12.2509932 41.7824142, 12.250722 41.7869822, 12.2527279 41.7874799, 12.2542269 41.7883951, 12.2548236 41.7884537, 12.2570512 41.7886724, 12.2591805 41.7867812, 12.2604852 41.7862692, 12.2618241 41.7861604, 12.2630858 41.7862052, 12.2645879 41.7865444, 12.2706818 41.7892322))",Number of parked airplanes, Time series of airport throughput at Aeroporto di Roma-Fiumicino,RED,Aerospacelab SPRL,IT9,Archived
"41.80710100142961,12.253597669510512",IT,,Rome,Aeroporto di Roma-Fiumicino,Airports: Throughput (archived),Count of airplanes on Sentinel-2 image,Sentinel-2,Sentinel 2 L2A,E13b2,2020-02-15T10:01:11,176.7106843,Average value for 2019,2019,100,"X in [85.85972256406612, 114.1402774359339] --> Normal, X < 85.85972256406612 --> Low, X > 114.1402774359339 --> High",High,"POLYGON ((12.2706818 41.7892322, 12.2677808 41.7929695, 12.2653676 41.7960144, 12.2684792 41.7968901, 12.268011 41.7978337, 12.2695398 41.7983186, 12.2715219 41.7988655, 12.2709541 41.7999003, 12.2707062 41.800247, 12.2699903 41.8017098, 12.2700178 41.8019442, 12.2695251 41.8029205, 12.2697588 41.8029887, 12.2728846 41.8038458, 12.2731334 41.8039119, 12.2736519 41.8028334, 12.2737717 41.8027795, 12.2740353 41.802849, 12.274201 41.8026799, 12.277834 41.8036748, 12.2778052 41.8037215, 12.2780508 41.8037903, 12.2780803 41.8037447, 12.2794516 41.8041198, 12.2795994 41.8057239, 12.2812572 41.8067412, 12.2813191 41.8074794, 12.2662755 41.8435213, 12.2645447 41.847684, 12.2634162 41.8503923, 12.2631826 41.8506165, 12.2629265 41.8507179, 12.262679 41.8507346, 12.2603526 41.8501928, 12.2598025 41.8514477, 12.2598613 41.8514966, 12.2597544 41.8517388, 12.259639 41.8517086, 12.2595788 41.8518059, 12.2594151 41.8521957, 12.2594888 41.8522131, 12.2586177 41.8542539, 12.2574724 41.8539855, 12.2584992 41.8515501, 12.2584852 41.8514398, 12.2585876 41.8511935, 12.2586583 41.8511649, 12.2591677 41.849908, 12.2540055 41.8486938, 12.2690801 41.812681, 12.2621206 41.810763, 12.2613971 41.8116682, 12.2606682 41.811371, 12.2608505 41.8104319, 12.2372046 41.803854, 12.2320785 41.8161844, 12.2299653 41.8170318, 12.2286644 41.8199432, 12.2213775 41.817876, 12.2217551 41.817038, 12.2215835 41.8166286, 12.2200814 41.8161808, 12.2411084 41.7759028, 12.2417232 41.7759979, 12.245102 41.7775121, 12.2458346 41.7779594, 12.2468672 41.7784104, 12.2474622 41.7786011, 12.2492555 41.7794063, 12.24947 41.7797984, 12.249388 41.7813692, 12.2508684 41.7819946, 12.2509932 41.7824142, 12.250722 41.7869822, 12.2527279 41.7874799, 12.2542269 41.7883951, 12.2548236 41.7884537, 12.2570512 41.7886724, 12.2591805 41.7867812, 12.2604852 41.7862692, 12.2618241 41.7861604, 12.2630858 41.7862052, 12.2645879 41.7865444, 12.2706818 41.7892322))",Number of parked airplanes, Time series of airport throughput at Aeroporto di Roma-Fiumicino,RED,Aerospacelab SPRL,IT9,Archived
"41.80710100142961,12.253597669510512",IT,,Rome,Aeroporto di Roma-Fiumicino,Airports: Throughput (archived),Count of airplanes on Sentinel-2 image,Sentinel-2,Sentinel 2 L2A,E13b2,2020-02-20T10:00:29,169.027611,Average value for 2019,2019,100,"X in [85.85972256406612, 114.1402774359339] --> Normal, X < 85.85972256406612 --> Low, X > 114.1402774359339 --> High",High,"POLYGON ((12.2706818 41.7892322, 12.2677808 41.7929695, 12.2653676 41.7960144, 12.2684792 41.7968901, 12.268011 41.7978337, 12.2695398 41.7983186, 12.2715219 41.7988655, 12.2709541 41.7999003, 12.2707062 41.800247, 12.2699903 41.8017098, 12.2700178 41.8019442, 12.2695251 41.8029205, 12.2697588 41.8029887, 12.2728846 41.8038458, 12.2731334 41.8039119, 12.2736519 41.8028334, 12.2737717 41.8027795, 12.2740353 41.802849, 12.274201 41.8026799, 12.277834 41.8036748, 12.2778052 41.8037215, 12.2780508 41.8037903, 12.2780803 41.8037447, 12.2794516 41.8041198, 12.2795994 41.8057239, 12.2812572 41.8067412, 12.2813191 41.8074794, 12.2662755 41.8435213, 12.2645447 41.847684, 12.2634162 41.8503923, 12.2631826 41.8506165, 12.2629265 41.8507179, 12.262679 41.8507346, 12.2603526 41.8501928, 12.2598025 41.8514477, 12.2598613 41.8514966, 12.2597544 41.8517388, 12.259639 41.8517086, 12.2595788 41.8518059, 12.2594151 41.8521957, 12.2594888 41.8522131, 12.2586177 41.8542539, 12.2574724 41.8539855, 12.2584992 41.8515501, 12.2584852 41.8514398, 12.2585876 41.8511935, 12.2586583 41.8511649, 12.2591677 41.849908, 12.2540055 41.8486938, 12.2690801 41.812681, 12.2621206 41.810763, 12.2613971 41.8116682, 12.2606682 41.811371, 12.2608505 41.8104319, 12.2372046 41.803854, 12.2320785 41.8161844, 12.2299653 41.8170318, 12.2286644 41.8199432, 12.2213775 41.817876, 12.2217551 41.817038, 12.2215835 41.8166286, 12.2200814 41.8161808, 12.2411084 41.7759028, 12.2417232 41.7759979, 12.245102 41.7775121, 12.2458346 41.7779594, 12.2468672 41.7784104, 12.2474622 41.7786011, 12.2492555 41.7794063, 12.24947 41.7797984, 12.249388 41.7813692, 12.2508684 41.7819946, 12.2509932 41.7824142, 12.250722 41.7869822, 12.2527279 41.7874799, 12.2542269 41.7883951, 12.2548236 41.7884537, 12.2570512 41.7886724, 12.2591805 41.7867812, 12.2604852 41.7862692, 12.2618241 41.7861604, 12.2630858 41.7862052, 12.2645879 41.7865444, 12.2706818 41.7892322))",Number of parked airplanes, Time series of airport throughput at Aeroporto di Roma-Fiumicino,RED,Aerospacelab SPRL,IT9,Archived
"41.80710100142961,12.253597669510512",IT,,Rome,Aeroporto di Roma-Fiumicino,Airports: Throughput (archived),Count of airplanes on Sentinel-2 image,Sentinel-2,Sentinel 2 L2A,E13b2,2020-03-11T10:00:29,96.03841537,Average value for 2019,2019,100,"X in [85.85972256406612, 114.1402774359339] --> Normal, X < 85.85972256406612 --> Low, X > 114.1402774359339 --> High",Normal,"POLYGON ((12.2706818 41.7892322, 12.2677808 41.7929695, 12.2653676 41.7960144, 12.2684792 41.7968901, 12.268011 41.7978337, 12.2695398 41.7983186, 12.2715219 41.7988655, 12.2709541 41.7999003, 12.2707062 41.800247, 12.2699903 41.8017098, 12.2700178 41.8019442, 12.2695251 41.8029205, 12.2697588 41.8029887, 12.2728846 41.8038458, 12.2731334 41.8039119, 12.2736519 41.8028334, 12.2737717 41.8027795, 12.2740353 41.802849, 12.274201 41.8026799, 12.277834 41.8036748, 12.2778052 41.8037215, 12.2780508 41.8037903, 12.2780803 41.8037447, 12.2794516 41.8041198, 12.2795994 41.8057239, 12.2812572 41.8067412, 12.2813191 41.8074794, 12.2662755 41.8435213, 12.2645447 41.847684, 12.2634162 41.8503923, 12.2631826 41.8506165, 12.2629265 41.8507179, 12.262679 41.8507346, 12.2603526 41.8501928, 12.2598025 41.8514477, 12.2598613 41.8514966, 12.2597544 41.8517388, 12.259639 41.8517086, 12.2595788 41.8518059, 12.2594151 41.8521957, 12.2594888 41.8522131, 12.2586177 41.8542539, 12.2574724 41.8539855, 12.2584992 41.8515501, 12.2584852 41.8514398, 12.2585876 41.8511935, 12.2586583 41.8511649, 12.2591677 41.849908, 12.2540055 41.8486938, 12.2690801 41.812681, 12.2621206 41.810763, 12.2613971 41.8116682, 12.2606682 41.811371, 12.2608505 41.8104319, 12.2372046 41.803854, 12.2320785 41.8161844, 12.2299653 41.8170318, 12.2286644 41.8199432, 12.2213775 41.817876, 12.2217551 41.817038, 12.2215835 41.8166286, 12.2200814 41.8161808, 12.2411084 41.7759028, 12.2417232 41.7759979, 12.245102 41.7775121, 12.2458346 41.7779594, 12.2468672 41.7784104, 12.2474622 41.7786011, 12.2492555 41.7794063, 12.24947 41.7797984, 12.249388 41.7813692, 12.2508684 41.7819946, 12.2509932 41.7824142, 12.250722 41.7869822, 12.2527279 41.7874799, 12.2542269 41.7883951, 12.2548236 41.7884537, 12.2570512 41.7886724, 12.2591805 41.7867812, 12.2604852 41.7862692, 12.2618241 41.7861604, 12.2630858 41.7862052, 12.2645879 41.7865444, 12.2706818 41.7892322))",Number of parked airplanes, Time series of airport throughput at Aeroporto di Roma-Fiumicino,BLUE,Aerospacelab SPRL,IT9,Archived
"41.80710100142961,12.253597669510512",IT,,Rome,Aeroporto di Roma-Fiumicino,Airports: Throughput (archived),Count of airplanes on Sentinel-2 image,Sentinel-2,Sentinel 2 L2A,E13b2,2020-03-16T10:00:21,103.7214886,Average value for 2019,2019,100,"X in [85.85972256406612, 114.1402774359339] --> Normal, X < 85.85972256406612 --> Low, X > 114.1402774359339 --> High",Normal,"POLYGON ((12.2706818 41.7892322, 12.2677808 41.7929695, 12.2653676 41.7960144, 12.2684792 41.7968901, 12.268011 41.7978337, 12.2695398 41.7983186, 12.2715219 41.7988655, 12.2709541 41.7999003, 12.2707062 41.800247, 12.2699903 41.8017098, 12.2700178 41.8019442, 12.2695251 41.8029205, 12.2697588 41.8029887, 12.2728846 41.8038458, 12.2731334 41.8039119, 12.2736519 41.8028334, 12.2737717 41.8027795, 12.2740353 41.802849, 12.274201 41.8026799, 12.277834 41.8036748, 12.2778052 41.8037215, 12.2780508 41.8037903, 12.2780803 41.8037447, 12.2794516 41.8041198, 12.2795994 41.8057239, 12.2812572 41.8067412, 12.2813191 41.8074794, 12.2662755 41.8435213, 12.2645447 41.847684, 12.2634162 41.8503923, 12.2631826 41.8506165, 12.2629265 41.8507179, 12.262679 41.8507346, 12.2603526 41.8501928, 12.2598025 41.8514477, 12.2598613 41.8514966, 12.2597544 41.8517388, 12.259639 41.8517086, 12.2595788 41.8518059, 12.2594151 41.8521957, 12.2594888 41.8522131, 12.2586177 41.8542539, 12.2574724 41.8539855, 12.2584992 41.8515501, 12.2584852 41.8514398, 12.2585876 41.8511935, 12.2586583 41.8511649, 12.2591677 41.849908, 12.2540055 41.8486938, 12.2690801 41.812681, 12.2621206 41.810763, 12.2613971 41.8116682, 12.2606682 41.811371, 12.2608505 41.8104319, 12.2372046 41.803854, 12.2320785 41.8161844, 12.2299653 41.8170318, 12.2286644 41.8199432, 12.2213775 41.817876, 12.2217551 41.817038, 12.2215835 41.8166286, 12.2200814 41.8161808, 12.2411084 41.7759028, 12.2417232 41.7759979, 12.245102 41.7775121, 12.2458346 41.7779594, 12.2468672 41.7784104, 12.2474622 41.7786011, 12.2492555 41.7794063, 12.24947 41.7797984, 12.249388 41.7813692, 12.2508684 41.7819946, 12.2509932 41.7824142, 12.250722 41.7869822, 12.2527279 41.7874799, 12.2542269 41.7883951, 12.2548236 41.7884537, 12.2570512 41.7886724, 12.2591805 41.7867812, 12.2604852 41.7862692, 12.2618241 41.7861604, 12.2630858 41.7862052, 12.2645879 41.7865444, 12.2706818 41.7892322))",Number of parked airplanes, Time series of airport throughput at Aeroporto di Roma-Fiumicino,BLUE,Aerospacelab SPRL,IT9,Archived
"41.80710100142961,12.253597669510512",IT,,Rome,Aeroporto di Roma-Fiumicino,Airports: Throughput (archived),Count of airplanes on Sentinel-2 image,Sentinel-2,Sentinel 2 L2A,E13b2,2020-04-10T10:00:29,69.14765906,Average value for 2019,2019,100,"X in [85.85972256406612, 114.1402774359339] --> Normal, X < 85.85972256406612 --> Low, X > 114.1402774359339 --> High",Low,"POLYGON ((12.2706818 41.7892322, 12.2677808 41.7929695, 12.2653676 41.7960144, 12.2684792 41.7968901, 12.268011 41.7978337, 12.2695398 41.7983186, 12.2715219 41.7988655, 12.2709541 41.7999003, 12.2707062 41.800247, 12.2699903 41.8017098, 12.2700178 41.8019442, 12.2695251 41.8029205, 12.2697588 41.8029887, 12.2728846 41.8038458, 12.2731334 41.8039119, 12.2736519 41.8028334, 12.2737717 41.8027795, 12.2740353 41.802849, 12.274201 41.8026799, 12.277834 41.8036748, 12.2778052 41.8037215, 12.2780508 41.8037903, 12.2780803 41.8037447, 12.2794516 41.8041198, 12.2795994 41.8057239, 12.2812572 41.8067412, 12.2813191 41.8074794, 12.2662755 41.8435213, 12.2645447 41.847684, 12.2634162 41.8503923, 12.2631826 41.8506165, 12.2629265 41.8507179, 12.262679 41.8507346, 12.2603526 41.8501928, 12.2598025 41.8514477, 12.2598613 41.8514966, 12.2597544 41.8517388, 12.259639 41.8517086, 12.2595788 41.8518059, 12.2594151 41.8521957, 12.2594888 41.8522131, 12.2586177 41.8542539, 12.2574724 41.8539855, 12.2584992 41.8515501, 12.2584852 41.8514398, 12.2585876 41.8511935, 12.2586583 41.8511649, 12.2591677 41.849908, 12.2540055 41.8486938, 12.2690801 41.812681, 12.2621206 41.810763, 12.2613971 41.8116682, 12.2606682 41.811371, 12.2608505 41.8104319, 12.2372046 41.803854, 12.2320785 41.8161844, 12.2299653 41.8170318, 12.2286644 41.8199432, 12.2213775 41.817876, 12.2217551 41.817038, 12.2215835 41.8166286, 12.2200814 41.8161808, 12.2411084 41.7759028, 12.2417232 41.7759979, 12.245102 41.7775121, 12.2458346 41.7779594, 12.2468672 41.7784104, 12.2474622 41.7786011, 12.2492555 41.7794063, 12.24947 41.7797984, 12.249388 41.7813692, 12.2508684 41.7819946, 12.2509932 41.7824142, 12.250722 41.7869822, 12.2527279 41.7874799, 12.2542269 41.7883951, 12.2548236 41.7884537, 12.2570512 41.7886724, 12.2591805 41.7867812, 12.2604852 41.7862692, 12.2618241 41.7861604, 12.2630858 41.7862052, 12.2645879 41.7865444, 12.2706818 41.7892322))",Number of parked airplanes, Time series of airport throughput at Aeroporto di Roma-Fiumicino,GREEN,Aerospacelab SPRL,IT9,Archived
"41.80710100142961,12.253597669510512",IT,,Rome,Aeroporto di Roma-Fiumicino,Airports: Throughput (archived),Count of airplanes on Sentinel-2 image,Sentinel-2,Sentinel 2 L2A,E13b2,2020-04-15T10:00:31,57.62304922,Average value for 2019,2019,100,"X in [85.85972256406612, 114.1402774359339] --> Normal, X < 85.85972256406612 --> Low, X > 114.1402774359339 --> High",Low,"POLYGON ((12.2706818 41.7892322, 12.2677808 41.7929695, 12.2653676 41.7960144, 12.2684792 41.7968901, 12.268011 41.7978337, 12.2695398 41.7983186, 12.2715219 41.7988655, 12.2709541 41.7999003, 12.2707062 41.800247, 12.2699903 41.8017098, 12.2700178 41.8019442, 12.2695251 41.8029205, 12.2697588 41.8029887, 12.2728846 41.8038458, 12.2731334 41.8039119, 12.2736519 41.8028334, 12.2737717 41.8027795, 12.2740353 41.802849, 12.274201 41.8026799, 12.277834 41.8036748, 12.2778052 41.8037215, 12.2780508 41.8037903, 12.2780803 41.8037447, 12.2794516 41.8041198, 12.2795994 41.8057239, 12.2812572 41.8067412, 12.2813191 41.8074794, 12.2662755 41.8435213, 12.2645447 41.847684, 12.2634162 41.8503923, 12.2631826 41.8506165, 12.2629265 41.8507179, 12.262679 41.8507346, 12.2603526 41.8501928, 12.2598025 41.8514477, 12.2598613 41.8514966, 12.2597544 41.8517388, 12.259639 41.8517086, 12.2595788 41.8518059, 12.2594151 41.8521957, 12.2594888 41.8522131, 12.2586177 41.8542539, 12.2574724 41.8539855, 12.2584992 41.8515501, 12.2584852 41.8514398, 12.2585876 41.8511935, 12.2586583 41.8511649, 12.2591677 41.849908, 12.2540055 41.8486938, 12.2690801 41.812681, 12.2621206 41.810763, 12.2613971 41.8116682, 12.2606682 41.811371, 12.2608505 41.8104319, 12.2372046 41.803854, 12.2320785 41.8161844, 12.2299653 41.8170318, 12.2286644 41.8199432, 12.2213775 41.817876, 12.2217551 41.817038, 12.2215835 41.8166286, 12.2200814 41.8161808, 12.2411084 41.7759028, 12.2417232 41.7759979, 12.245102 41.7775121, 12.2458346 41.7779594, 12.2468672 41.7784104, 12.2474622 41.7786011, 12.2492555 41.7794063, 12.24947 41.7797984, 12.249388 41.7813692, 12.2508684 41.7819946, 12.2509932 41.7824142, 12.250722 41.7869822, 12.2527279 41.7874799, 12.2542269 41.7883951, 12.2548236 41.7884537, 12.2570512 41.7886724, 12.2591805 41.7867812, 12.2604852 41.7862692, 12.2618241 41.7861604, 12.2630858 41.7862052, 12.2645879 41.7865444, 12.2706818 41.7892322))",Number of parked airplanes, Time series of airport throughput at Aeroporto di Roma-Fiumicino,GREEN,Aerospacelab SPRL,IT9,Archived
"41.80710100142961,12.253597669510512",IT,,Rome,Aeroporto di Roma-Fiumicino,Airports: Throughput (archived),Count of airplanes on Sentinel-2 image,Sentinel-2,Sentinel 2 L2A,E13b2,2020-04-25T10:00:31,76.83073229,Average value for 2019,2019,100,"X in [85.85972256406612, 114.1402774359339] --> Normal, X < 85.85972256406612 --> Low, X > 114.1402774359339 --> High",Low,"POLYGON ((12.2706818 41.7892322, 12.2677808 41.7929695, 12.2653676 41.7960144, 12.2684792 41.7968901, 12.268011 41.7978337, 12.2695398 41.7983186, 12.2715219 41.7988655, 12.2709541 41.7999003, 12.2707062 41.800247, 12.2699903 41.8017098, 12.2700178 41.8019442, 12.2695251 41.8029205, 12.2697588 41.8029887, 12.2728846 41.8038458, 12.2731334 41.8039119, 12.2736519 41.8028334, 12.2737717 41.8027795, 12.2740353 41.802849, 12.274201 41.8026799, 12.277834 41.8036748, 12.2778052 41.8037215, 12.2780508 41.8037903, 12.2780803 41.8037447, 12.2794516 41.8041198, 12.2795994 41.8057239, 12.2812572 41.8067412, 12.2813191 41.8074794, 12.2662755 41.8435213, 12.2645447 41.847684, 12.2634162 41.8503923, 12.2631826 41.8506165, 12.2629265 41.8507179, 12.262679 41.8507346, 12.2603526 41.8501928, 12.2598025 41.8514477, 12.2598613 41.8514966, 12.2597544 41.8517388, 12.259639 41.8517086, 12.2595788 41.8518059, 12.2594151 41.8521957, 12.2594888 41.8522131, 12.2586177 41.8542539, 12.2574724 41.8539855, 12.2584992 41.8515501, 12.2584852 41.8514398, 12.2585876 41.8511935, 12.2586583 41.8511649, 12.2591677 41.849908, 12.2540055 41.8486938, 12.2690801 41.812681, 12.2621206 41.810763, 12.2613971 41.8116682, 12.2606682 41.811371, 12.2608505 41.8104319, 12.2372046 41.803854, 12.2320785 41.8161844, 12.2299653 41.8170318, 12.2286644 41.8199432, 12.2213775 41.817876, 12.2217551 41.817038, 12.2215835 41.8166286, 12.2200814 41.8161808, 12.2411084 41.7759028, 12.2417232 41.7759979, 12.245102 41.7775121, 12.2458346 41.7779594, 12.2468672 41.7784104, 12.2474622 41.7786011, 12.2492555 41.7794063, 12.24947 41.7797984, 12.249388 41.7813692, 12.2508684 41.7819946, 12.2509932 41.7824142, 12.250722 41.7869822, 12.2527279 41.7874799, 12.2542269 41.7883951, 12.2548236 41.7884537, 12.2570512 41.7886724, 12.2591805 41.7867812, 12.2604852 41.7862692, 12.2618241 41.7861604, 12.2630858 41.7862052, 12.2645879 41.7865444, 12.2706818 41.7892322))",Number of parked airplanes, Time series of airport throughput at Aeroporto di Roma-Fiumicino,GREEN,Aerospacelab SPRL,IT9,Archived
"41.80710100142961,12.253597669510512",IT,,Rome,Aeroporto di Roma-Fiumicino,Airports: Throughput (archived),Count of airplanes on Sentinel-2 image,Sentinel-2,Sentinel 2 L2A,E13b2,2020-04-30T10:00:19,82.59303721,Average value for 2019,2019,100,"X in [85.85972256406612, 114.1402774359339] --> Normal, X < 85.85972256406612 --> Low, X > 114.1402774359339 --> High",Low,"POLYGON ((12.2706818 41.7892322, 12.2677808 41.7929695, 12.2653676 41.7960144, 12.2684792 41.7968901, 12.268011 41.7978337, 12.2695398 41.7983186, 12.2715219 41.7988655, 12.2709541 41.7999003, 12.2707062 41.800247, 12.2699903 41.8017098, 12.2700178 41.8019442, 12.2695251 41.8029205, 12.2697588 41.8029887, 12.2728846 41.8038458, 12.2731334 41.8039119, 12.2736519 41.8028334, 12.2737717 41.8027795, 12.2740353 41.802849, 12.274201 41.8026799, 12.277834 41.8036748, 12.2778052 41.8037215, 12.2780508 41.8037903, 12.2780803 41.8037447, 12.2794516 41.8041198, 12.2795994 41.8057239, 12.2812572 41.8067412, 12.2813191 41.8074794, 12.2662755 41.8435213, 12.2645447 41.847684, 12.2634162 41.8503923, 12.2631826 41.8506165, 12.2629265 41.8507179, 12.262679 41.8507346, 12.2603526 41.8501928, 12.2598025 41.8514477, 12.2598613 41.8514966, 12.2597544 41.8517388, 12.259639 41.8517086, 12.2595788 41.8518059, 12.2594151 41.8521957, 12.2594888 41.8522131, 12.2586177 41.8542539, 12.2574724 41.8539855, 12.2584992 41.8515501, 12.2584852 41.8514398, 12.2585876 41.8511935, 12.2586583 41.8511649, 12.2591677 41.849908, 12.2540055 41.8486938, 12.2690801 41.812681, 12.2621206 41.810763, 12.2613971 41.8116682, 12.2606682 41.811371, 12.2608505 41.8104319, 12.2372046 41.803854, 12.2320785 41.8161844, 12.2299653 41.8170318, 12.2286644 41.8199432, 12.2213775 41.817876, 12.2217551 41.817038, 12.2215835 41.8166286, 12.2200814 41.8161808, 12.2411084 41.7759028, 12.2417232 41.7759979, 12.245102 41.7775121, 12.2458346 41.7779594, 12.2468672 41.7784104, 12.2474622 41.7786011, 12.2492555 41.7794063, 12.24947 41.7797984, 12.249388 41.7813692, 12.2508684 41.7819946, 12.2509932 41.7824142, 12.250722 41.7869822, 12.2527279 41.7874799, 12.2542269 41.7883951, 12.2548236 41.7884537, 12.2570512 41.7886724, 12.2591805 41.7867812, 12.2604852 41.7862692, 12.2618241 41.7861604, 12.2630858 41.7862052, 12.2645879 41.7865444, 12.2706818 41.7892322))",Number of parked airplanes, Time series of airport throughput at Aeroporto di Roma-Fiumicino,GREEN,Aerospacelab SPRL,IT9,Archived
"52.3121414741634,4.7577329757090885",NL,,Amsterdam,Luchthaven Schiphol,Airports: Throughput (archived),Count of airplanes on Sentinel-2 image,Sentinel-2,Sentinel 2 L2A,E13b2,2019-07-30T10:50:39,97.46835443,Average value for 2019,2019,100,"X in [96.41971250032128, 103.58028749967872] --> Normal, X < 96.41971250032128 --> Low, X > 103.58028749967872 --> High",Normal,"POLYGON ((4.7812255 52.2927895, 4.7825597 52.2927317, 4.7827823 52.2928777, 4.7827837 52.2929876, 4.7837546 52.2929655, 4.7838941 52.294309, 4.7847632 52.2949152, 4.7838271 52.2954171, 4.7837453 52.2953638, 4.7830573 52.2957132, 4.7844721 52.2967212, 4.7843407 52.2967934, 4.7857127 52.2977706, 4.7920024 52.2943992, 4.7921016 52.2944957, 4.7921365 52.2945296, 4.7938478 52.2985527, 4.7942884 52.2997468, 4.7959279 52.3008867, 4.7975774 52.3020062, 4.7995609 52.3028771, 4.8026562 52.3042392, 4.8052928 52.3051109, 4.8050112 52.3054922, 4.8055047 52.3055201, 4.8053196 52.3058711, 4.8043674 52.3059268, 4.8061685 52.3071626, 4.8068471 52.3076455, 4.8062788 52.3079481, 4.8063184 52.307984, 4.8059858 52.3081695, 4.8060518 52.3082158, 4.8065772 52.3085842, 4.8064461 52.3086602, 4.8067136 52.3088307, 4.8069661 52.3086968, 4.8070248 52.3087376, 4.8075397 52.3091067, 4.8074005 52.3091801, 4.8074007 52.3092587, 4.8082898 52.3098972, 4.8077548 52.3101855, 4.809458 52.3114148, 4.8088762 52.3117551, 4.8092169 52.3119863, 4.8064143 52.3136366, 4.8077843 52.3146529, 4.8072046 52.3149815, 4.8071187 52.315821, 4.8028096 52.318129, 4.7979602 52.3207312, 4.7912299 52.3205389, 4.7900895 52.3211037, 4.7896775 52.3211824, 4.7878922 52.3207837, 4.7858952 52.320553, 4.7838369 52.3204192, 4.7836714 52.3203453, 4.7835354 52.3203751, 4.783529 52.3205469, 4.7837076 52.3206254, 4.7837042 52.3208627, 4.7838648 52.3225006, 4.7813691 52.3237897, 4.7794808 52.3243825, 4.7788972 52.3243091, 4.7779616 52.3240363, 4.7770517 52.3235087, 4.7769574 52.323454, 4.7768833 52.3232494, 4.7763552 52.3227315, 4.7763428 52.3225669, 4.775385 52.3218221, 4.7739533 52.3204899, 4.772802 52.3196927, 4.7716055 52.3191848, 4.7626386 52.31889, 4.7581519 52.3187114, 4.7543839 52.3185907, 4.75165 52.3185065, 4.7480863 52.3183968, 4.7448816 52.3182922, 4.7448462 52.3184178, 4.7444366 52.3186305, 4.7444893 52.318807, 4.7448261 52.319096, 4.7453635 52.3194855, 4.7466515 52.3194701, 4.7483887 52.320629, 4.7489906 52.3282718, 4.7455226 52.3301329, 4.7455757 52.330712, 4.7458048 52.3311641, 4.7458405 52.3314439, 4.745701 52.331922, 4.7459228 52.3343643, 4.7431736 52.3358749, 4.7430186 52.3360839, 4.7426967 52.3361222, 4.7413982 52.3368123, 4.7391274 52.3368497, 4.7376564 52.3358571, 4.7375368 52.3357629, 4.7372459 52.3355642, 4.7371659 52.3355473, 4.7360807 52.3353175, 4.7350247 52.3346177, 4.7346803 52.3319443, 4.7344006 52.3292376, 4.7337941 52.3228428, 4.7337781 52.3226323, 4.7329009 52.3226572, 4.7264808 52.3272158, 4.7251718 52.3279, 4.7137779 52.334003, 4.7136234 52.3341341, 4.7135812 52.3343299, 4.7152817 52.3354808, 4.7153048 52.3358361, 4.7160102 52.336391, 4.7160574 52.3365782, 4.7158146 52.3368085, 4.7158568 52.3369728, 4.714016 52.3379758, 4.7144198 52.3421772, 4.7147563 52.3463894, 4.7145675 52.3466096, 4.7132114 52.3473317, 4.7131169 52.3474942, 4.7130826 52.3477092, 4.7137864 52.3549246, 4.7138637 52.3551029, 4.7142671 52.3553859, 4.7143529 52.3555327, 4.7149949 52.3625027, 4.7174496 52.3642952, 4.7163681 52.3649818, 4.7152907 52.3656093, 4.711085 52.3678943, 4.7109906 52.3678576, 4.7108321 52.3661034, 4.7102913 52.3656998, 4.709845 52.3653696, 4.7096905 52.3650866, 4.7093729 52.3617689, 4.7087292 52.3543883, 4.708609 52.3529099, 4.7079739 52.3460942, 4.7077025 52.3434886, 4.7071328 52.3367706, 4.706223 52.3267421, 4.7061543 52.325971, 4.7062401 52.3257297, 4.7065405 52.3256038, 4.7073559 52.3255513, 4.7079585 52.3252382, 4.7093747 52.3252015, 4.7098726 52.3255057, 4.7107309 52.3255162, 4.7110999 52.3257155, 4.711192 52.3265421, 4.7113213 52.327702, 4.7121127 52.3282439, 4.7125419 52.3283174, 4.7128681 52.3282544, 4.7136663 52.3278138, 4.7139581 52.3277981, 4.7148765 52.3284223, 4.7148422 52.3285849, 4.7157606 52.3292248, 4.7215516 52.326173, 4.7217788 52.3262597, 4.7222273 52.3260212, 4.7225436 52.3258904, 4.7267659 52.3235743, 4.7303747 52.3216139, 4.7304761 52.321602, 4.7308803 52.3218322, 4.7309286 52.3218026, 4.7310077 52.3217625, 4.7306326 52.3215544, 4.7306372 52.3215275, 4.7327313 52.3204107, 4.7329625 52.3202635, 4.7334165 52.3200458, 4.733626 52.3199273, 4.7335159 52.3187552, 4.733386 52.3173383, 4.7328786 52.3118037, 4.7326587 52.3094044, 4.7317193 52.299151, 4.7330769 52.2984354, 4.7336729 52.2981436, 4.7338288 52.2979963, 4.7338901 52.2979737, 4.7340577 52.2979195, 4.7341334 52.2980052, 4.7340979 52.298073, 4.7344619 52.2981025, 4.7345071 52.2980233, 4.734882 52.2973318, 4.7355996 52.2972564, 4.7373381 52.2962513, 4.7395348 52.2978069, 4.7402138 52.2983038, 4.7406861 52.2986517, 4.7412208 52.2990481, 4.741452 52.2991665, 4.7421769 52.2999705, 4.74298 52.3011743, 4.7438115 52.3025519, 4.745074 52.3045293, 4.745488 52.3053114, 4.7455253 52.3054874, 4.7455217 52.3057199, 4.7454666 52.3059774, 4.7453885 52.3061414, 4.7451344 52.3065184, 4.7447506 52.3069659, 4.7446369 52.3071593, 4.7445854 52.3073049, 4.7445623 52.3074472, 4.7445783 52.3076916, 4.7450709 52.3086114, 4.7452024 52.3087113, 4.7454014 52.3087482, 4.7456074 52.3087439, 4.7474507 52.3083494, 4.7486618 52.310924, 4.7501113 52.3135397, 4.7512663 52.3132442, 4.75111 52.31299, 4.7502572 52.3115574, 4.7497347 52.3104505, 4.7491262 52.3088434, 4.7491011 52.3087405, 4.7491061 52.3085838, 4.7491438 52.3084194, 4.7492167 52.3082612, 4.7493061 52.308143, 4.7495229 52.3080083, 4.7498906 52.3078204, 4.7496903 52.307544, 4.7489513 52.3064739, 4.748619 52.3065337, 4.7483792 52.3065652, 4.7481287 52.3065413, 4.7479297 52.3064891, 4.7477129 52.3063968, 4.7471806 52.3059042, 4.7460323 52.304566, 4.7446161 52.302226, 4.743877 52.3011547, 4.7431699 52.3002138, 4.7423882 52.2992773, 4.7417273 52.2985928, 4.7408887 52.2978387, 4.7392079 52.2965522, 4.7381295 52.2958013, 4.7389949 52.2953166, 4.7417534 52.2925787, 4.730532 52.2881979, 4.731768 52.2873001, 4.7339652 52.2860453, 4.736363 52.2846864, 4.7400183 52.2871215, 4.7448407 52.2846584, 4.7622409 52.291463, 4.7719175 52.2956617, 4.7742248 52.2962595, 4.7742456 52.2938783, 4.7740739 52.2937575, 4.7740396 52.2932378, 4.772014 52.2918099, 4.7743142 52.2905814, 4.7738679 52.2860821, 4.7743829 52.2858038, 4.7795499 52.285641, 4.7799877 52.2859455, 4.7802597 52.2884686, 4.780544 52.2906654, 4.7810777 52.2912272, 4.7812255 52.2927895))",Number of parked airplanes, Time series of airport throughput at Luchthaven Schiphol,BLUE,Aerospacelab SPRL,NL1,Archived
"52.3121414741634,4.7577329757090885",NL,,Amsterdam,Luchthaven Schiphol,Airports: Throughput (archived),Count of airplanes on Sentinel-2 image,Sentinel-2,Sentinel 2 L2A,E13b2,2019-08-24T10:50:31,102.5316456,Average value for 2019,2019,100,"X in [96.41971250032128, 103.58028749967872] --> Normal, X < 96.41971250032128 --> Low, X > 103.58028749967872 --> High",Normal,"POLYGON ((4.7812255 52.2927895, 4.7825597 52.2927317, 4.7827823 52.2928777, 4.7827837 52.2929876, 4.7837546 52.2929655, 4.7838941 52.294309, 4.7847632 52.2949152, 4.7838271 52.2954171, 4.7837453 52.2953638, 4.7830573 52.2957132, 4.7844721 52.2967212, 4.7843407 52.2967934, 4.7857127 52.2977706, 4.7920024 52.2943992, 4.7921016 52.2944957, 4.7921365 52.2945296, 4.7938478 52.2985527, 4.7942884 52.2997468, 4.7959279 52.3008867, 4.7975774 52.3020062, 4.7995609 52.3028771, 4.8026562 52.3042392, 4.8052928 52.3051109, 4.8050112 52.3054922, 4.8055047 52.3055201, 4.8053196 52.3058711, 4.8043674 52.3059268, 4.8061685 52.3071626, 4.8068471 52.3076455, 4.8062788 52.3079481, 4.8063184 52.307984, 4.8059858 52.3081695, 4.8060518 52.3082158, 4.8065772 52.3085842, 4.8064461 52.3086602, 4.8067136 52.3088307, 4.8069661 52.3086968, 4.8070248 52.3087376, 4.8075397 52.3091067, 4.8074005 52.3091801, 4.8074007 52.3092587, 4.8082898 52.3098972, 4.8077548 52.3101855, 4.809458 52.3114148, 4.8088762 52.3117551, 4.8092169 52.3119863, 4.8064143 52.3136366, 4.8077843 52.3146529, 4.8072046 52.3149815, 4.8071187 52.315821, 4.8028096 52.318129, 4.7979602 52.3207312, 4.7912299 52.3205389, 4.7900895 52.3211037, 4.7896775 52.3211824, 4.7878922 52.3207837, 4.7858952 52.320553, 4.7838369 52.3204192, 4.7836714 52.3203453, 4.7835354 52.3203751, 4.783529 52.3205469, 4.7837076 52.3206254, 4.7837042 52.3208627, 4.7838648 52.3225006, 4.7813691 52.3237897, 4.7794808 52.3243825, 4.7788972 52.3243091, 4.7779616 52.3240363, 4.7770517 52.3235087, 4.7769574 52.323454, 4.7768833 52.3232494, 4.7763552 52.3227315, 4.7763428 52.3225669, 4.775385 52.3218221, 4.7739533 52.3204899, 4.772802 52.3196927, 4.7716055 52.3191848, 4.7626386 52.31889, 4.7581519 52.3187114, 4.7543839 52.3185907, 4.75165 52.3185065, 4.7480863 52.3183968, 4.7448816 52.3182922, 4.7448462 52.3184178, 4.7444366 52.3186305, 4.7444893 52.318807, 4.7448261 52.319096, 4.7453635 52.3194855, 4.7466515 52.3194701, 4.7483887 52.320629, 4.7489906 52.3282718, 4.7455226 52.3301329, 4.7455757 52.330712, 4.7458048 52.3311641, 4.7458405 52.3314439, 4.745701 52.331922, 4.7459228 52.3343643, 4.7431736 52.3358749, 4.7430186 52.3360839, 4.7426967 52.3361222, 4.7413982 52.3368123, 4.7391274 52.3368497, 4.7376564 52.3358571, 4.7375368 52.3357629, 4.7372459 52.3355642, 4.7371659 52.3355473, 4.7360807 52.3353175, 4.7350247 52.3346177, 4.7346803 52.3319443, 4.7344006 52.3292376, 4.7337941 52.3228428, 4.7337781 52.3226323, 4.7329009 52.3226572, 4.7264808 52.3272158, 4.7251718 52.3279, 4.7137779 52.334003, 4.7136234 52.3341341, 4.7135812 52.3343299, 4.7152817 52.3354808, 4.7153048 52.3358361, 4.7160102 52.336391, 4.7160574 52.3365782, 4.7158146 52.3368085, 4.7158568 52.3369728, 4.714016 52.3379758, 4.7144198 52.3421772, 4.7147563 52.3463894, 4.7145675 52.3466096, 4.7132114 52.3473317, 4.7131169 52.3474942, 4.7130826 52.3477092, 4.7137864 52.3549246, 4.7138637 52.3551029, 4.7142671 52.3553859, 4.7143529 52.3555327, 4.7149949 52.3625027, 4.7174496 52.3642952, 4.7163681 52.3649818, 4.7152907 52.3656093, 4.711085 52.3678943, 4.7109906 52.3678576, 4.7108321 52.3661034, 4.7102913 52.3656998, 4.709845 52.3653696, 4.7096905 52.3650866, 4.7093729 52.3617689, 4.7087292 52.3543883, 4.708609 52.3529099, 4.7079739 52.3460942, 4.7077025 52.3434886, 4.7071328 52.3367706, 4.706223 52.3267421, 4.7061543 52.325971, 4.7062401 52.3257297, 4.7065405 52.3256038, 4.7073559 52.3255513, 4.7079585 52.3252382, 4.7093747 52.3252015, 4.7098726 52.3255057, 4.7107309 52.3255162, 4.7110999 52.3257155, 4.711192 52.3265421, 4.7113213 52.327702, 4.7121127 52.3282439, 4.7125419 52.3283174, 4.7128681 52.3282544, 4.7136663 52.3278138, 4.7139581 52.3277981, 4.7148765 52.3284223, 4.7148422 52.3285849, 4.7157606 52.3292248, 4.7215516 52.326173, 4.7217788 52.3262597, 4.7222273 52.3260212, 4.7225436 52.3258904, 4.7267659 52.3235743, 4.7303747 52.3216139, 4.7304761 52.321602, 4.7308803 52.3218322, 4.7309286 52.3218026, 4.7310077 52.3217625, 4.7306326 52.3215544, 4.7306372 52.3215275, 4.7327313 52.3204107, 4.7329625 52.3202635, 4.7334165 52.3200458, 4.733626 52.3199273, 4.7335159 52.3187552, 4.733386 52.3173383, 4.7328786 52.3118037, 4.7326587 52.3094044, 4.7317193 52.299151, 4.7330769 52.2984354, 4.7336729 52.2981436, 4.7338288 52.2979963, 4.7338901 52.2979737, 4.7340577 52.2979195, 4.7341334 52.2980052, 4.7340979 52.298073, 4.7344619 52.2981025, 4.7345071 52.2980233, 4.734882 52.2973318, 4.7355996 52.2972564, 4.7373381 52.2962513, 4.7395348 52.2978069, 4.7402138 52.2983038, 4.7406861 52.2986517, 4.7412208 52.2990481, 4.741452 52.2991665, 4.7421769 52.2999705, 4.74298 52.3011743, 4.7438115 52.3025519, 4.745074 52.3045293, 4.745488 52.3053114, 4.7455253 52.3054874, 4.7455217 52.3057199, 4.7454666 52.3059774, 4.7453885 52.3061414, 4.7451344 52.3065184, 4.7447506 52.3069659, 4.7446369 52.3071593, 4.7445854 52.3073049, 4.7445623 52.3074472, 4.7445783 52.3076916, 4.7450709 52.3086114, 4.7452024 52.3087113, 4.7454014 52.3087482, 4.7456074 52.3087439, 4.7474507 52.3083494, 4.7486618 52.310924, 4.7501113 52.3135397, 4.7512663 52.3132442, 4.75111 52.31299, 4.7502572 52.3115574, 4.7497347 52.3104505, 4.7491262 52.3088434, 4.7491011 52.3087405, 4.7491061 52.3085838, 4.7491438 52.3084194, 4.7492167 52.3082612, 4.7493061 52.308143, 4.7495229 52.3080083, 4.7498906 52.3078204, 4.7496903 52.307544, 4.7489513 52.3064739, 4.748619 52.3065337, 4.7483792 52.3065652, 4.7481287 52.3065413, 4.7479297 52.3064891, 4.7477129 52.3063968, 4.7471806 52.3059042, 4.7460323 52.304566, 4.7446161 52.302226, 4.743877 52.3011547, 4.7431699 52.3002138, 4.7423882 52.2992773, 4.7417273 52.2985928, 4.7408887 52.2978387, 4.7392079 52.2965522, 4.7381295 52.2958013, 4.7389949 52.2953166, 4.7417534 52.2925787, 4.730532 52.2881979, 4.731768 52.2873001, 4.7339652 52.2860453, 4.736363 52.2846864, 4.7400183 52.2871215, 4.7448407 52.2846584, 4.7622409 52.291463, 4.7719175 52.2956617, 4.7742248 52.2962595, 4.7742456 52.2938783, 4.7740739 52.2937575, 4.7740396 52.2932378, 4.772014 52.2918099, 4.7743142 52.2905814, 4.7738679 52.2860821, 4.7743829 52.2858038, 4.7795499 52.285641, 4.7799877 52.2859455, 4.7802597 52.2884686, 4.780544 52.2906654, 4.7810777 52.2912272, 4.7812255 52.2927895))",Number of parked airplanes, Time series of airport throughput at Luchthaven Schiphol,BLUE,Aerospacelab SPRL,NL1,Archived
"52.3121414741634,4.7577329757090885",NL,,Amsterdam,Luchthaven Schiphol,Airports: Throughput (archived),Count of airplanes on Sentinel-2 image,Sentinel-2,Sentinel 2 L2A,E13b2,2020-03-26T10:46:39,120.2531646,Average value for 2019,2019,100,"X in [96.41971250032128, 103.58028749967872] --> Normal, X < 96.41971250032128 --> Low, X > 103.58028749967872 --> High",High,"POLYGON ((4.7812255 52.2927895, 4.7825597 52.2927317, 4.7827823 52.2928777, 4.7827837 52.2929876, 4.7837546 52.2929655, 4.7838941 52.294309, 4.7847632 52.2949152, 4.7838271 52.2954171, 4.7837453 52.2953638, 4.7830573 52.2957132, 4.7844721 52.2967212, 4.7843407 52.2967934, 4.7857127 52.2977706, 4.7920024 52.2943992, 4.7921016 52.2944957, 4.7921365 52.2945296, 4.7938478 52.2985527, 4.7942884 52.2997468, 4.7959279 52.3008867, 4.7975774 52.3020062, 4.7995609 52.3028771, 4.8026562 52.3042392, 4.8052928 52.3051109, 4.8050112 52.3054922, 4.8055047 52.3055201, 4.8053196 52.3058711, 4.8043674 52.3059268, 4.8061685 52.3071626, 4.8068471 52.3076455, 4.8062788 52.3079481, 4.8063184 52.307984, 4.8059858 52.3081695, 4.8060518 52.3082158, 4.8065772 52.3085842, 4.8064461 52.3086602, 4.8067136 52.3088307, 4.8069661 52.3086968, 4.8070248 52.3087376, 4.8075397 52.3091067, 4.8074005 52.3091801, 4.8074007 52.3092587, 4.8082898 52.3098972, 4.8077548 52.3101855, 4.809458 52.3114148, 4.8088762 52.3117551, 4.8092169 52.3119863, 4.8064143 52.3136366, 4.8077843 52.3146529, 4.8072046 52.3149815, 4.8071187 52.315821, 4.8028096 52.318129, 4.7979602 52.3207312, 4.7912299 52.3205389, 4.7900895 52.3211037, 4.7896775 52.3211824, 4.7878922 52.3207837, 4.7858952 52.320553, 4.7838369 52.3204192, 4.7836714 52.3203453, 4.7835354 52.3203751, 4.783529 52.3205469, 4.7837076 52.3206254, 4.7837042 52.3208627, 4.7838648 52.3225006, 4.7813691 52.3237897, 4.7794808 52.3243825, 4.7788972 52.3243091, 4.7779616 52.3240363, 4.7770517 52.3235087, 4.7769574 52.323454, 4.7768833 52.3232494, 4.7763552 52.3227315, 4.7763428 52.3225669, 4.775385 52.3218221, 4.7739533 52.3204899, 4.772802 52.3196927, 4.7716055 52.3191848, 4.7626386 52.31889, 4.7581519 52.3187114, 4.7543839 52.3185907, 4.75165 52.3185065, 4.7480863 52.3183968, 4.7448816 52.3182922, 4.7448462 52.3184178, 4.7444366 52.3186305, 4.7444893 52.318807, 4.7448261 52.319096, 4.7453635 52.3194855, 4.7466515 52.3194701, 4.7483887 52.320629, 4.7489906 52.3282718, 4.7455226 52.3301329, 4.7455757 52.330712, 4.7458048 52.3311641, 4.7458405 52.3314439, 4.745701 52.331922, 4.7459228 52.3343643, 4.7431736 52.3358749, 4.7430186 52.3360839, 4.7426967 52.3361222, 4.7413982 52.3368123, 4.7391274 52.3368497, 4.7376564 52.3358571, 4.7375368 52.3357629, 4.7372459 52.3355642, 4.7371659 52.3355473, 4.7360807 52.3353175, 4.7350247 52.3346177, 4.7346803 52.3319443, 4.7344006 52.3292376, 4.7337941 52.3228428, 4.7337781 52.3226323, 4.7329009 52.3226572, 4.7264808 52.3272158, 4.7251718 52.3279, 4.7137779 52.334003, 4.7136234 52.3341341, 4.7135812 52.3343299, 4.7152817 52.3354808, 4.7153048 52.3358361, 4.7160102 52.336391, 4.7160574 52.3365782, 4.7158146 52.3368085, 4.7158568 52.3369728, 4.714016 52.3379758, 4.7144198 52.3421772, 4.7147563 52.3463894, 4.7145675 52.3466096, 4.7132114 52.3473317, 4.7131169 52.3474942, 4.7130826 52.3477092, 4.7137864 52.3549246, 4.7138637 52.3551029, 4.7142671 52.3553859, 4.7143529 52.3555327, 4.7149949 52.3625027, 4.7174496 52.3642952, 4.7163681 52.3649818, 4.7152907 52.3656093, 4.711085 52.3678943, 4.7109906 52.3678576, 4.7108321 52.3661034, 4.7102913 52.3656998, 4.709845 52.3653696, 4.7096905 52.3650866, 4.7093729 52.3617689, 4.7087292 52.3543883, 4.708609 52.3529099, 4.7079739 52.3460942, 4.7077025 52.3434886, 4.7071328 52.3367706, 4.706223 52.3267421, 4.7061543 52.325971, 4.7062401 52.3257297, 4.7065405 52.3256038, 4.7073559 52.3255513, 4.7079585 52.3252382, 4.7093747 52.3252015, 4.7098726 52.3255057, 4.7107309 52.3255162, 4.7110999 52.3257155, 4.711192 52.3265421, 4.7113213 52.327702, 4.7121127 52.3282439, 4.7125419 52.3283174, 4.7128681 52.3282544, 4.7136663 52.3278138, 4.7139581 52.3277981, 4.7148765 52.3284223, 4.7148422 52.3285849, 4.7157606 52.3292248, 4.7215516 52.326173, 4.7217788 52.3262597, 4.7222273 52.3260212, 4.7225436 52.3258904, 4.7267659 52.3235743, 4.7303747 52.3216139, 4.7304761 52.321602, 4.7308803 52.3218322, 4.7309286 52.3218026, 4.7310077 52.3217625, 4.7306326 52.3215544, 4.7306372 52.3215275, 4.7327313 52.3204107, 4.7329625 52.3202635, 4.7334165 52.3200458, 4.733626 52.3199273, 4.7335159 52.3187552, 4.733386 52.3173383, 4.7328786 52.3118037, 4.7326587 52.3094044, 4.7317193 52.299151, 4.7330769 52.2984354, 4.7336729 52.2981436, 4.7338288 52.2979963, 4.7338901 52.2979737, 4.7340577 52.2979195, 4.7341334 52.2980052, 4.7340979 52.298073, 4.7344619 52.2981025, 4.7345071 52.2980233, 4.734882 52.2973318, 4.7355996 52.2972564, 4.7373381 52.2962513, 4.7395348 52.2978069, 4.7402138 52.2983038, 4.7406861 52.2986517, 4.7412208 52.2990481, 4.741452 52.2991665, 4.7421769 52.2999705, 4.74298 52.3011743, 4.7438115 52.3025519, 4.745074 52.3045293, 4.745488 52.3053114, 4.7455253 52.3054874, 4.7455217 52.3057199, 4.7454666 52.3059774, 4.7453885 52.3061414, 4.7451344 52.3065184, 4.7447506 52.3069659, 4.7446369 52.3071593, 4.7445854 52.3073049, 4.7445623 52.3074472, 4.7445783 52.3076916, 4.7450709 52.3086114, 4.7452024 52.3087113, 4.7454014 52.3087482, 4.7456074 52.3087439, 4.7474507 52.3083494, 4.7486618 52.310924, 4.7501113 52.3135397, 4.7512663 52.3132442, 4.75111 52.31299, 4.7502572 52.3115574, 4.7497347 52.3104505, 4.7491262 52.3088434, 4.7491011 52.3087405, 4.7491061 52.3085838, 4.7491438 52.3084194, 4.7492167 52.3082612, 4.7493061 52.308143, 4.7495229 52.3080083, 4.7498906 52.3078204, 4.7496903 52.307544, 4.7489513 52.3064739, 4.748619 52.3065337, 4.7483792 52.3065652, 4.7481287 52.3065413, 4.7479297 52.3064891, 4.7477129 52.3063968, 4.7471806 52.3059042, 4.7460323 52.304566, 4.7446161 52.302226, 4.743877 52.3011547, 4.7431699 52.3002138, 4.7423882 52.2992773, 4.7417273 52.2985928, 4.7408887 52.2978387, 4.7392079 52.2965522, 4.7381295 52.2958013, 4.7389949 52.2953166, 4.7417534 52.2925787, 4.730532 52.2881979, 4.731768 52.2873001, 4.7339652 52.2860453, 4.736363 52.2846864, 4.7400183 52.2871215, 4.7448407 52.2846584, 4.7622409 52.291463, 4.7719175 52.2956617, 4.7742248 52.2962595, 4.7742456 52.2938783, 4.7740739 52.2937575, 4.7740396 52.2932378, 4.772014 52.2918099, 4.7743142 52.2905814, 4.7738679 52.2860821, 4.7743829 52.2858038, 4.7795499 52.285641, 4.7799877 52.2859455, 4.7802597 52.2884686, 4.780544 52.2906654, 4.7810777 52.2912272, 4.7812255 52.2927895))",Number of parked airplanes, Time series of airport throughput at Luchthaven Schiphol,RED,Aerospacelab SPRL,NL1,Archived
"52.3121414741634,4.7577329757090885",NL,,Amsterdam,Luchthaven Schiphol,Airports: Throughput (archived),Count of airplanes on Sentinel-2 image,Sentinel-2,Sentinel 2 L2A,E13b2,2020-03-31T10:50:21,122.7848101,Average value for 2019,2019,100,"X in [96.41971250032128, 103.58028749967872] --> Normal, X < 96.41971250032128 --> Low, X > 103.58028749967872 --> High",High,"POLYGON ((4.7812255 52.2927895, 4.7825597 52.2927317, 4.7827823 52.2928777, 4.7827837 52.2929876, 4.7837546 52.2929655, 4.7838941 52.294309, 4.7847632 52.2949152, 4.7838271 52.2954171, 4.7837453 52.2953638, 4.7830573 52.2957132, 4.7844721 52.2967212, 4.7843407 52.2967934, 4.7857127 52.2977706, 4.7920024 52.2943992, 4.7921016 52.2944957, 4.7921365 52.2945296, 4.7938478 52.2985527, 4.7942884 52.2997468, 4.7959279 52.3008867, 4.7975774 52.3020062, 4.7995609 52.3028771, 4.8026562 52.3042392, 4.8052928 52.3051109, 4.8050112 52.3054922, 4.8055047 52.3055201, 4.8053196 52.3058711, 4.8043674 52.3059268, 4.8061685 52.3071626, 4.8068471 52.3076455, 4.8062788 52.3079481, 4.8063184 52.307984, 4.8059858 52.3081695, 4.8060518 52.3082158, 4.8065772 52.3085842, 4.8064461 52.3086602, 4.8067136 52.3088307, 4.8069661 52.3086968, 4.8070248 52.3087376, 4.8075397 52.3091067, 4.8074005 52.3091801, 4.8074007 52.3092587, 4.8082898 52.3098972, 4.8077548 52.3101855, 4.809458 52.3114148, 4.8088762 52.3117551, 4.8092169 52.3119863, 4.8064143 52.3136366, 4.8077843 52.3146529, 4.8072046 52.3149815, 4.8071187 52.315821, 4.8028096 52.318129, 4.7979602 52.3207312, 4.7912299 52.3205389, 4.7900895 52.3211037, 4.7896775 52.3211824, 4.7878922 52.3207837, 4.7858952 52.320553, 4.7838369 52.3204192, 4.7836714 52.3203453, 4.7835354 52.3203751, 4.783529 52.3205469, 4.7837076 52.3206254, 4.7837042 52.3208627, 4.7838648 52.3225006, 4.7813691 52.3237897, 4.7794808 52.3243825, 4.7788972 52.3243091, 4.7779616 52.3240363, 4.7770517 52.3235087, 4.7769574 52.323454, 4.7768833 52.3232494, 4.7763552 52.3227315, 4.7763428 52.3225669, 4.775385 52.3218221, 4.7739533 52.3204899, 4.772802 52.3196927, 4.7716055 52.3191848, 4.7626386 52.31889, 4.7581519 52.3187114, 4.7543839 52.3185907, 4.75165 52.3185065, 4.7480863 52.3183968, 4.7448816 52.3182922, 4.7448462 52.3184178, 4.7444366 52.3186305, 4.7444893 52.318807, 4.7448261 52.319096, 4.7453635 52.3194855, 4.7466515 52.3194701, 4.7483887 52.320629, 4.7489906 52.3282718, 4.7455226 52.3301329, 4.7455757 52.330712, 4.7458048 52.3311641, 4.7458405 52.3314439, 4.745701 52.331922, 4.7459228 52.3343643, 4.7431736 52.3358749, 4.7430186 52.3360839, 4.7426967 52.3361222, 4.7413982 52.3368123, 4.7391274 52.3368497, 4.7376564 52.3358571, 4.7375368 52.3357629, 4.7372459 52.3355642, 4.7371659 52.3355473, 4.7360807 52.3353175, 4.7350247 52.3346177, 4.7346803 52.3319443, 4.7344006 52.3292376, 4.7337941 52.3228428, 4.7337781 52.3226323, 4.7329009 52.3226572, 4.7264808 52.3272158, 4.7251718 52.3279, 4.7137779 52.334003, 4.7136234 52.3341341, 4.7135812 52.3343299, 4.7152817 52.3354808, 4.7153048 52.3358361, 4.7160102 52.336391, 4.7160574 52.3365782, 4.7158146 52.3368085, 4.7158568 52.3369728, 4.714016 52.3379758, 4.7144198 52.3421772, 4.7147563 52.3463894, 4.7145675 52.3466096, 4.7132114 52.3473317, 4.7131169 52.3474942, 4.7130826 52.3477092, 4.7137864 52.3549246, 4.7138637 52.3551029, 4.7142671 52.3553859, 4.7143529 52.3555327, 4.7149949 52.3625027, 4.7174496 52.3642952, 4.7163681 52.3649818, 4.7152907 52.3656093, 4.711085 52.3678943, 4.7109906 52.3678576, 4.7108321 52.3661034, 4.7102913 52.3656998, 4.709845 52.3653696, 4.7096905 52.3650866, 4.7093729 52.3617689, 4.7087292 52.3543883, 4.708609 52.3529099, 4.7079739 52.3460942, 4.7077025 52.3434886, 4.7071328 52.3367706, 4.706223 52.3267421, 4.7061543 52.325971, 4.7062401 52.3257297, 4.7065405 52.3256038, 4.7073559 52.3255513, 4.7079585 52.3252382, 4.7093747 52.3252015, 4.7098726 52.3255057, 4.7107309 52.3255162, 4.7110999 52.3257155, 4.711192 52.3265421, 4.7113213 52.327702, 4.7121127 52.3282439, 4.7125419 52.3283174, 4.7128681 52.3282544, 4.7136663 52.3278138, 4.7139581 52.3277981, 4.7148765 52.3284223, 4.7148422 52.3285849, 4.7157606 52.3292248, 4.7215516 52.326173, 4.7217788 52.3262597, 4.7222273 52.3260212, 4.7225436 52.3258904, 4.7267659 52.3235743, 4.7303747 52.3216139, 4.7304761 52.321602, 4.7308803 52.3218322, 4.7309286 52.3218026, 4.7310077 52.3217625, 4.7306326 52.3215544, 4.7306372 52.3215275, 4.7327313 52.3204107, 4.7329625 52.3202635, 4.7334165 52.3200458, 4.733626 52.3199273, 4.7335159 52.3187552, 4.733386 52.3173383, 4.7328786 52.3118037, 4.7326587 52.3094044, 4.7317193 52.299151, 4.7330769 52.2984354, 4.7336729 52.2981436, 4.7338288 52.2979963, 4.7338901 52.2979737, 4.7340577 52.2979195, 4.7341334 52.2980052, 4.7340979 52.298073, 4.7344619 52.2981025, 4.7345071 52.2980233, 4.734882 52.2973318, 4.7355996 52.2972564, 4.7373381 52.2962513, 4.7395348 52.2978069, 4.7402138 52.2983038, 4.7406861 52.2986517, 4.7412208 52.2990481, 4.741452 52.2991665, 4.7421769 52.2999705, 4.74298 52.3011743, 4.7438115 52.3025519, 4.745074 52.3045293, 4.745488 52.3053114, 4.7455253 52.3054874, 4.7455217 52.3057199, 4.7454666 52.3059774, 4.7453885 52.3061414, 4.7451344 52.3065184, 4.7447506 52.3069659, 4.7446369 52.3071593, 4.7445854 52.3073049, 4.7445623 52.3074472, 4.7445783 52.3076916, 4.7450709 52.3086114, 4.7452024 52.3087113, 4.7454014 52.3087482, 4.7456074 52.3087439, 4.7474507 52.3083494, 4.7486618 52.310924, 4.7501113 52.3135397, 4.7512663 52.3132442, 4.75111 52.31299, 4.7502572 52.3115574, 4.7497347 52.3104505, 4.7491262 52.3088434, 4.7491011 52.3087405, 4.7491061 52.3085838, 4.7491438 52.3084194, 4.7492167 52.3082612, 4.7493061 52.308143, 4.7495229 52.3080083, 4.7498906 52.3078204, 4.7496903 52.307544, 4.7489513 52.3064739, 4.748619 52.3065337, 4.7483792 52.3065652, 4.7481287 52.3065413, 4.7479297 52.3064891, 4.7477129 52.3063968, 4.7471806 52.3059042, 4.7460323 52.304566, 4.7446161 52.302226, 4.743877 52.3011547, 4.7431699 52.3002138, 4.7423882 52.2992773, 4.7417273 52.2985928, 4.7408887 52.2978387, 4.7392079 52.2965522, 4.7381295 52.2958013, 4.7389949 52.2953166, 4.7417534 52.2925787, 4.730532 52.2881979, 4.731768 52.2873001, 4.7339652 52.2860453, 4.736363 52.2846864, 4.7400183 52.2871215, 4.7448407 52.2846584, 4.7622409 52.291463, 4.7719175 52.2956617, 4.7742248 52.2962595, 4.7742456 52.2938783, 4.7740739 52.2937575, 4.7740396 52.2932378, 4.772014 52.2918099, 4.7743142 52.2905814, 4.7738679 52.2860821, 4.7743829 52.2858038, 4.7795499 52.285641, 4.7799877 52.2859455, 4.7802597 52.2884686, 4.780544 52.2906654, 4.7810777 52.2912272, 4.7812255 52.2927895))",Number of parked airplanes, Time series of airport throughput at Luchthaven Schiphol,RED,Aerospacelab SPRL,NL1,Archived
"52.3121414741634,4.7577329757090885",NL,,Amsterdam,Luchthaven Schiphol,Airports: Throughput (archived),Count of airplanes on Sentinel-2 image,Sentinel-2,Sentinel 2 L2A,E13b2,2020-04-05T10:46:19,115.1898734,Average value for 2019,2019,100,"X in [96.41971250032128, 103.58028749967872] --> Normal, X < 96.41971250032128 --> Low, X > 103.58028749967872 --> High",High,"POLYGON ((4.7812255 52.2927895, 4.7825597 52.2927317, 4.7827823 52.2928777, 4.7827837 52.2929876, 4.7837546 52.2929655, 4.7838941 52.294309, 4.7847632 52.2949152, 4.7838271 52.2954171, 4.7837453 52.2953638, 4.7830573 52.2957132, 4.7844721 52.2967212, 4.7843407 52.2967934, 4.7857127 52.2977706, 4.7920024 52.2943992, 4.7921016 52.2944957, 4.7921365 52.2945296, 4.7938478 52.2985527, 4.7942884 52.2997468, 4.7959279 52.3008867, 4.7975774 52.3020062, 4.7995609 52.3028771, 4.8026562 52.3042392, 4.8052928 52.3051109, 4.8050112 52.3054922, 4.8055047 52.3055201, 4.8053196 52.3058711, 4.8043674 52.3059268, 4.8061685 52.3071626, 4.8068471 52.3076455, 4.8062788 52.3079481, 4.8063184 52.307984, 4.8059858 52.3081695, 4.8060518 52.3082158, 4.8065772 52.3085842, 4.8064461 52.3086602, 4.8067136 52.3088307, 4.8069661 52.3086968, 4.8070248 52.3087376, 4.8075397 52.3091067, 4.8074005 52.3091801, 4.8074007 52.3092587, 4.8082898 52.3098972, 4.8077548 52.3101855, 4.809458 52.3114148, 4.8088762 52.3117551, 4.8092169 52.3119863, 4.8064143 52.3136366, 4.8077843 52.3146529, 4.8072046 52.3149815, 4.8071187 52.315821, 4.8028096 52.318129, 4.7979602 52.3207312, 4.7912299 52.3205389, 4.7900895 52.3211037, 4.7896775 52.3211824, 4.7878922 52.3207837, 4.7858952 52.320553, 4.7838369 52.3204192, 4.7836714 52.3203453, 4.7835354 52.3203751, 4.783529 52.3205469, 4.7837076 52.3206254, 4.7837042 52.3208627, 4.7838648 52.3225006, 4.7813691 52.3237897, 4.7794808 52.3243825, 4.7788972 52.3243091, 4.7779616 52.3240363, 4.7770517 52.3235087, 4.7769574 52.323454, 4.7768833 52.3232494, 4.7763552 52.3227315, 4.7763428 52.3225669, 4.775385 52.3218221, 4.7739533 52.3204899, 4.772802 52.3196927, 4.7716055 52.3191848, 4.7626386 52.31889, 4.7581519 52.3187114, 4.7543839 52.3185907, 4.75165 52.3185065, 4.7480863 52.3183968, 4.7448816 52.3182922, 4.7448462 52.3184178, 4.7444366 52.3186305, 4.7444893 52.318807, 4.7448261 52.319096, 4.7453635 52.3194855, 4.7466515 52.3194701, 4.7483887 52.320629, 4.7489906 52.3282718, 4.7455226 52.3301329, 4.7455757 52.330712, 4.7458048 52.3311641, 4.7458405 52.3314439, 4.745701 52.331922, 4.7459228 52.3343643, 4.7431736 52.3358749, 4.7430186 52.3360839, 4.7426967 52.3361222, 4.7413982 52.3368123, 4.7391274 52.3368497, 4.7376564 52.3358571, 4.7375368 52.3357629, 4.7372459 52.3355642, 4.7371659 52.3355473, 4.7360807 52.3353175, 4.7350247 52.3346177, 4.7346803 52.3319443, 4.7344006 52.3292376, 4.7337941 52.3228428, 4.7337781 52.3226323, 4.7329009 52.3226572, 4.7264808 52.3272158, 4.7251718 52.3279, 4.7137779 52.334003, 4.7136234 52.3341341, 4.7135812 52.3343299, 4.7152817 52.3354808, 4.7153048 52.3358361, 4.7160102 52.336391, 4.7160574 52.3365782, 4.7158146 52.3368085, 4.7158568 52.3369728, 4.714016 52.3379758, 4.7144198 52.3421772, 4.7147563 52.3463894, 4.7145675 52.3466096, 4.7132114 52.3473317, 4.7131169 52.3474942, 4.7130826 52.3477092, 4.7137864 52.3549246, 4.7138637 52.3551029, 4.7142671 52.3553859, 4.7143529 52.3555327, 4.7149949 52.3625027, 4.7174496 52.3642952, 4.7163681 52.3649818, 4.7152907 52.3656093, 4.711085 52.3678943, 4.7109906 52.3678576, 4.7108321 52.3661034, 4.7102913 52.3656998, 4.709845 52.3653696, 4.7096905 52.3650866, 4.7093729 52.3617689, 4.7087292 52.3543883, 4.708609 52.3529099, 4.7079739 52.3460942, 4.7077025 52.3434886, 4.7071328 52.3367706, 4.706223 52.3267421, 4.7061543 52.325971, 4.7062401 52.3257297, 4.7065405 52.3256038, 4.7073559 52.3255513, 4.7079585 52.3252382, 4.7093747 52.3252015, 4.7098726 52.3255057, 4.7107309 52.3255162, 4.7110999 52.3257155, 4.711192 52.3265421, 4.7113213 52.327702, 4.7121127 52.3282439, 4.7125419 52.3283174, 4.7128681 52.3282544, 4.7136663 52.3278138, 4.7139581 52.3277981, 4.7148765 52.3284223, 4.7148422 52.3285849, 4.7157606 52.3292248, 4.7215516 52.326173, 4.7217788 52.3262597, 4.7222273 52.3260212, 4.7225436 52.3258904, 4.7267659 52.3235743, 4.7303747 52.3216139, 4.7304761 52.321602, 4.7308803 52.3218322, 4.7309286 52.3218026, 4.7310077 52.3217625, 4.7306326 52.3215544, 4.7306372 52.3215275, 4.7327313 52.3204107, 4.7329625 52.3202635, 4.7334165 52.3200458, 4.733626 52.3199273, 4.7335159 52.3187552, 4.733386 52.3173383, 4.7328786 52.3118037, 4.7326587 52.3094044, 4.7317193 52.299151, 4.7330769 52.2984354, 4.7336729 52.2981436, 4.7338288 52.2979963, 4.7338901 52.2979737, 4.7340577 52.2979195, 4.7341334 52.2980052, 4.7340979 52.298073, 4.7344619 52.2981025, 4.7345071 52.2980233, 4.734882 52.2973318, 4.7355996 52.2972564, 4.7373381 52.2962513, 4.7395348 52.2978069, 4.7402138 52.2983038, 4.7406861 52.2986517, 4.7412208 52.2990481, 4.741452 52.2991665, 4.7421769 52.2999705, 4.74298 52.3011743, 4.7438115 52.3025519, 4.745074 52.3045293, 4.745488 52.3053114, 4.7455253 52.3054874, 4.7455217 52.3057199, 4.7454666 52.3059774, 4.7453885 52.3061414, 4.7451344 52.3065184, 4.7447506 52.3069659, 4.7446369 52.3071593, 4.7445854 52.3073049, 4.7445623 52.3074472, 4.7445783 52.3076916, 4.7450709 52.3086114, 4.7452024 52.3087113, 4.7454014 52.3087482, 4.7456074 52.3087439, 4.7474507 52.3083494, 4.7486618 52.310924, 4.7501113 52.3135397, 4.7512663 52.3132442, 4.75111 52.31299, 4.7502572 52.3115574, 4.7497347 52.3104505, 4.7491262 52.3088434, 4.7491011 52.3087405, 4.7491061 52.3085838, 4.7491438 52.3084194, 4.7492167 52.3082612, 4.7493061 52.308143, 4.7495229 52.3080083, 4.7498906 52.3078204, 4.7496903 52.307544, 4.7489513 52.3064739, 4.748619 52.3065337, 4.7483792 52.3065652, 4.7481287 52.3065413, 4.7479297 52.3064891, 4.7477129 52.3063968, 4.7471806 52.3059042, 4.7460323 52.304566, 4.7446161 52.302226, 4.743877 52.3011547, 4.7431699 52.3002138, 4.7423882 52.2992773, 4.7417273 52.2985928, 4.7408887 52.2978387, 4.7392079 52.2965522, 4.7381295 52.2958013, 4.7389949 52.2953166, 4.7417534 52.2925787, 4.730532 52.2881979, 4.731768 52.2873001, 4.7339652 52.2860453, 4.736363 52.2846864, 4.7400183 52.2871215, 4.7448407 52.2846584, 4.7622409 52.291463, 4.7719175 52.2956617, 4.7742248 52.2962595, 4.7742456 52.2938783, 4.7740739 52.2937575, 4.7740396 52.2932378, 4.772014 52.2918099, 4.7743142 52.2905814, 4.7738679 52.2860821, 4.7743829 52.2858038, 4.7795499 52.285641, 4.7799877 52.2859455, 4.7802597 52.2884686, 4.780544 52.2906654, 4.7810777 52.2912272, 4.7812255 52.2927895))",Number of parked airplanes, Time series of airport throughput at Luchthaven Schiphol,RED,Aerospacelab SPRL,NL1,Archived
"52.3121414741634,4.7577329757090885",NL,,Amsterdam,Luchthaven Schiphol,Airports: Throughput (archived),Count of airplanes on Sentinel-2 image,Sentinel-2,Sentinel 2 L2A,E13b2,2020-04-15T10:46:19,115.1898734,Average value for 2019,2019,100,"X in [96.41971250032128, 103.58028749967872] --> Normal, X < 96.41971250032128 --> Low, X > 103.58028749967872 --> High",High,"POLYGON ((4.7812255 52.2927895, 4.7825597 52.2927317, 4.7827823 52.2928777, 4.7827837 52.2929876, 4.7837546 52.2929655, 4.7838941 52.294309, 4.7847632 52.2949152, 4.7838271 52.2954171, 4.7837453 52.2953638, 4.7830573 52.2957132, 4.7844721 52.2967212, 4.7843407 52.2967934, 4.7857127 52.2977706, 4.7920024 52.2943992, 4.7921016 52.2944957, 4.7921365 52.2945296, 4.7938478 52.2985527, 4.7942884 52.2997468, 4.7959279 52.3008867, 4.7975774 52.3020062, 4.7995609 52.3028771, 4.8026562 52.3042392, 4.8052928 52.3051109, 4.8050112 52.3054922, 4.8055047 52.3055201, 4.8053196 52.3058711, 4.8043674 52.3059268, 4.8061685 52.3071626, 4.8068471 52.3076455, 4.8062788 52.3079481, 4.8063184 52.307984, 4.8059858 52.3081695, 4.8060518 52.3082158, 4.8065772 52.3085842, 4.8064461 52.3086602, 4.8067136 52.3088307, 4.8069661 52.3086968, 4.8070248 52.3087376, 4.8075397 52.3091067, 4.8074005 52.3091801, 4.8074007 52.3092587, 4.8082898 52.3098972, 4.8077548 52.3101855, 4.809458 52.3114148, 4.8088762 52.3117551, 4.8092169 52.3119863, 4.8064143 52.3136366, 4.8077843 52.3146529, 4.8072046 52.3149815, 4.8071187 52.315821, 4.8028096 52.318129, 4.7979602 52.3207312, 4.7912299 52.3205389, 4.7900895 52.3211037, 4.7896775 52.3211824, 4.7878922 52.3207837, 4.7858952 52.320553, 4.7838369 52.3204192, 4.7836714 52.3203453, 4.7835354 52.3203751, 4.783529 52.3205469, 4.7837076 52.3206254, 4.7837042 52.3208627, 4.7838648 52.3225006, 4.7813691 52.3237897, 4.7794808 52.3243825, 4.7788972 52.3243091, 4.7779616 52.3240363, 4.7770517 52.3235087, 4.7769574 52.323454, 4.7768833 52.3232494, 4.7763552 52.3227315, 4.7763428 52.3225669, 4.775385 52.3218221, 4.7739533 52.3204899, 4.772802 52.3196927, 4.7716055 52.3191848, 4.7626386 52.31889, 4.7581519 52.3187114, 4.7543839 52.3185907, 4.75165 52.3185065, 4.7480863 52.3183968, 4.7448816 52.3182922, 4.7448462 52.3184178, 4.7444366 52.3186305, 4.7444893 52.318807, 4.7448261 52.319096, 4.7453635 52.3194855, 4.7466515 52.3194701, 4.7483887 52.320629, 4.7489906 52.3282718, 4.7455226 52.3301329, 4.7455757 52.330712, 4.7458048 52.3311641, 4.7458405 52.3314439, 4.745701 52.331922, 4.7459228 52.3343643, 4.7431736 52.3358749, 4.7430186 52.3360839, 4.7426967 52.3361222, 4.7413982 52.3368123, 4.7391274 52.3368497, 4.7376564 52.3358571, 4.7375368 52.3357629, 4.7372459 52.3355642, 4.7371659 52.3355473, 4.7360807 52.3353175, 4.7350247 52.3346177, 4.7346803 52.3319443, 4.7344006 52.3292376, 4.7337941 52.3228428, 4.7337781 52.3226323, 4.7329009 52.3226572, 4.7264808 52.3272158, 4.7251718 52.3279, 4.7137779 52.334003, 4.7136234 52.3341341, 4.7135812 52.3343299, 4.7152817 52.3354808, 4.7153048 52.3358361, 4.7160102 52.336391, 4.7160574 52.3365782, 4.7158146 52.3368085, 4.7158568 52.3369728, 4.714016 52.3379758, 4.7144198 52.3421772, 4.7147563 52.3463894, 4.7145675 52.3466096, 4.7132114 52.3473317, 4.7131169 52.3474942, 4.7130826 52.3477092, 4.7137864 52.3549246, 4.7138637 52.3551029, 4.7142671 52.3553859, 4.7143529 52.3555327, 4.7149949 52.3625027, 4.7174496 52.3642952, 4.7163681 52.3649818, 4.7152907 52.3656093, 4.711085 52.3678943, 4.7109906 52.3678576, 4.7108321 52.3661034, 4.7102913 52.3656998, 4.709845 52.3653696, 4.7096905 52.3650866, 4.7093729 52.3617689, 4.7087292 52.3543883, 4.708609 52.3529099, 4.7079739 52.3460942, 4.7077025 52.3434886, 4.7071328 52.3367706, 4.706223 52.3267421, 4.7061543 52.325971, 4.7062401 52.3257297, 4.7065405 52.3256038, 4.7073559 52.3255513, 4.7079585 52.3252382, 4.7093747 52.3252015, 4.7098726 52.3255057, 4.7107309 52.3255162, 4.7110999 52.3257155, 4.711192 52.3265421, 4.7113213 52.327702, 4.7121127 52.3282439, 4.7125419 52.3283174, 4.7128681 52.3282544, 4.7136663 52.3278138, 4.7139581 52.3277981, 4.7148765 52.3284223, 4.7148422 52.3285849, 4.7157606 52.3292248, 4.7215516 52.326173, 4.7217788 52.3262597, 4.7222273 52.3260212, 4.7225436 52.3258904, 4.7267659 52.3235743, 4.7303747 52.3216139, 4.7304761 52.321602, 4.7308803 52.3218322, 4.7309286 52.3218026, 4.7310077 52.3217625, 4.7306326 52.3215544, 4.7306372 52.3215275, 4.7327313 52.3204107, 4.7329625 52.3202635, 4.7334165 52.3200458, 4.733626 52.3199273, 4.7335159 52.3187552, 4.733386 52.3173383, 4.7328786 52.3118037, 4.7326587 52.3094044, 4.7317193 52.299151, 4.7330769 52.2984354, 4.7336729 52.2981436, 4.7338288 52.2979963, 4.7338901 52.2979737, 4.7340577 52.2979195, 4.7341334 52.2980052, 4.7340979 52.298073, 4.7344619 52.2981025, 4.7345071 52.2980233, 4.734882 52.2973318, 4.7355996 52.2972564, 4.7373381 52.2962513, 4.7395348 52.2978069, 4.7402138 52.2983038, 4.7406861 52.2986517, 4.7412208 52.2990481, 4.741452 52.2991665, 4.7421769 52.2999705, 4.74298 52.3011743, 4.7438115 52.3025519, 4.745074 52.3045293, 4.745488 52.3053114, 4.7455253 52.3054874, 4.7455217 52.3057199, 4.7454666 52.3059774, 4.7453885 52.3061414, 4.7451344 52.3065184, 4.7447506 52.3069659, 4.7446369 52.3071593, 4.7445854 52.3073049, 4.7445623 52.3074472, 4.7445783 52.3076916, 4.7450709 52.3086114, 4.7452024 52.3087113, 4.7454014 52.3087482, 4.7456074 52.3087439, 4.7474507 52.3083494, 4.7486618 52.310924, 4.7501113 52.3135397, 4.7512663 52.3132442, 4.75111 52.31299, 4.7502572 52.3115574, 4.7497347 52.3104505, 4.7491262 52.3088434, 4.7491011 52.3087405, 4.7491061 52.3085838, 4.7491438 52.3084194, 4.7492167 52.3082612, 4.7493061 52.308143, 4.7495229 52.3080083, 4.7498906 52.3078204, 4.7496903 52.307544, 4.7489513 52.3064739, 4.748619 52.3065337, 4.7483792 52.3065652, 4.7481287 52.3065413, 4.7479297 52.3064891, 4.7477129 52.3063968, 4.7471806 52.3059042, 4.7460323 52.304566, 4.7446161 52.302226, 4.743877 52.3011547, 4.7431699 52.3002138, 4.7423882 52.2992773, 4.7417273 52.2985928, 4.7408887 52.2978387, 4.7392079 52.2965522, 4.7381295 52.2958013, 4.7389949 52.2953166, 4.7417534 52.2925787, 4.730532 52.2881979, 4.731768 52.2873001, 4.7339652 52.2860453, 4.736363 52.2846864, 4.7400183 52.2871215, 4.7448407 52.2846584, 4.7622409 52.291463, 4.7719175 52.2956617, 4.7742248 52.2962595, 4.7742456 52.2938783, 4.7740739 52.2937575, 4.7740396 52.2932378, 4.772014 52.2918099, 4.7743142 52.2905814, 4.7738679 52.2860821, 4.7743829 52.2858038, 4.7795499 52.285641, 4.7799877 52.2859455, 4.7802597 52.2884686, 4.780544 52.2906654, 4.7810777 52.2912272, 4.7812255 52.2927895))",Number of parked airplanes, Time series of airport throughput at Luchthaven Schiphol,RED,Aerospacelab SPRL,NL1,Archived
"52.3121414741634,4.7577329757090885",NL,,Amsterdam,Luchthaven Schiphol,Airports: Throughput (archived),Count of airplanes on Sentinel-2 image,Sentinel-2,Sentinel 2 L2A,E13b2,2020-04-20T10:50:31,117.721519,Average value for 2019,2019,100,"X in [96.41971250032128, 103.58028749967872] --> Normal, X < 96.41971250032128 --> Low, X > 103.58028749967872 --> High",High,"POLYGON ((4.7812255 52.2927895, 4.7825597 52.2927317, 4.7827823 52.2928777, 4.7827837 52.2929876, 4.7837546 52.2929655, 4.7838941 52.294309, 4.7847632 52.2949152, 4.7838271 52.2954171, 4.7837453 52.2953638, 4.7830573 52.2957132, 4.7844721 52.2967212, 4.7843407 52.2967934, 4.7857127 52.2977706, 4.7920024 52.2943992, 4.7921016 52.2944957, 4.7921365 52.2945296, 4.7938478 52.2985527, 4.7942884 52.2997468, 4.7959279 52.3008867, 4.7975774 52.3020062, 4.7995609 52.3028771, 4.8026562 52.3042392, 4.8052928 52.3051109, 4.8050112 52.3054922, 4.8055047 52.3055201, 4.8053196 52.3058711, 4.8043674 52.3059268, 4.8061685 52.3071626, 4.8068471 52.3076455, 4.8062788 52.3079481, 4.8063184 52.307984, 4.8059858 52.3081695, 4.8060518 52.3082158, 4.8065772 52.3085842, 4.8064461 52.3086602, 4.8067136 52.3088307, 4.8069661 52.3086968, 4.8070248 52.3087376, 4.8075397 52.3091067, 4.8074005 52.3091801, 4.8074007 52.3092587, 4.8082898 52.3098972, 4.8077548 52.3101855, 4.809458 52.3114148, 4.8088762 52.3117551, 4.8092169 52.3119863, 4.8064143 52.3136366, 4.8077843 52.3146529, 4.8072046 52.3149815, 4.8071187 52.315821, 4.8028096 52.318129, 4.7979602 52.3207312, 4.7912299 52.3205389, 4.7900895 52.3211037, 4.7896775 52.3211824, 4.7878922 52.3207837, 4.7858952 52.320553, 4.7838369 52.3204192, 4.7836714 52.3203453, 4.7835354 52.3203751, 4.783529 52.3205469, 4.7837076 52.3206254, 4.7837042 52.3208627, 4.7838648 52.3225006, 4.7813691 52.3237897, 4.7794808 52.3243825, 4.7788972 52.3243091, 4.7779616 52.3240363, 4.7770517 52.3235087, 4.7769574 52.323454, 4.7768833 52.3232494, 4.7763552 52.3227315, 4.7763428 52.3225669, 4.775385 52.3218221, 4.7739533 52.3204899, 4.772802 52.3196927, 4.7716055 52.3191848, 4.7626386 52.31889, 4.7581519 52.3187114, 4.7543839 52.3185907, 4.75165 52.3185065, 4.7480863 52.3183968, 4.7448816 52.3182922, 4.7448462 52.3184178, 4.7444366 52.3186305, 4.7444893 52.318807, 4.7448261 52.319096, 4.7453635 52.3194855, 4.7466515 52.3194701, 4.7483887 52.320629, 4.7489906 52.3282718, 4.7455226 52.3301329, 4.7455757 52.330712, 4.7458048 52.3311641, 4.7458405 52.3314439, 4.745701 52.331922, 4.7459228 52.3343643, 4.7431736 52.3358749, 4.7430186 52.3360839, 4.7426967 52.3361222, 4.7413982 52.3368123, 4.7391274 52.3368497, 4.7376564 52.3358571, 4.7375368 52.3357629, 4.7372459 52.3355642, 4.7371659 52.3355473, 4.7360807 52.3353175, 4.7350247 52.3346177, 4.7346803 52.3319443, 4.7344006 52.3292376, 4.7337941 52.3228428, 4.7337781 52.3226323, 4.7329009 52.3226572, 4.7264808 52.3272158, 4.7251718 52.3279, 4.7137779 52.334003, 4.7136234 52.3341341, 4.7135812 52.3343299, 4.7152817 52.3354808, 4.7153048 52.3358361, 4.7160102 52.336391, 4.7160574 52.3365782, 4.7158146 52.3368085, 4.7158568 52.3369728, 4.714016 52.3379758, 4.7144198 52.3421772, 4.7147563 52.3463894, 4.7145675 52.3466096, 4.7132114 52.3473317, 4.7131169 52.3474942, 4.7130826 52.3477092, 4.7137864 52.3549246, 4.7138637 52.3551029, 4.7142671 52.3553859, 4.7143529 52.3555327, 4.7149949 52.3625027, 4.7174496 52.3642952, 4.7163681 52.3649818, 4.7152907 52.3656093, 4.711085 52.3678943, 4.7109906 52.3678576, 4.7108321 52.3661034, 4.7102913 52.3656998, 4.709845 52.3653696, 4.7096905 52.3650866, 4.7093729 52.3617689, 4.7087292 52.3543883, 4.708609 52.3529099, 4.7079739 52.3460942, 4.7077025 52.3434886, 4.7071328 52.3367706, 4.706223 52.3267421, 4.7061543 52.325971, 4.7062401 52.3257297, 4.7065405 52.3256038, 4.7073559 52.3255513, 4.7079585 52.3252382, 4.7093747 52.3252015, 4.7098726 52.3255057, 4.7107309 52.3255162, 4.7110999 52.3257155, 4.711192 52.3265421, 4.7113213 52.327702, 4.7121127 52.3282439, 4.7125419 52.3283174, 4.7128681 52.3282544, 4.7136663 52.3278138, 4.7139581 52.3277981, 4.7148765 52.3284223, 4.7148422 52.3285849, 4.7157606 52.3292248, 4.7215516 52.326173, 4.7217788 52.3262597, 4.7222273 52.3260212, 4.7225436 52.3258904, 4.7267659 52.3235743, 4.7303747 52.3216139, 4.7304761 52.321602, 4.7308803 52.3218322, 4.7309286 52.3218026, 4.7310077 52.3217625, 4.7306326 52.3215544, 4.7306372 52.3215275, 4.7327313 52.3204107, 4.7329625 52.3202635, 4.7334165 52.3200458, 4.733626 52.3199273, 4.7335159 52.3187552, 4.733386 52.3173383, 4.7328786 52.3118037, 4.7326587 52.3094044, 4.7317193 52.299151, 4.7330769 52.2984354, 4.7336729 52.2981436, 4.7338288 52.2979963, 4.7338901 52.2979737, 4.7340577 52.2979195, 4.7341334 52.2980052, 4.7340979 52.298073, 4.7344619 52.2981025, 4.7345071 52.2980233, 4.734882 52.2973318, 4.7355996 52.2972564, 4.7373381 52.2962513, 4.7395348 52.2978069, 4.7402138 52.2983038, 4.7406861 52.2986517, 4.7412208 52.2990481, 4.741452 52.2991665, 4.7421769 52.2999705, 4.74298 52.3011743, 4.7438115 52.3025519, 4.745074 52.3045293, 4.745488 52.3053114, 4.7455253 52.3054874, 4.7455217 52.3057199, 4.7454666 52.3059774, 4.7453885 52.3061414, 4.7451344 52.3065184, 4.7447506 52.3069659, 4.7446369 52.3071593, 4.7445854 52.3073049, 4.7445623 52.3074472, 4.7445783 52.3076916, 4.7450709 52.3086114, 4.7452024 52.3087113, 4.7454014 52.3087482, 4.7456074 52.3087439, 4.7474507 52.3083494, 4.7486618 52.310924, 4.7501113 52.3135397, 4.7512663 52.3132442, 4.75111 52.31299, 4.7502572 52.3115574, 4.7497347 52.3104505, 4.7491262 52.3088434, 4.7491011 52.3087405, 4.7491061 52.3085838, 4.7491438 52.3084194, 4.7492167 52.3082612, 4.7493061 52.308143, 4.7495229 52.3080083, 4.7498906 52.3078204, 4.7496903 52.307544, 4.7489513 52.3064739, 4.748619 52.3065337, 4.7483792 52.3065652, 4.7481287 52.3065413, 4.7479297 52.3064891, 4.7477129 52.3063968, 4.7471806 52.3059042, 4.7460323 52.304566, 4.7446161 52.302226, 4.743877 52.3011547, 4.7431699 52.3002138, 4.7423882 52.2992773, 4.7417273 52.2985928, 4.7408887 52.2978387, 4.7392079 52.2965522, 4.7381295 52.2958013, 4.7389949 52.2953166, 4.7417534 52.2925787, 4.730532 52.2881979, 4.731768 52.2873001, 4.7339652 52.2860453, 4.736363 52.2846864, 4.7400183 52.2871215, 4.7448407 52.2846584, 4.7622409 52.291463, 4.7719175 52.2956617, 4.7742248 52.2962595, 4.7742456 52.2938783, 4.7740739 52.2937575, 4.7740396 52.2932378, 4.772014 52.2918099, 4.7743142 52.2905814, 4.7738679 52.2860821, 4.7743829 52.2858038, 4.7795499 52.285641, 4.7799877 52.2859455, 4.7802597 52.2884686, 4.780544 52.2906654, 4.7810777 52.2912272, 4.7812255 52.2927895))",Number of parked airplanes, Time series of airport throughput at Luchthaven Schiphol,RED,Aerospacelab SPRL,NL1,Archived
"51.469716296645025,-0.4580423952680147",GB,,London,London Heathrow Airport,Airports: Throughput (archived),Count of airplanes on Sentinel-2 image,Sentinel-2,Sentinel 2 L2A,E13b2,2019-07-23T10:56:29,122.4932249,Average value for 2019,2019,100,"X in [75.51444612631151, 124.48555387368849] --> Normal, X < 75.51444612631151 --> Low, X > 124.48555387368849 --> High",Normal,"POLYGON ((-0.4632283 51.4790707, -0.4648151 51.4790748, -0.4698495 51.4790654, -0.4736995 51.4790582, -0.4756088 51.4790506, -0.4803432 51.4790318, -0.4803558 51.4793115, -0.4816198 51.479302, -0.4817594 51.4793661, -0.4818344 51.4793374, -0.4820453 51.4793796, -0.4824422 51.4792848, -0.4826323 51.4792568, -0.4830028 51.4792298, -0.4851051 51.4792045, -0.4864998 51.479176, -0.4874922 51.4791148, -0.4885268 51.4790295, -0.4885187 51.4789477, -0.4892966 51.4789279, -0.4902005 51.4788384, -0.4915424 51.4786721, -0.4917784 51.4786302, -0.4919385 51.4784742, -0.4924133 51.4784481, -0.492735 51.4783906, -0.4928879 51.4782661, -0.4931005 51.4783311, -0.4934026 51.4782829, -0.493855 51.4780416, -0.4940382 51.477837, -0.4941992 51.4775937, -0.4942726 51.477343, -0.4942667 51.4772231, -0.4943776 51.4766569, -0.4941288 51.47665, -0.4942763 51.4760271, -0.4934992 51.4757515, -0.4929308 51.475783, -0.4925285 51.475775, -0.4922523 51.4757424, -0.4917347 51.475632, -0.4912787 51.4751449, -0.4907637 51.4748972, -0.4903086 51.4745348, -0.4906162 51.4743766, -0.4894548 51.4734038, -0.4894552 51.4733222, -0.4894639 51.4700991, -0.489611 51.4697169, -0.4896239 51.4695947, -0.4900181 51.4695328, -0.4902451 51.4694718, -0.4904284 51.4693966, -0.4905935 51.4692704, -0.4907018 51.4691614, -0.4907914 51.4690355, -0.4908439 51.4689129, -0.4908768 51.4688305, -0.490881 51.4687111, -0.4908643 51.4686177, -0.4908497 51.4685632, -0.4908247 51.4685036, -0.4907831 51.468427, -0.4907143 51.4683414, -0.4908914 51.468283, -0.4909226 51.4682635, -0.4909497 51.4682298, -0.4909422 51.4675659, -0.4910038 51.4673682, -0.4910163 51.4673099, -0.4910211 51.4668405, -0.4909167 51.4667808, -0.4907067 51.4667447, -0.4905058 51.4667486, -0.4905118 51.4665757, -0.4900501 51.4665618, -0.4900503 51.4664689, -0.4900514 51.4664197, -0.490053 51.4663757, -0.4900499 51.4663266, -0.49005 51.4662699, -0.4899774 51.4662697, -0.4899804 51.4660468, -0.4900619 51.4660455, -0.4900611 51.4659661, -0.4900637 51.4659125, -0.4900691 51.4658496, -0.4900607 51.4657691, -0.4900622 51.4657325, -0.4902638 51.465735, -0.4903449 51.4656459, -0.4903446 51.465634, -0.4903436 51.4655931, -0.4903433 51.4655819, -0.490968 51.465499, -0.4914683 51.465495, -0.4915883 51.4652081, -0.4916035 51.4651762, -0.491618 51.4651458, -0.4916885 51.4649199, -0.4917332 51.4647155, -0.4917284 51.4645847, -0.4917072 51.4644562, -0.4916611 51.4643364, -0.491588 51.4642458, -0.4914651 51.4640903, -0.4913239 51.4639673, -0.4911451 51.4638653, -0.4909712 51.4637946, -0.4906311 51.4636682, -0.4903119 51.463619, -0.4898794 51.4635839, -0.4896326 51.4635673, -0.4886825 51.4635492, -0.4882131 51.4635403, -0.4882721 51.463425, -0.4882667 51.4634099, -0.4882828 51.4633932, -0.4882882 51.4633832, -0.4882882 51.4633681, -0.4882748 51.4633581, -0.4882587 51.4633514, -0.4882453 51.4633448, -0.4882345 51.4633347, -0.4882372 51.4633197, -0.4882479 51.463308, -0.4882533 51.4632913, -0.4882453 51.4632762, -0.4882184 51.4632679, -0.4881997 51.4632612, -0.4881916 51.4632428, -0.4881916 51.4632311, -0.4882023 51.4632161, -0.488205 51.4632027, -0.488197 51.4631927, -0.4881782 51.4631827, -0.4881541 51.4631776, -0.4881407 51.4631659, -0.4881407 51.4631526, -0.4881487 51.4631426, -0.4881567 51.4631275, -0.4881514 51.4631125, -0.4881407 51.4631008, -0.4881165 51.4630958, -0.4881004 51.4630857, -0.4880843 51.4630774, -0.488087 51.463059, -0.4880951 51.4630456, -0.4880951 51.4630339, -0.488079 51.4630172, -0.4880521 51.4630156, -0.4880307 51.4630055, -0.48802 51.4629955, -0.4880226 51.4629788, -0.488028 51.4629621, -0.488028 51.4629454, -0.4880012 51.4629353, -0.4879717 51.462932, -0.4879609 51.462922, -0.4879502 51.4629103, -0.4879556 51.4628936, -0.4879556 51.4628752, -0.4879449 51.4628618, -0.4879261 51.4628568, -0.4878912 51.4628484, -0.4878805 51.4628418, -0.4878751 51.4628284, -0.4878805 51.46282, -0.4878858 51.4628067, -0.4878698 51.46279, -0.487851 51.4627816, -0.4878215 51.4627749, -0.4878 51.4627682, -0.487792 51.4627565, -0.487792 51.4627415, -0.487792 51.4627248, -0.4877812 51.4627097, -0.4877437 51.4627031, -0.4877222 51.4626997, -0.4877035 51.462688, -0.4877061 51.4626713, -0.4877061 51.4626579, -0.4876954 51.4626446, -0.487682 51.4626362, -0.4876471 51.4626329, -0.4876284 51.4626262, -0.4876123 51.4626145, -0.4876123 51.4626011, -0.4876096 51.4625844, -0.4875988 51.4625727, -0.4875667 51.4625644, -0.4875372 51.4625644, -0.4875157 51.4625527, -0.4875157 51.4625393, -0.487513 51.4625209, -0.4875023 51.4625092, -0.4874835 51.4625042, -0.4874433 51.4624975, -0.4874218 51.4624925, -0.4874084 51.4624775, -0.4874084 51.4624608, -0.4873977 51.4624491, -0.4873789 51.4624407, -0.4873521 51.4624357, -0.4873306 51.4624357, -0.4873119 51.462429, -0.4872984 51.462419, -0.4872931 51.4624023, -0.4872958 51.4623889, -0.4872743 51.4623789, -0.4872475 51.4623739, -0.4872153 51.4623755, -0.4871912 51.4623672, -0.4871831 51.4623505, -0.4871777 51.4623321, -0.487159 51.4623204, -0.4871321 51.462317, -0.487108 51.4623221, -0.4870839 51.4623137, -0.4870651 51.462302, -0.4870597 51.4622903, -0.487057 51.4622803, -0.4870383 51.4622702, -0.4870249 51.4622669, -0.486998 51.4622719, -0.4869658 51.4622669, -0.4869444 51.4622569, -0.4869363 51.4622435, -0.4861826 51.4620167, -0.4854289 51.4619548, -0.4836989 51.4619695, -0.4834119 51.4619561, -0.4830203 51.4620246, -0.4829881 51.4620731, -0.4798043 51.4620864, -0.4788066 51.4620898, -0.4786617 51.4620998, -0.4784981 51.4621315, -0.4783962 51.4621583, -0.4776452 51.462429, -0.4765911 51.4628, -0.4765723 51.4627833, -0.4765025 51.4628067, -0.4751349 51.4628356, -0.4744651 51.4628445, -0.4744308 51.4602907, -0.4747394 51.4602951, -0.474755 51.4601498, -0.4735156 51.4593437, -0.4733386 51.4591853, -0.4728256 51.4590069, -0.4704578 51.4586376, -0.468285 51.4584467, -0.4657812 51.4581615, -0.4635134 51.4579486, -0.4616879 51.4578662, -0.4615119 51.4594899, -0.4623352 51.4594933, -0.4623426 51.4605994, -0.4607182 51.4605919, -0.4607229 51.4606719, -0.4605361 51.4606749, -0.4604562 51.460715, -0.4603537 51.4607574, -0.4602273 51.4607948, -0.4600627 51.4608201, -0.4587719 51.460827, -0.458687 51.4608094, -0.4585975 51.4607692, -0.4585372 51.4607178, -0.4584933 51.46066, -0.458387 51.4606084, -0.4586252 51.4604566, -0.4591371 51.4601825, -0.4594243 51.4600219, -0.4594518 51.4598293, -0.4589279 51.4595786, -0.4588352 51.4593122, -0.4588633 51.4590505, -0.4588139 51.4587675, -0.4586916 51.4585131, -0.4585341 51.4582978, -0.4582928 51.4580633, -0.4583383 51.4580391, -0.459145 51.4581197, -0.4592768 51.4576265, -0.4591848 51.4575924, -0.4573833 51.4573253, -0.4573601 51.4573744, -0.4569694 51.4574971, -0.4562052 51.4573199, -0.456151 51.4574362, -0.4560266 51.4574704, -0.4560404 51.4575269, -0.4559387 51.4575559, -0.4557819 51.4575502, -0.455548 51.4574862, -0.4552126 51.4572732, -0.4550737 51.4572714, -0.4549458 51.4572578, -0.454917 51.4573214, -0.4546438 51.4572382, -0.453749 51.4567926, -0.4528967 51.4564021, -0.4526477 51.4562966, -0.4523666 51.4562127, -0.4521119 51.4561575, -0.4517684 51.4561116, -0.4515579 51.4560999, -0.4513087 51.4560987, -0.4510267 51.4561174, -0.4499862 51.4562186, -0.4496392 51.4562726, -0.4493903 51.4563329, -0.4491957 51.4563897, -0.4470581 51.4570895, -0.4469461 51.4571274, -0.4468627 51.4571696, -0.4467847 51.4572149, -0.4467232 51.4572596, -0.4466583 51.4573244, -0.4466109 51.4573951, -0.4465778 51.4574702, -0.4465566 51.4575518, -0.4465601 51.457627, -0.4465804 51.4577038, -0.4466325 51.4577781, -0.4467407 51.4578637, -0.4468466 51.4579347, -0.4475326 51.458326, -0.4475476 51.4583555, -0.4477043 51.458442, -0.4477723 51.4584824, -0.4478326 51.4585367, -0.4478623 51.4585949, -0.4478706 51.4586534, -0.4478584 51.4587027, -0.4478336 51.4587471, -0.4477904 51.4587871, -0.4477586 51.4588073, -0.4457043 51.4602471, -0.4446835 51.4596914, -0.4439901 51.4595053, -0.4431795 51.4593795, -0.4422861 51.4593888, -0.4416308 51.4597781, -0.4419691 51.4600025, -0.4412396 51.4611148, -0.440974 51.4610466, -0.4410322 51.460896, -0.4410293 51.4603958, -0.4409901 51.4603382, -0.4409365 51.4603103, -0.4394256 51.4603412, -0.4394291 51.4607252, -0.4387183 51.4607242, -0.4384635 51.4604779, -0.4371304 51.4610389, -0.4369856 51.4609013, -0.4338259 51.4622271, -0.4338119 51.4622504, -0.4339713 51.4624085, -0.4338186 51.4624752, -0.4337105 51.4625244, -0.4334209 51.4623339, -0.4285517 51.4643896, -0.4284216 51.4644511, -0.4283405 51.464491, -0.4283192 51.4644949, -0.4282996 51.4644972, -0.427377 51.4648886, -0.4273439 51.4649075, -0.4272072 51.464975, -0.4272585 51.4650356, -0.427289 51.4650576, -0.4273084 51.4650699, -0.4273326 51.4650805, -0.4273369 51.4655827, -0.4273555 51.4656158, -0.4273709 51.4656219, -0.4284513 51.4656154, -0.4287296 51.4657879, -0.4287309 51.4658745, -0.428775 51.4658939, -0.4293474 51.4658791, -0.42948 51.4659445, -0.4294936 51.4665592, -0.4291667 51.4667205, -0.4293167 51.4667739, -0.4296453 51.466867, -0.4300367 51.4669387, -0.4304782 51.4669927, -0.4309444 51.4669218, -0.4312176 51.4667775, -0.4312965 51.4668328, -0.4329556 51.4665779, -0.4330396 51.466549, -0.4331323 51.4667666, -0.4328714 51.4668346, -0.4331136 51.4672507, -0.4308623 51.4677076, -0.4306216 51.4675842, -0.4303466 51.4672195, -0.4302296 51.4671602, -0.4300586 51.4671508, -0.4296293 51.4672175, -0.4284886 51.467402, -0.4284601 51.4674374, -0.4278844 51.4676057, -0.4269661 51.4678334, -0.4271251 51.4681502, -0.4260581 51.4684108, -0.4242137 51.4688613, -0.4244278 51.4691984, -0.4244362 51.4692192, -0.4244811 51.4693489, -0.4244926 51.4693663, -0.4245915 51.4695022, -0.4246068 51.4695241, -0.4246634 51.4696896, -0.4246742 51.4697108, -0.4254173 51.4708303, -0.4257132 51.471178, -0.425968 51.4713157, -0.4262748 51.4714677, -0.4292786 51.4714604, -0.431169 51.4714356, -0.4316162 51.4713848, -0.4317584 51.4714533, -0.432064 51.4715801, -0.4331303 51.4717832, -0.433541 51.4718125, -0.4338214 51.4718825, -0.4340525 51.4719543, -0.4339163 51.4720545, -0.4338086 51.472003, -0.4336844 51.4719212, -0.4334871 51.47188, -0.4333225 51.4719743, -0.4332783 51.4719475, -0.4331613 51.4718841, -0.4325664 51.4717691, -0.4325289 51.4717828, -0.431967 51.4716803, -0.4317281 51.4715522, -0.4314907 51.4717075, -0.4312268 51.4715701, -0.4311703 51.4715486, -0.4310944 51.4715406, -0.4295029 51.4715468, -0.4293822 51.4715596, -0.4292962 51.4715761, -0.4292357 51.4715908, -0.4289569 51.471799, -0.428916 51.4718612, -0.4289207 51.4719195, -0.428967 51.4719524, -0.4290232 51.4719657, -0.429128 51.4719777, -0.4291895 51.4719764, -0.4292478 51.4719593, -0.4294077 51.4718488, -0.4295737 51.4719304, -0.4294047 51.4720573, -0.4296669 51.4721999, -0.4299363 51.4720005, -0.4302699 51.4721706, -0.4295242 51.472673, -0.4295752 51.4728861, -0.4295319 51.4729154, -0.4294737 51.4729176, -0.4294382 51.4729693, -0.4292977 51.4730115, -0.4293098 51.473306, -0.4295115 51.4733335, -0.4295294 51.4736324, -0.4280941 51.4739145, -0.4276363 51.4733761, -0.4276437 51.4732127, -0.4273789 51.4732098, -0.4273013 51.4732656, -0.4271621 51.4732685, -0.4270188 51.473266, -0.4270198 51.4737246, -0.4269497 51.4737256, -0.4268588 51.4737263, -0.4242634 51.4737415, -0.4217144 51.4737377, -0.4215455 51.4737433, -0.4215537 51.4733995, -0.4217465 51.4732175, -0.4217335 51.4726215, -0.4217146 51.4720708, -0.4214025 51.4719338, -0.4185553 51.473431, -0.4165917 51.4719804, -0.4182227 51.4711238, -0.4184029 51.4712569, -0.4185919 51.4713858, -0.4186039 51.4713947, -0.4198521 51.4707176, -0.4201097 51.4706002, -0.4189162 51.469667, -0.4179662 51.4701294, -0.4165606 51.4708708, -0.4154346 51.471473, -0.4153512 51.4715423, -0.4152775 51.4716241, -0.415227 51.4717104, -0.4151764 51.4718317, -0.4151697 51.4719606, -0.4151985 51.4720898, -0.4155042 51.4724018, -0.4157781 51.4726431, -0.4158855 51.4727046, -0.4160487 51.4728273, -0.416153 51.4729167, -0.41777 51.4741238, -0.4177945 51.474179, -0.4178163 51.4742291, -0.4177939 51.4742331, -0.4177198 51.4743037, -0.4181367 51.4749647, -0.4185638 51.4753803, -0.4189731 51.4754856, -0.4195604 51.4756242, -0.4204293 51.47575, -0.4211843 51.4758166, -0.4220054 51.4758176, -0.4223263 51.4755237, -0.4231788 51.4754748, -0.4235472 51.4754642, -0.426585 51.4755352, -0.4267433 51.4755348, -0.4268747 51.4755319, -0.4268684 51.4756398, -0.4268309 51.4757834, -0.4267933 51.4759315, -0.4270371 51.47608, -0.4271383 51.4762047, -0.4271398 51.4762656, -0.4270059 51.4763846, -0.4269176 51.476463, -0.426837 51.4765425, -0.4267694 51.4766427, -0.4267313 51.4768623, -0.4268476 51.4769717, -0.4268467 51.476996, -0.4268475 51.4770166, -0.4268473 51.4770462, -0.4267094 51.4771155, -0.4267116 51.4776028, -0.426714 51.4785595, -0.4267959 51.4787102, -0.4268767 51.478829, -0.4269702 51.4789427, -0.4270885 51.4790443, -0.4271885 51.4791052, -0.4272906 51.479156, -0.4274065 51.4791958, -0.4275856 51.4792566, -0.4277328 51.4792893, -0.4278922 51.4793156, -0.4280763 51.4793378, -0.4295263 51.4793015, -0.4317928 51.4793148, -0.4329769 51.4793006, -0.4333725 51.4793146, -0.4341696 51.4793858, -0.4347501 51.4794056, -0.4368437 51.4793962, -0.438442 51.47938, -0.4392869 51.4793399, -0.4402317 51.479337, -0.4442704 51.4793249, -0.4443482 51.479375, -0.4463974 51.4793499, -0.4477149 51.4793452, -0.4477422 51.4793012, -0.4479407 51.4793045, -0.4479451 51.479215, -0.4484864 51.4792103, -0.4484954 51.4792921, -0.4504443 51.479279, -0.4504424 51.4791177, -0.4507287 51.4791145, -0.4507316 51.4791446, -0.4515091 51.4791354, -0.4520596 51.4791329, -0.4551256 51.4791152, -0.4632283 51.4790707))",Number of parked airplanes, Time series of airport throughput at London Heathrow Airport,BLUE,Aerospacelab SPRL,UK4,Archived
"51.469716296645025,-0.4580423952680147",GB,,London,London Heathrow Airport,Airports: Throughput (archived),Count of airplanes on Sentinel-2 image,Sentinel-2,Sentinel 2 L2A,E13b2,2019-09-14T11:06:49,124.6612466,Average value for 2019,2019,100,"X in [75.51444612631151, 124.48555387368849] --> Normal, X < 75.51444612631151 --> Low, X > 124.48555387368849 --> High",High,"POLYGON ((-0.4632283 51.4790707, -0.4648151 51.4790748, -0.4698495 51.4790654, -0.4736995 51.4790582, -0.4756088 51.4790506, -0.4803432 51.4790318, -0.4803558 51.4793115, -0.4816198 51.479302, -0.4817594 51.4793661, -0.4818344 51.4793374, -0.4820453 51.4793796, -0.4824422 51.4792848, -0.4826323 51.4792568, -0.4830028 51.4792298, -0.4851051 51.4792045, -0.4864998 51.479176, -0.4874922 51.4791148, -0.4885268 51.4790295, -0.4885187 51.4789477, -0.4892966 51.4789279, -0.4902005 51.4788384, -0.4915424 51.4786721, -0.4917784 51.4786302, -0.4919385 51.4784742, -0.4924133 51.4784481, -0.492735 51.4783906, -0.4928879 51.4782661, -0.4931005 51.4783311, -0.4934026 51.4782829, -0.493855 51.4780416, -0.4940382 51.477837, -0.4941992 51.4775937, -0.4942726 51.477343, -0.4942667 51.4772231, -0.4943776 51.4766569, -0.4941288 51.47665, -0.4942763 51.4760271, -0.4934992 51.4757515, -0.4929308 51.475783, -0.4925285 51.475775, -0.4922523 51.4757424, -0.4917347 51.475632, -0.4912787 51.4751449, -0.4907637 51.4748972, -0.4903086 51.4745348, -0.4906162 51.4743766, -0.4894548 51.4734038, -0.4894552 51.4733222, -0.4894639 51.4700991, -0.489611 51.4697169, -0.4896239 51.4695947, -0.4900181 51.4695328, -0.4902451 51.4694718, -0.4904284 51.4693966, -0.4905935 51.4692704, -0.4907018 51.4691614, -0.4907914 51.4690355, -0.4908439 51.4689129, -0.4908768 51.4688305, -0.490881 51.4687111, -0.4908643 51.4686177, -0.4908497 51.4685632, -0.4908247 51.4685036, -0.4907831 51.468427, -0.4907143 51.4683414, -0.4908914 51.468283, -0.4909226 51.4682635, -0.4909497 51.4682298, -0.4909422 51.4675659, -0.4910038 51.4673682, -0.4910163 51.4673099, -0.4910211 51.4668405, -0.4909167 51.4667808, -0.4907067 51.4667447, -0.4905058 51.4667486, -0.4905118 51.4665757, -0.4900501 51.4665618, -0.4900503 51.4664689, -0.4900514 51.4664197, -0.490053 51.4663757, -0.4900499 51.4663266, -0.49005 51.4662699, -0.4899774 51.4662697, -0.4899804 51.4660468, -0.4900619 51.4660455, -0.4900611 51.4659661, -0.4900637 51.4659125, -0.4900691 51.4658496, -0.4900607 51.4657691, -0.4900622 51.4657325, -0.4902638 51.465735, -0.4903449 51.4656459, -0.4903446 51.465634, -0.4903436 51.4655931, -0.4903433 51.4655819, -0.490968 51.465499, -0.4914683 51.465495, -0.4915883 51.4652081, -0.4916035 51.4651762, -0.491618 51.4651458, -0.4916885 51.4649199, -0.4917332 51.4647155, -0.4917284 51.4645847, -0.4917072 51.4644562, -0.4916611 51.4643364, -0.491588 51.4642458, -0.4914651 51.4640903, -0.4913239 51.4639673, -0.4911451 51.4638653, -0.4909712 51.4637946, -0.4906311 51.4636682, -0.4903119 51.463619, -0.4898794 51.4635839, -0.4896326 51.4635673, -0.4886825 51.4635492, -0.4882131 51.4635403, -0.4882721 51.463425, -0.4882667 51.4634099, -0.4882828 51.4633932, -0.4882882 51.4633832, -0.4882882 51.4633681, -0.4882748 51.4633581, -0.4882587 51.4633514, -0.4882453 51.4633448, -0.4882345 51.4633347, -0.4882372 51.4633197, -0.4882479 51.463308, -0.4882533 51.4632913, -0.4882453 51.4632762, -0.4882184 51.4632679, -0.4881997 51.4632612, -0.4881916 51.4632428, -0.4881916 51.4632311, -0.4882023 51.4632161, -0.488205 51.4632027, -0.488197 51.4631927, -0.4881782 51.4631827, -0.4881541 51.4631776, -0.4881407 51.4631659, -0.4881407 51.4631526, -0.4881487 51.4631426, -0.4881567 51.4631275, -0.4881514 51.4631125, -0.4881407 51.4631008, -0.4881165 51.4630958, -0.4881004 51.4630857, -0.4880843 51.4630774, -0.488087 51.463059, -0.4880951 51.4630456, -0.4880951 51.4630339, -0.488079 51.4630172, -0.4880521 51.4630156, -0.4880307 51.4630055, -0.48802 51.4629955, -0.4880226 51.4629788, -0.488028 51.4629621, -0.488028 51.4629454, -0.4880012 51.4629353, -0.4879717 51.462932, -0.4879609 51.462922, -0.4879502 51.4629103, -0.4879556 51.4628936, -0.4879556 51.4628752, -0.4879449 51.4628618, -0.4879261 51.4628568, -0.4878912 51.4628484, -0.4878805 51.4628418, -0.4878751 51.4628284, -0.4878805 51.46282, -0.4878858 51.4628067, -0.4878698 51.46279, -0.487851 51.4627816, -0.4878215 51.4627749, -0.4878 51.4627682, -0.487792 51.4627565, -0.487792 51.4627415, -0.487792 51.4627248, -0.4877812 51.4627097, -0.4877437 51.4627031, -0.4877222 51.4626997, -0.4877035 51.462688, -0.4877061 51.4626713, -0.4877061 51.4626579, -0.4876954 51.4626446, -0.487682 51.4626362, -0.4876471 51.4626329, -0.4876284 51.4626262, -0.4876123 51.4626145, -0.4876123 51.4626011, -0.4876096 51.4625844, -0.4875988 51.4625727, -0.4875667 51.4625644, -0.4875372 51.4625644, -0.4875157 51.4625527, -0.4875157 51.4625393, -0.487513 51.4625209, -0.4875023 51.4625092, -0.4874835 51.4625042, -0.4874433 51.4624975, -0.4874218 51.4624925, -0.4874084 51.4624775, -0.4874084 51.4624608, -0.4873977 51.4624491, -0.4873789 51.4624407, -0.4873521 51.4624357, -0.4873306 51.4624357, -0.4873119 51.462429, -0.4872984 51.462419, -0.4872931 51.4624023, -0.4872958 51.4623889, -0.4872743 51.4623789, -0.4872475 51.4623739, -0.4872153 51.4623755, -0.4871912 51.4623672, -0.4871831 51.4623505, -0.4871777 51.4623321, -0.487159 51.4623204, -0.4871321 51.462317, -0.487108 51.4623221, -0.4870839 51.4623137, -0.4870651 51.462302, -0.4870597 51.4622903, -0.487057 51.4622803, -0.4870383 51.4622702, -0.4870249 51.4622669, -0.486998 51.4622719, -0.4869658 51.4622669, -0.4869444 51.4622569, -0.4869363 51.4622435, -0.4861826 51.4620167, -0.4854289 51.4619548, -0.4836989 51.4619695, -0.4834119 51.4619561, -0.4830203 51.4620246, -0.4829881 51.4620731, -0.4798043 51.4620864, -0.4788066 51.4620898, -0.4786617 51.4620998, -0.4784981 51.4621315, -0.4783962 51.4621583, -0.4776452 51.462429, -0.4765911 51.4628, -0.4765723 51.4627833, -0.4765025 51.4628067, -0.4751349 51.4628356, -0.4744651 51.4628445, -0.4744308 51.4602907, -0.4747394 51.4602951, -0.474755 51.4601498, -0.4735156 51.4593437, -0.4733386 51.4591853, -0.4728256 51.4590069, -0.4704578 51.4586376, -0.468285 51.4584467, -0.4657812 51.4581615, -0.4635134 51.4579486, -0.4616879 51.4578662, -0.4615119 51.4594899, -0.4623352 51.4594933, -0.4623426 51.4605994, -0.4607182 51.4605919, -0.4607229 51.4606719, -0.4605361 51.4606749, -0.4604562 51.460715, -0.4603537 51.4607574, -0.4602273 51.4607948, -0.4600627 51.4608201, -0.4587719 51.460827, -0.458687 51.4608094, -0.4585975 51.4607692, -0.4585372 51.4607178, -0.4584933 51.46066, -0.458387 51.4606084, -0.4586252 51.4604566, -0.4591371 51.4601825, -0.4594243 51.4600219, -0.4594518 51.4598293, -0.4589279 51.4595786, -0.4588352 51.4593122, -0.4588633 51.4590505, -0.4588139 51.4587675, -0.4586916 51.4585131, -0.4585341 51.4582978, -0.4582928 51.4580633, -0.4583383 51.4580391, -0.459145 51.4581197, -0.4592768 51.4576265, -0.4591848 51.4575924, -0.4573833 51.4573253, -0.4573601 51.4573744, -0.4569694 51.4574971, -0.4562052 51.4573199, -0.456151 51.4574362, -0.4560266 51.4574704, -0.4560404 51.4575269, -0.4559387 51.4575559, -0.4557819 51.4575502, -0.455548 51.4574862, -0.4552126 51.4572732, -0.4550737 51.4572714, -0.4549458 51.4572578, -0.454917 51.4573214, -0.4546438 51.4572382, -0.453749 51.4567926, -0.4528967 51.4564021, -0.4526477 51.4562966, -0.4523666 51.4562127, -0.4521119 51.4561575, -0.4517684 51.4561116, -0.4515579 51.4560999, -0.4513087 51.4560987, -0.4510267 51.4561174, -0.4499862 51.4562186, -0.4496392 51.4562726, -0.4493903 51.4563329, -0.4491957 51.4563897, -0.4470581 51.4570895, -0.4469461 51.4571274, -0.4468627 51.4571696, -0.4467847 51.4572149, -0.4467232 51.4572596, -0.4466583 51.4573244, -0.4466109 51.4573951, -0.4465778 51.4574702, -0.4465566 51.4575518, -0.4465601 51.457627, -0.4465804 51.4577038, -0.4466325 51.4577781, -0.4467407 51.4578637, -0.4468466 51.4579347, -0.4475326 51.458326, -0.4475476 51.4583555, -0.4477043 51.458442, -0.4477723 51.4584824, -0.4478326 51.4585367, -0.4478623 51.4585949, -0.4478706 51.4586534, -0.4478584 51.4587027, -0.4478336 51.4587471, -0.4477904 51.4587871, -0.4477586 51.4588073, -0.4457043 51.4602471, -0.4446835 51.4596914, -0.4439901 51.4595053, -0.4431795 51.4593795, -0.4422861 51.4593888, -0.4416308 51.4597781, -0.4419691 51.4600025, -0.4412396 51.4611148, -0.440974 51.4610466, -0.4410322 51.460896, -0.4410293 51.4603958, -0.4409901 51.4603382, -0.4409365 51.4603103, -0.4394256 51.4603412, -0.4394291 51.4607252, -0.4387183 51.4607242, -0.4384635 51.4604779, -0.4371304 51.4610389, -0.4369856 51.4609013, -0.4338259 51.4622271, -0.4338119 51.4622504, -0.4339713 51.4624085, -0.4338186 51.4624752, -0.4337105 51.4625244, -0.4334209 51.4623339, -0.4285517 51.4643896, -0.4284216 51.4644511, -0.4283405 51.464491, -0.4283192 51.4644949, -0.4282996 51.4644972, -0.427377 51.4648886, -0.4273439 51.4649075, -0.4272072 51.464975, -0.4272585 51.4650356, -0.427289 51.4650576, -0.4273084 51.4650699, -0.4273326 51.4650805, -0.4273369 51.4655827, -0.4273555 51.4656158, -0.4273709 51.4656219, -0.4284513 51.4656154, -0.4287296 51.4657879, -0.4287309 51.4658745, -0.428775 51.4658939, -0.4293474 51.4658791, -0.42948 51.4659445, -0.4294936 51.4665592, -0.4291667 51.4667205, -0.4293167 51.4667739, -0.4296453 51.466867, -0.4300367 51.4669387, -0.4304782 51.4669927, -0.4309444 51.4669218, -0.4312176 51.4667775, -0.4312965 51.4668328, -0.4329556 51.4665779, -0.4330396 51.466549, -0.4331323 51.4667666, -0.4328714 51.4668346, -0.4331136 51.4672507, -0.4308623 51.4677076, -0.4306216 51.4675842, -0.4303466 51.4672195, -0.4302296 51.4671602, -0.4300586 51.4671508, -0.4296293 51.4672175, -0.4284886 51.467402, -0.4284601 51.4674374, -0.4278844 51.4676057, -0.4269661 51.4678334, -0.4271251 51.4681502, -0.4260581 51.4684108, -0.4242137 51.4688613, -0.4244278 51.4691984, -0.4244362 51.4692192, -0.4244811 51.4693489, -0.4244926 51.4693663, -0.4245915 51.4695022, -0.4246068 51.4695241, -0.4246634 51.4696896, -0.4246742 51.4697108, -0.4254173 51.4708303, -0.4257132 51.471178, -0.425968 51.4713157, -0.4262748 51.4714677, -0.4292786 51.4714604, -0.431169 51.4714356, -0.4316162 51.4713848, -0.4317584 51.4714533, -0.432064 51.4715801, -0.4331303 51.4717832, -0.433541 51.4718125, -0.4338214 51.4718825, -0.4340525 51.4719543, -0.4339163 51.4720545, -0.4338086 51.472003, -0.4336844 51.4719212, -0.4334871 51.47188, -0.4333225 51.4719743, -0.4332783 51.4719475, -0.4331613 51.4718841, -0.4325664 51.4717691, -0.4325289 51.4717828, -0.431967 51.4716803, -0.4317281 51.4715522, -0.4314907 51.4717075, -0.4312268 51.4715701, -0.4311703 51.4715486, -0.4310944 51.4715406, -0.4295029 51.4715468, -0.4293822 51.4715596, -0.4292962 51.4715761, -0.4292357 51.4715908, -0.4289569 51.471799, -0.428916 51.4718612, -0.4289207 51.4719195, -0.428967 51.4719524, -0.4290232 51.4719657, -0.429128 51.4719777, -0.4291895 51.4719764, -0.4292478 51.4719593, -0.4294077 51.4718488, -0.4295737 51.4719304, -0.4294047 51.4720573, -0.4296669 51.4721999, -0.4299363 51.4720005, -0.4302699 51.4721706, -0.4295242 51.472673, -0.4295752 51.4728861, -0.4295319 51.4729154, -0.4294737 51.4729176, -0.4294382 51.4729693, -0.4292977 51.4730115, -0.4293098 51.473306, -0.4295115 51.4733335, -0.4295294 51.4736324, -0.4280941 51.4739145, -0.4276363 51.4733761, -0.4276437 51.4732127, -0.4273789 51.4732098, -0.4273013 51.4732656, -0.4271621 51.4732685, -0.4270188 51.473266, -0.4270198 51.4737246, -0.4269497 51.4737256, -0.4268588 51.4737263, -0.4242634 51.4737415, -0.4217144 51.4737377, -0.4215455 51.4737433, -0.4215537 51.4733995, -0.4217465 51.4732175, -0.4217335 51.4726215, -0.4217146 51.4720708, -0.4214025 51.4719338, -0.4185553 51.473431, -0.4165917 51.4719804, -0.4182227 51.4711238, -0.4184029 51.4712569, -0.4185919 51.4713858, -0.4186039 51.4713947, -0.4198521 51.4707176, -0.4201097 51.4706002, -0.4189162 51.469667, -0.4179662 51.4701294, -0.4165606 51.4708708, -0.4154346 51.471473, -0.4153512 51.4715423, -0.4152775 51.4716241, -0.415227 51.4717104, -0.4151764 51.4718317, -0.4151697 51.4719606, -0.4151985 51.4720898, -0.4155042 51.4724018, -0.4157781 51.4726431, -0.4158855 51.4727046, -0.4160487 51.4728273, -0.416153 51.4729167, -0.41777 51.4741238, -0.4177945 51.474179, -0.4178163 51.4742291, -0.4177939 51.4742331, -0.4177198 51.4743037, -0.4181367 51.4749647, -0.4185638 51.4753803, -0.4189731 51.4754856, -0.4195604 51.4756242, -0.4204293 51.47575, -0.4211843 51.4758166, -0.4220054 51.4758176, -0.4223263 51.4755237, -0.4231788 51.4754748, -0.4235472 51.4754642, -0.426585 51.4755352, -0.4267433 51.4755348, -0.4268747 51.4755319, -0.4268684 51.4756398, -0.4268309 51.4757834, -0.4267933 51.4759315, -0.4270371 51.47608, -0.4271383 51.4762047, -0.4271398 51.4762656, -0.4270059 51.4763846, -0.4269176 51.476463, -0.426837 51.4765425, -0.4267694 51.4766427, -0.4267313 51.4768623, -0.4268476 51.4769717, -0.4268467 51.476996, -0.4268475 51.4770166, -0.4268473 51.4770462, -0.4267094 51.4771155, -0.4267116 51.4776028, -0.426714 51.4785595, -0.4267959 51.4787102, -0.4268767 51.478829, -0.4269702 51.4789427, -0.4270885 51.4790443, -0.4271885 51.4791052, -0.4272906 51.479156, -0.4274065 51.4791958, -0.4275856 51.4792566, -0.4277328 51.4792893, -0.4278922 51.4793156, -0.4280763 51.4793378, -0.4295263 51.4793015, -0.4317928 51.4793148, -0.4329769 51.4793006, -0.4333725 51.4793146, -0.4341696 51.4793858, -0.4347501 51.4794056, -0.4368437 51.4793962, -0.438442 51.47938, -0.4392869 51.4793399, -0.4402317 51.479337, -0.4442704 51.4793249, -0.4443482 51.479375, -0.4463974 51.4793499, -0.4477149 51.4793452, -0.4477422 51.4793012, -0.4479407 51.4793045, -0.4479451 51.479215, -0.4484864 51.4792103, -0.4484954 51.4792921, -0.4504443 51.479279, -0.4504424 51.4791177, -0.4507287 51.4791145, -0.4507316 51.4791446, -0.4515091 51.4791354, -0.4520596 51.4791329, -0.4551256 51.4791152, -0.4632283 51.4790707))",Number of parked airplanes, Time series of airport throughput at London Heathrow Airport,RED,Aerospacelab SPRL,UK4,Archived
"51.469716296645025,-0.4580423952680147",GB,,London,London Heathrow Airport,Airports: Throughput (archived),Count of airplanes on Sentinel-2 image,Sentinel-2,Sentinel 2 L2A,E13b2,2019-09-19T11:07:21,117.0731707,Average value for 2019,2019,100,"X in [75.51444612631151, 124.48555387368849] --> Normal, X < 75.51444612631151 --> Low, X > 124.48555387368849 --> High",Normal,"POLYGON ((-0.4632283 51.4790707, -0.4648151 51.4790748, -0.4698495 51.4790654, -0.4736995 51.4790582, -0.4756088 51.4790506, -0.4803432 51.4790318, -0.4803558 51.4793115, -0.4816198 51.479302, -0.4817594 51.4793661, -0.4818344 51.4793374, -0.4820453 51.4793796, -0.4824422 51.4792848, -0.4826323 51.4792568, -0.4830028 51.4792298, -0.4851051 51.4792045, -0.4864998 51.479176, -0.4874922 51.4791148, -0.4885268 51.4790295, -0.4885187 51.4789477, -0.4892966 51.4789279, -0.4902005 51.4788384, -0.4915424 51.4786721, -0.4917784 51.4786302, -0.4919385 51.4784742, -0.4924133 51.4784481, -0.492735 51.4783906, -0.4928879 51.4782661, -0.4931005 51.4783311, -0.4934026 51.4782829, -0.493855 51.4780416, -0.4940382 51.477837, -0.4941992 51.4775937, -0.4942726 51.477343, -0.4942667 51.4772231, -0.4943776 51.4766569, -0.4941288 51.47665, -0.4942763 51.4760271, -0.4934992 51.4757515, -0.4929308 51.475783, -0.4925285 51.475775, -0.4922523 51.4757424, -0.4917347 51.475632, -0.4912787 51.4751449, -0.4907637 51.4748972, -0.4903086 51.4745348, -0.4906162 51.4743766, -0.4894548 51.4734038, -0.4894552 51.4733222, -0.4894639 51.4700991, -0.489611 51.4697169, -0.4896239 51.4695947, -0.4900181 51.4695328, -0.4902451 51.4694718, -0.4904284 51.4693966, -0.4905935 51.4692704, -0.4907018 51.4691614, -0.4907914 51.4690355, -0.4908439 51.4689129, -0.4908768 51.4688305, -0.490881 51.4687111, -0.4908643 51.4686177, -0.4908497 51.4685632, -0.4908247 51.4685036, -0.4907831 51.468427, -0.4907143 51.4683414, -0.4908914 51.468283, -0.4909226 51.4682635, -0.4909497 51.4682298, -0.4909422 51.4675659, -0.4910038 51.4673682, -0.4910163 51.4673099, -0.4910211 51.4668405, -0.4909167 51.4667808, -0.4907067 51.4667447, -0.4905058 51.4667486, -0.4905118 51.4665757, -0.4900501 51.4665618, -0.4900503 51.4664689, -0.4900514 51.4664197, -0.490053 51.4663757, -0.4900499 51.4663266, -0.49005 51.4662699, -0.4899774 51.4662697, -0.4899804 51.4660468, -0.4900619 51.4660455, -0.4900611 51.4659661, -0.4900637 51.4659125, -0.4900691 51.4658496, -0.4900607 51.4657691, -0.4900622 51.4657325, -0.4902638 51.465735, -0.4903449 51.4656459, -0.4903446 51.465634, -0.4903436 51.4655931, -0.4903433 51.4655819, -0.490968 51.465499, -0.4914683 51.465495, -0.4915883 51.4652081, -0.4916035 51.4651762, -0.491618 51.4651458, -0.4916885 51.4649199, -0.4917332 51.4647155, -0.4917284 51.4645847, -0.4917072 51.4644562, -0.4916611 51.4643364, -0.491588 51.4642458, -0.4914651 51.4640903, -0.4913239 51.4639673, -0.4911451 51.4638653, -0.4909712 51.4637946, -0.4906311 51.4636682, -0.4903119 51.463619, -0.4898794 51.4635839, -0.4896326 51.4635673, -0.4886825 51.4635492, -0.4882131 51.4635403, -0.4882721 51.463425, -0.4882667 51.4634099, -0.4882828 51.4633932, -0.4882882 51.4633832, -0.4882882 51.4633681, -0.4882748 51.4633581, -0.4882587 51.4633514, -0.4882453 51.4633448, -0.4882345 51.4633347, -0.4882372 51.4633197, -0.4882479 51.463308, -0.4882533 51.4632913, -0.4882453 51.4632762, -0.4882184 51.4632679, -0.4881997 51.4632612, -0.4881916 51.4632428, -0.4881916 51.4632311, -0.4882023 51.4632161, -0.488205 51.4632027, -0.488197 51.4631927, -0.4881782 51.4631827, -0.4881541 51.4631776, -0.4881407 51.4631659, -0.4881407 51.4631526, -0.4881487 51.4631426, -0.4881567 51.4631275, -0.4881514 51.4631125, -0.4881407 51.4631008, -0.4881165 51.4630958, -0.4881004 51.4630857, -0.4880843 51.4630774, -0.488087 51.463059, -0.4880951 51.4630456, -0.4880951 51.4630339, -0.488079 51.4630172, -0.4880521 51.4630156, -0.4880307 51.4630055, -0.48802 51.4629955, -0.4880226 51.4629788, -0.488028 51.4629621, -0.488028 51.4629454, -0.4880012 51.4629353, -0.4879717 51.462932, -0.4879609 51.462922, -0.4879502 51.4629103, -0.4879556 51.4628936, -0.4879556 51.4628752, -0.4879449 51.4628618, -0.4879261 51.4628568, -0.4878912 51.4628484, -0.4878805 51.4628418, -0.4878751 51.4628284, -0.4878805 51.46282, -0.4878858 51.4628067, -0.4878698 51.46279, -0.487851 51.4627816, -0.4878215 51.4627749, -0.4878 51.4627682, -0.487792 51.4627565, -0.487792 51.4627415, -0.487792 51.4627248, -0.4877812 51.4627097, -0.4877437 51.4627031, -0.4877222 51.4626997, -0.4877035 51.462688, -0.4877061 51.4626713, -0.4877061 51.4626579, -0.4876954 51.4626446, -0.487682 51.4626362, -0.4876471 51.4626329, -0.4876284 51.4626262, -0.4876123 51.4626145, -0.4876123 51.4626011, -0.4876096 51.4625844, -0.4875988 51.4625727, -0.4875667 51.4625644, -0.4875372 51.4625644, -0.4875157 51.4625527, -0.4875157 51.4625393, -0.487513 51.4625209, -0.4875023 51.4625092, -0.4874835 51.4625042, -0.4874433 51.4624975, -0.4874218 51.4624925, -0.4874084 51.4624775, -0.4874084 51.4624608, -0.4873977 51.4624491, -0.4873789 51.4624407, -0.4873521 51.4624357, -0.4873306 51.4624357, -0.4873119 51.462429, -0.4872984 51.462419, -0.4872931 51.4624023, -0.4872958 51.4623889, -0.4872743 51.4623789, -0.4872475 51.4623739, -0.4872153 51.4623755, -0.4871912 51.4623672, -0.4871831 51.4623505, -0.4871777 51.4623321, -0.487159 51.4623204, -0.4871321 51.462317, -0.487108 51.4623221, -0.4870839 51.4623137, -0.4870651 51.462302, -0.4870597 51.4622903, -0.487057 51.4622803, -0.4870383 51.4622702, -0.4870249 51.4622669, -0.486998 51.4622719, -0.4869658 51.4622669, -0.4869444 51.4622569, -0.4869363 51.4622435, -0.4861826 51.4620167, -0.4854289 51.4619548, -0.4836989 51.4619695, -0.4834119 51.4619561, -0.4830203 51.4620246, -0.4829881 51.4620731, -0.4798043 51.4620864, -0.4788066 51.4620898, -0.4786617 51.4620998, -0.4784981 51.4621315, -0.4783962 51.4621583, -0.4776452 51.462429, -0.4765911 51.4628, -0.4765723 51.4627833, -0.4765025 51.4628067, -0.4751349 51.4628356, -0.4744651 51.4628445, -0.4744308 51.4602907, -0.4747394 51.4602951, -0.474755 51.4601498, -0.4735156 51.4593437, -0.4733386 51.4591853, -0.4728256 51.4590069, -0.4704578 51.4586376, -0.468285 51.4584467, -0.4657812 51.4581615, -0.4635134 51.4579486, -0.4616879 51.4578662, -0.4615119 51.4594899, -0.4623352 51.4594933, -0.4623426 51.4605994, -0.4607182 51.4605919, -0.4607229 51.4606719, -0.4605361 51.4606749, -0.4604562 51.460715, -0.4603537 51.4607574, -0.4602273 51.4607948, -0.4600627 51.4608201, -0.4587719 51.460827, -0.458687 51.4608094, -0.4585975 51.4607692, -0.4585372 51.4607178, -0.4584933 51.46066, -0.458387 51.4606084, -0.4586252 51.4604566, -0.4591371 51.4601825, -0.4594243 51.4600219, -0.4594518 51.4598293, -0.4589279 51.4595786, -0.4588352 51.4593122, -0.4588633 51.4590505, -0.4588139 51.4587675, -0.4586916 51.4585131, -0.4585341 51.4582978, -0.4582928 51.4580633, -0.4583383 51.4580391, -0.459145 51.4581197, -0.4592768 51.4576265, -0.4591848 51.4575924, -0.4573833 51.4573253, -0.4573601 51.4573744, -0.4569694 51.4574971, -0.4562052 51.4573199, -0.456151 51.4574362, -0.4560266 51.4574704, -0.4560404 51.4575269, -0.4559387 51.4575559, -0.4557819 51.4575502, -0.455548 51.4574862, -0.4552126 51.4572732, -0.4550737 51.4572714, -0.4549458 51.4572578, -0.454917 51.4573214, -0.4546438 51.4572382, -0.453749 51.4567926, -0.4528967 51.4564021, -0.4526477 51.4562966, -0.4523666 51.4562127, -0.4521119 51.4561575, -0.4517684 51.4561116, -0.4515579 51.4560999, -0.4513087 51.4560987, -0.4510267 51.4561174, -0.4499862 51.4562186, -0.4496392 51.4562726, -0.4493903 51.4563329, -0.4491957 51.4563897, -0.4470581 51.4570895, -0.4469461 51.4571274, -0.4468627 51.4571696, -0.4467847 51.4572149, -0.4467232 51.4572596, -0.4466583 51.4573244, -0.4466109 51.4573951, -0.4465778 51.4574702, -0.4465566 51.4575518, -0.4465601 51.457627, -0.4465804 51.4577038, -0.4466325 51.4577781, -0.4467407 51.4578637, -0.4468466 51.4579347, -0.4475326 51.458326, -0.4475476 51.4583555, -0.4477043 51.458442, -0.4477723 51.4584824, -0.4478326 51.4585367, -0.4478623 51.4585949, -0.4478706 51.4586534, -0.4478584 51.4587027, -0.4478336 51.4587471, -0.4477904 51.4587871, -0.4477586 51.4588073, -0.4457043 51.4602471, -0.4446835 51.4596914, -0.4439901 51.4595053, -0.4431795 51.4593795, -0.4422861 51.4593888, -0.4416308 51.4597781, -0.4419691 51.4600025, -0.4412396 51.4611148, -0.440974 51.4610466, -0.4410322 51.460896, -0.4410293 51.4603958, -0.4409901 51.4603382, -0.4409365 51.4603103, -0.4394256 51.4603412, -0.4394291 51.4607252, -0.4387183 51.4607242, -0.4384635 51.4604779, -0.4371304 51.4610389, -0.4369856 51.4609013, -0.4338259 51.4622271, -0.4338119 51.4622504, -0.4339713 51.4624085, -0.4338186 51.4624752, -0.4337105 51.4625244, -0.4334209 51.4623339, -0.4285517 51.4643896, -0.4284216 51.4644511, -0.4283405 51.464491, -0.4283192 51.4644949, -0.4282996 51.4644972, -0.427377 51.4648886, -0.4273439 51.4649075, -0.4272072 51.464975, -0.4272585 51.4650356, -0.427289 51.4650576, -0.4273084 51.4650699, -0.4273326 51.4650805, -0.4273369 51.4655827, -0.4273555 51.4656158, -0.4273709 51.4656219, -0.4284513 51.4656154, -0.4287296 51.4657879, -0.4287309 51.4658745, -0.428775 51.4658939, -0.4293474 51.4658791, -0.42948 51.4659445, -0.4294936 51.4665592, -0.4291667 51.4667205, -0.4293167 51.4667739, -0.4296453 51.466867, -0.4300367 51.4669387, -0.4304782 51.4669927, -0.4309444 51.4669218, -0.4312176 51.4667775, -0.4312965 51.4668328, -0.4329556 51.4665779, -0.4330396 51.466549, -0.4331323 51.4667666, -0.4328714 51.4668346, -0.4331136 51.4672507, -0.4308623 51.4677076, -0.4306216 51.4675842, -0.4303466 51.4672195, -0.4302296 51.4671602, -0.4300586 51.4671508, -0.4296293 51.4672175, -0.4284886 51.467402, -0.4284601 51.4674374, -0.4278844 51.4676057, -0.4269661 51.4678334, -0.4271251 51.4681502, -0.4260581 51.4684108, -0.4242137 51.4688613, -0.4244278 51.4691984, -0.4244362 51.4692192, -0.4244811 51.4693489, -0.4244926 51.4693663, -0.4245915 51.4695022, -0.4246068 51.4695241, -0.4246634 51.4696896, -0.4246742 51.4697108, -0.4254173 51.4708303, -0.4257132 51.471178, -0.425968 51.4713157, -0.4262748 51.4714677, -0.4292786 51.4714604, -0.431169 51.4714356, -0.4316162 51.4713848, -0.4317584 51.4714533, -0.432064 51.4715801, -0.4331303 51.4717832, -0.433541 51.4718125, -0.4338214 51.4718825, -0.4340525 51.4719543, -0.4339163 51.4720545, -0.4338086 51.472003, -0.4336844 51.4719212, -0.4334871 51.47188, -0.4333225 51.4719743, -0.4332783 51.4719475, -0.4331613 51.4718841, -0.4325664 51.4717691, -0.4325289 51.4717828, -0.431967 51.4716803, -0.4317281 51.4715522, -0.4314907 51.4717075, -0.4312268 51.4715701, -0.4311703 51.4715486, -0.4310944 51.4715406, -0.4295029 51.4715468, -0.4293822 51.4715596, -0.4292962 51.4715761, -0.4292357 51.4715908, -0.4289569 51.471799, -0.428916 51.4718612, -0.4289207 51.4719195, -0.428967 51.4719524, -0.4290232 51.4719657, -0.429128 51.4719777, -0.4291895 51.4719764, -0.4292478 51.4719593, -0.4294077 51.4718488, -0.4295737 51.4719304, -0.4294047 51.4720573, -0.4296669 51.4721999, -0.4299363 51.4720005, -0.4302699 51.4721706, -0.4295242 51.472673, -0.4295752 51.4728861, -0.4295319 51.4729154, -0.4294737 51.4729176, -0.4294382 51.4729693, -0.4292977 51.4730115, -0.4293098 51.473306, -0.4295115 51.4733335, -0.4295294 51.4736324, -0.4280941 51.4739145, -0.4276363 51.4733761, -0.4276437 51.4732127, -0.4273789 51.4732098, -0.4273013 51.4732656, -0.4271621 51.4732685, -0.4270188 51.473266, -0.4270198 51.4737246, -0.4269497 51.4737256, -0.4268588 51.4737263, -0.4242634 51.4737415, -0.4217144 51.4737377, -0.4215455 51.4737433, -0.4215537 51.4733995, -0.4217465 51.4732175, -0.4217335 51.4726215, -0.4217146 51.4720708, -0.4214025 51.4719338, -0.4185553 51.473431, -0.4165917 51.4719804, -0.4182227 51.4711238, -0.4184029 51.4712569, -0.4185919 51.4713858, -0.4186039 51.4713947, -0.4198521 51.4707176, -0.4201097 51.4706002, -0.4189162 51.469667, -0.4179662 51.4701294, -0.4165606 51.4708708, -0.4154346 51.471473, -0.4153512 51.4715423, -0.4152775 51.4716241, -0.415227 51.4717104, -0.4151764 51.4718317, -0.4151697 51.4719606, -0.4151985 51.4720898, -0.4155042 51.4724018, -0.4157781 51.4726431, -0.4158855 51.4727046, -0.4160487 51.4728273, -0.416153 51.4729167, -0.41777 51.4741238, -0.4177945 51.474179, -0.4178163 51.4742291, -0.4177939 51.4742331, -0.4177198 51.4743037, -0.4181367 51.4749647, -0.4185638 51.4753803, -0.4189731 51.4754856, -0.4195604 51.4756242, -0.4204293 51.47575, -0.4211843 51.4758166, -0.4220054 51.4758176, -0.4223263 51.4755237, -0.4231788 51.4754748, -0.4235472 51.4754642, -0.426585 51.4755352, -0.4267433 51.4755348, -0.4268747 51.4755319, -0.4268684 51.4756398, -0.4268309 51.4757834, -0.4267933 51.4759315, -0.4270371 51.47608, -0.4271383 51.4762047, -0.4271398 51.4762656, -0.4270059 51.4763846, -0.4269176 51.476463, -0.426837 51.4765425, -0.4267694 51.4766427, -0.4267313 51.4768623, -0.4268476 51.4769717, -0.4268467 51.476996, -0.4268475 51.4770166, -0.4268473 51.4770462, -0.4267094 51.4771155, -0.4267116 51.4776028, -0.426714 51.4785595, -0.4267959 51.4787102, -0.4268767 51.478829, -0.4269702 51.4789427, -0.4270885 51.4790443, -0.4271885 51.4791052, -0.4272906 51.479156, -0.4274065 51.4791958, -0.4275856 51.4792566, -0.4277328 51.4792893, -0.4278922 51.4793156, -0.4280763 51.4793378, -0.4295263 51.4793015, -0.4317928 51.4793148, -0.4329769 51.4793006, -0.4333725 51.4793146, -0.4341696 51.4793858, -0.4347501 51.4794056, -0.4368437 51.4793962, -0.438442 51.47938, -0.4392869 51.4793399, -0.4402317 51.479337, -0.4442704 51.4793249, -0.4443482 51.479375, -0.4463974 51.4793499, -0.4477149 51.4793452, -0.4477422 51.4793012, -0.4479407 51.4793045, -0.4479451 51.479215, -0.4484864 51.4792103, -0.4484954 51.4792921, -0.4504443 51.479279, -0.4504424 51.4791177, -0.4507287 51.4791145, -0.4507316 51.4791446, -0.4515091 51.4791354, -0.4520596 51.4791329, -0.4551256 51.4791152, -0.4632283 51.4790707))",Number of parked airplanes, Time series of airport throughput at London Heathrow Airport,BLUE,Aerospacelab SPRL,UK4,Archived
"51.469716296645025,-0.4580423952680147",GB,,London,London Heathrow Airport,Airports: Throughput (archived),Count of airplanes on Sentinel-2 image,Sentinel-2,Sentinel 2 L2A,E13b2,2019-09-21T10:57:39,122.4932249,Average value for 2019,2019,100,"X in [75.51444612631151, 124.48555387368849] --> Normal, X < 75.51444612631151 --> Low, X > 124.48555387368849 --> High",Normal,"POLYGON ((-0.4632283 51.4790707, -0.4648151 51.4790748, -0.4698495 51.4790654, -0.4736995 51.4790582, -0.4756088 51.4790506, -0.4803432 51.4790318, -0.4803558 51.4793115, -0.4816198 51.479302, -0.4817594 51.4793661, -0.4818344 51.4793374, -0.4820453 51.4793796, -0.4824422 51.4792848, -0.4826323 51.4792568, -0.4830028 51.4792298, -0.4851051 51.4792045, -0.4864998 51.479176, -0.4874922 51.4791148, -0.4885268 51.4790295, -0.4885187 51.4789477, -0.4892966 51.4789279, -0.4902005 51.4788384, -0.4915424 51.4786721, -0.4917784 51.4786302, -0.4919385 51.4784742, -0.4924133 51.4784481, -0.492735 51.4783906, -0.4928879 51.4782661, -0.4931005 51.4783311, -0.4934026 51.4782829, -0.493855 51.4780416, -0.4940382 51.477837, -0.4941992 51.4775937, -0.4942726 51.477343, -0.4942667 51.4772231, -0.4943776 51.4766569, -0.4941288 51.47665, -0.4942763 51.4760271, -0.4934992 51.4757515, -0.4929308 51.475783, -0.4925285 51.475775, -0.4922523 51.4757424, -0.4917347 51.475632, -0.4912787 51.4751449, -0.4907637 51.4748972, -0.4903086 51.4745348, -0.4906162 51.4743766, -0.4894548 51.4734038, -0.4894552 51.4733222, -0.4894639 51.4700991, -0.489611 51.4697169, -0.4896239 51.4695947, -0.4900181 51.4695328, -0.4902451 51.4694718, -0.4904284 51.4693966, -0.4905935 51.4692704, -0.4907018 51.4691614, -0.4907914 51.4690355, -0.4908439 51.4689129, -0.4908768 51.4688305, -0.490881 51.4687111, -0.4908643 51.4686177, -0.4908497 51.4685632, -0.4908247 51.4685036, -0.4907831 51.468427, -0.4907143 51.4683414, -0.4908914 51.468283, -0.4909226 51.4682635, -0.4909497 51.4682298, -0.4909422 51.4675659, -0.4910038 51.4673682, -0.4910163 51.4673099, -0.4910211 51.4668405, -0.4909167 51.4667808, -0.4907067 51.4667447, -0.4905058 51.4667486, -0.4905118 51.4665757, -0.4900501 51.4665618, -0.4900503 51.4664689, -0.4900514 51.4664197, -0.490053 51.4663757, -0.4900499 51.4663266, -0.49005 51.4662699, -0.4899774 51.4662697, -0.4899804 51.4660468, -0.4900619 51.4660455, -0.4900611 51.4659661, -0.4900637 51.4659125, -0.4900691 51.4658496, -0.4900607 51.4657691, -0.4900622 51.4657325, -0.4902638 51.465735, -0.4903449 51.4656459, -0.4903446 51.465634, -0.4903436 51.4655931, -0.4903433 51.4655819, -0.490968 51.465499, -0.4914683 51.465495, -0.4915883 51.4652081, -0.4916035 51.4651762, -0.491618 51.4651458, -0.4916885 51.4649199, -0.4917332 51.4647155, -0.4917284 51.4645847, -0.4917072 51.4644562, -0.4916611 51.4643364, -0.491588 51.4642458, -0.4914651 51.4640903, -0.4913239 51.4639673, -0.4911451 51.4638653, -0.4909712 51.4637946, -0.4906311 51.4636682, -0.4903119 51.463619, -0.4898794 51.4635839, -0.4896326 51.4635673, -0.4886825 51.4635492, -0.4882131 51.4635403, -0.4882721 51.463425, -0.4882667 51.4634099, -0.4882828 51.4633932, -0.4882882 51.4633832, -0.4882882 51.4633681, -0.4882748 51.4633581, -0.4882587 51.4633514, -0.4882453 51.4633448, -0.4882345 51.4633347, -0.4882372 51.4633197, -0.4882479 51.463308, -0.4882533 51.4632913, -0.4882453 51.4632762, -0.4882184 51.4632679, -0.4881997 51.4632612, -0.4881916 51.4632428, -0.4881916 51.4632311, -0.4882023 51.4632161, -0.488205 51.4632027, -0.488197 51.4631927, -0.4881782 51.4631827, -0.4881541 51.4631776, -0.4881407 51.4631659, -0.4881407 51.4631526, -0.4881487 51.4631426, -0.4881567 51.4631275, -0.4881514 51.4631125, -0.4881407 51.4631008, -0.4881165 51.4630958, -0.4881004 51.4630857, -0.4880843 51.4630774, -0.488087 51.463059, -0.4880951 51.4630456, -0.4880951 51.4630339, -0.488079 51.4630172, -0.4880521 51.4630156, -0.4880307 51.4630055, -0.48802 51.4629955, -0.4880226 51.4629788, -0.488028 51.4629621, -0.488028 51.4629454, -0.4880012 51.4629353, -0.4879717 51.462932, -0.4879609 51.462922, -0.4879502 51.4629103, -0.4879556 51.4628936, -0.4879556 51.4628752, -0.4879449 51.4628618, -0.4879261 51.4628568, -0.4878912 51.4628484, -0.4878805 51.4628418, -0.4878751 51.4628284, -0.4878805 51.46282, -0.4878858 51.4628067, -0.4878698 51.46279, -0.487851 51.4627816, -0.4878215 51.4627749, -0.4878 51.4627682, -0.487792 51.4627565, -0.487792 51.4627415, -0.487792 51.4627248, -0.4877812 51.4627097, -0.4877437 51.4627031, -0.4877222 51.4626997, -0.4877035 51.462688, -0.4877061 51.4626713, -0.4877061 51.4626579, -0.4876954 51.4626446, -0.487682 51.4626362, -0.4876471 51.4626329, -0.4876284 51.4626262, -0.4876123 51.4626145, -0.4876123 51.4626011, -0.4876096 51.4625844, -0.4875988 51.4625727, -0.4875667 51.4625644, -0.4875372 51.4625644, -0.4875157 51.4625527, -0.4875157 51.4625393, -0.487513 51.4625209, -0.4875023 51.4625092, -0.4874835 51.4625042, -0.4874433 51.4624975, -0.4874218 51.4624925, -0.4874084 51.4624775, -0.4874084 51.4624608, -0.4873977 51.4624491, -0.4873789 51.4624407, -0.4873521 51.4624357, -0.4873306 51.4624357, -0.4873119 51.462429, -0.4872984 51.462419, -0.4872931 51.4624023, -0.4872958 51.4623889, -0.4872743 51.4623789, -0.4872475 51.4623739, -0.4872153 51.4623755, -0.4871912 51.4623672, -0.4871831 51.4623505, -0.4871777 51.4623321, -0.487159 51.4623204, -0.4871321 51.462317, -0.487108 51.4623221, -0.4870839 51.4623137, -0.4870651 51.462302, -0.4870597 51.4622903, -0.487057 51.4622803, -0.4870383 51.4622702, -0.4870249 51.4622669, -0.486998 51.4622719, -0.4869658 51.4622669, -0.4869444 51.4622569, -0.4869363 51.4622435, -0.4861826 51.4620167, -0.4854289 51.4619548, -0.4836989 51.4619695, -0.4834119 51.4619561, -0.4830203 51.4620246, -0.4829881 51.4620731, -0.4798043 51.4620864, -0.4788066 51.4620898, -0.4786617 51.4620998, -0.4784981 51.4621315, -0.4783962 51.4621583, -0.4776452 51.462429, -0.4765911 51.4628, -0.4765723 51.4627833, -0.4765025 51.4628067, -0.4751349 51.4628356, -0.4744651 51.4628445, -0.4744308 51.4602907, -0.4747394 51.4602951, -0.474755 51.4601498, -0.4735156 51.4593437, -0.4733386 51.4591853, -0.4728256 51.4590069, -0.4704578 51.4586376, -0.468285 51.4584467, -0.4657812 51.4581615, -0.4635134 51.4579486, -0.4616879 51.4578662, -0.4615119 51.4594899, -0.4623352 51.4594933, -0.4623426 51.4605994, -0.4607182 51.4605919, -0.4607229 51.4606719, -0.4605361 51.4606749, -0.4604562 51.460715, -0.4603537 51.4607574, -0.4602273 51.4607948, -0.4600627 51.4608201, -0.4587719 51.460827, -0.458687 51.4608094, -0.4585975 51.4607692, -0.4585372 51.4607178, -0.4584933 51.46066, -0.458387 51.4606084, -0.4586252 51.4604566, -0.4591371 51.4601825, -0.4594243 51.4600219, -0.4594518 51.4598293, -0.4589279 51.4595786, -0.4588352 51.4593122, -0.4588633 51.4590505, -0.4588139 51.4587675, -0.4586916 51.4585131, -0.4585341 51.4582978, -0.4582928 51.4580633, -0.4583383 51.4580391, -0.459145 51.4581197, -0.4592768 51.4576265, -0.4591848 51.4575924, -0.4573833 51.4573253, -0.4573601 51.4573744, -0.4569694 51.4574971, -0.4562052 51.4573199, -0.456151 51.4574362, -0.4560266 51.4574704, -0.4560404 51.4575269, -0.4559387 51.4575559, -0.4557819 51.4575502, -0.455548 51.4574862, -0.4552126 51.4572732, -0.4550737 51.4572714, -0.4549458 51.4572578, -0.454917 51.4573214, -0.4546438 51.4572382, -0.453749 51.4567926, -0.4528967 51.4564021, -0.4526477 51.4562966, -0.4523666 51.4562127, -0.4521119 51.4561575, -0.4517684 51.4561116, -0.4515579 51.4560999, -0.4513087 51.4560987, -0.4510267 51.4561174, -0.4499862 51.4562186, -0.4496392 51.4562726, -0.4493903 51.4563329, -0.4491957 51.4563897, -0.4470581 51.4570895, -0.4469461 51.4571274, -0.4468627 51.4571696, -0.4467847 51.4572149, -0.4467232 51.4572596, -0.4466583 51.4573244, -0.4466109 51.4573951, -0.4465778 51.4574702, -0.4465566 51.4575518, -0.4465601 51.457627, -0.4465804 51.4577038, -0.4466325 51.4577781, -0.4467407 51.4578637, -0.4468466 51.4579347, -0.4475326 51.458326, -0.4475476 51.4583555, -0.4477043 51.458442, -0.4477723 51.4584824, -0.4478326 51.4585367, -0.4478623 51.4585949, -0.4478706 51.4586534, -0.4478584 51.4587027, -0.4478336 51.4587471, -0.4477904 51.4587871, -0.4477586 51.4588073, -0.4457043 51.4602471, -0.4446835 51.4596914, -0.4439901 51.4595053, -0.4431795 51.4593795, -0.4422861 51.4593888, -0.4416308 51.4597781, -0.4419691 51.4600025, -0.4412396 51.4611148, -0.440974 51.4610466, -0.4410322 51.460896, -0.4410293 51.4603958, -0.4409901 51.4603382, -0.4409365 51.4603103, -0.4394256 51.4603412, -0.4394291 51.4607252, -0.4387183 51.4607242, -0.4384635 51.4604779, -0.4371304 51.4610389, -0.4369856 51.4609013, -0.4338259 51.4622271, -0.4338119 51.4622504, -0.4339713 51.4624085, -0.4338186 51.4624752, -0.4337105 51.4625244, -0.4334209 51.4623339, -0.4285517 51.4643896, -0.4284216 51.4644511, -0.4283405 51.464491, -0.4283192 51.4644949, -0.4282996 51.4644972, -0.427377 51.4648886, -0.4273439 51.4649075, -0.4272072 51.464975, -0.4272585 51.4650356, -0.427289 51.4650576, -0.4273084 51.4650699, -0.4273326 51.4650805, -0.4273369 51.4655827, -0.4273555 51.4656158, -0.4273709 51.4656219, -0.4284513 51.4656154, -0.4287296 51.4657879, -0.4287309 51.4658745, -0.428775 51.4658939, -0.4293474 51.4658791, -0.42948 51.4659445, -0.4294936 51.4665592, -0.4291667 51.4667205, -0.4293167 51.4667739, -0.4296453 51.466867, -0.4300367 51.4669387, -0.4304782 51.4669927, -0.4309444 51.4669218, -0.4312176 51.4667775, -0.4312965 51.4668328, -0.4329556 51.4665779, -0.4330396 51.466549, -0.4331323 51.4667666, -0.4328714 51.4668346, -0.4331136 51.4672507, -0.4308623 51.4677076, -0.4306216 51.4675842, -0.4303466 51.4672195, -0.4302296 51.4671602, -0.4300586 51.4671508, -0.4296293 51.4672175, -0.4284886 51.467402, -0.4284601 51.4674374, -0.4278844 51.4676057, -0.4269661 51.4678334, -0.4271251 51.4681502, -0.4260581 51.4684108, -0.4242137 51.4688613, -0.4244278 51.4691984, -0.4244362 51.4692192, -0.4244811 51.4693489, -0.4244926 51.4693663, -0.4245915 51.4695022, -0.4246068 51.4695241, -0.4246634 51.4696896, -0.4246742 51.4697108, -0.4254173 51.4708303, -0.4257132 51.471178, -0.425968 51.4713157, -0.4262748 51.4714677, -0.4292786 51.4714604, -0.431169 51.4714356, -0.4316162 51.4713848, -0.4317584 51.4714533, -0.432064 51.4715801, -0.4331303 51.4717832, -0.433541 51.4718125, -0.4338214 51.4718825, -0.4340525 51.4719543, -0.4339163 51.4720545, -0.4338086 51.472003, -0.4336844 51.4719212, -0.4334871 51.47188, -0.4333225 51.4719743, -0.4332783 51.4719475, -0.4331613 51.4718841, -0.4325664 51.4717691, -0.4325289 51.4717828, -0.431967 51.4716803, -0.4317281 51.4715522, -0.4314907 51.4717075, -0.4312268 51.4715701, -0.4311703 51.4715486, -0.4310944 51.4715406, -0.4295029 51.4715468, -0.4293822 51.4715596, -0.4292962 51.4715761, -0.4292357 51.4715908, -0.4289569 51.471799, -0.428916 51.4718612, -0.4289207 51.4719195, -0.428967 51.4719524, -0.4290232 51.4719657, -0.429128 51.4719777, -0.4291895 51.4719764, -0.4292478 51.4719593, -0.4294077 51.4718488, -0.4295737 51.4719304, -0.4294047 51.4720573, -0.4296669 51.4721999, -0.4299363 51.4720005, -0.4302699 51.4721706, -0.4295242 51.472673, -0.4295752 51.4728861, -0.4295319 51.4729154, -0.4294737 51.4729176, -0.4294382 51.4729693, -0.4292977 51.4730115, -0.4293098 51.473306, -0.4295115 51.4733335, -0.4295294 51.4736324, -0.4280941 51.4739145, -0.4276363 51.4733761, -0.4276437 51.4732127, -0.4273789 51.4732098, -0.4273013 51.4732656, -0.4271621 51.4732685, -0.4270188 51.473266, -0.4270198 51.4737246, -0.4269497 51.4737256, -0.4268588 51.4737263, -0.4242634 51.4737415, -0.4217144 51.4737377, -0.4215455 51.4737433, -0.4215537 51.4733995, -0.4217465 51.4732175, -0.4217335 51.4726215, -0.4217146 51.4720708, -0.4214025 51.4719338, -0.4185553 51.473431, -0.4165917 51.4719804, -0.4182227 51.4711238, -0.4184029 51.4712569, -0.4185919 51.4713858, -0.4186039 51.4713947, -0.4198521 51.4707176, -0.4201097 51.4706002, -0.4189162 51.469667, -0.4179662 51.4701294, -0.4165606 51.4708708, -0.4154346 51.471473, -0.4153512 51.4715423, -0.4152775 51.4716241, -0.415227 51.4717104, -0.4151764 51.4718317, -0.4151697 51.4719606, -0.4151985 51.4720898, -0.4155042 51.4724018, -0.4157781 51.4726431, -0.4158855 51.4727046, -0.4160487 51.4728273, -0.416153 51.4729167, -0.41777 51.4741238, -0.4177945 51.474179, -0.4178163 51.4742291, -0.4177939 51.4742331, -0.4177198 51.4743037, -0.4181367 51.4749647, -0.4185638 51.4753803, -0.4189731 51.4754856, -0.4195604 51.4756242, -0.4204293 51.47575, -0.4211843 51.4758166, -0.4220054 51.4758176, -0.4223263 51.4755237, -0.4231788 51.4754748, -0.4235472 51.4754642, -0.426585 51.4755352, -0.4267433 51.4755348, -0.4268747 51.4755319, -0.4268684 51.4756398, -0.4268309 51.4757834, -0.4267933 51.4759315, -0.4270371 51.47608, -0.4271383 51.4762047, -0.4271398 51.4762656, -0.4270059 51.4763846, -0.4269176 51.476463, -0.426837 51.4765425, -0.4267694 51.4766427, -0.4267313 51.4768623, -0.4268476 51.4769717, -0.4268467 51.476996, -0.4268475 51.4770166, -0.4268473 51.4770462, -0.4267094 51.4771155, -0.4267116 51.4776028, -0.426714 51.4785595, -0.4267959 51.4787102, -0.4268767 51.478829, -0.4269702 51.4789427, -0.4270885 51.4790443, -0.4271885 51.4791052, -0.4272906 51.479156, -0.4274065 51.4791958, -0.4275856 51.4792566, -0.4277328 51.4792893, -0.4278922 51.4793156, -0.4280763 51.4793378, -0.4295263 51.4793015, -0.4317928 51.4793148, -0.4329769 51.4793006, -0.4333725 51.4793146, -0.4341696 51.4793858, -0.4347501 51.4794056, -0.4368437 51.4793962, -0.438442 51.47938, -0.4392869 51.4793399, -0.4402317 51.479337, -0.4442704 51.4793249, -0.4443482 51.479375, -0.4463974 51.4793499, -0.4477149 51.4793452, -0.4477422 51.4793012, -0.4479407 51.4793045, -0.4479451 51.479215, -0.4484864 51.4792103, -0.4484954 51.4792921, -0.4504443 51.479279, -0.4504424 51.4791177, -0.4507287 51.4791145, -0.4507316 51.4791446, -0.4515091 51.4791354, -0.4520596 51.4791329, -0.4551256 51.4791152, -0.4632283 51.4790707))",Number of parked airplanes, Time series of airport throughput at London Heathrow Airport,BLUE,Aerospacelab SPRL,UK4,Archived
"51.469716296645025,-0.4580423952680147",GB,,London,London Heathrow Airport,Airports: Throughput (archived),Count of airplanes on Sentinel-2 image,Sentinel-2,Sentinel 2 L2A,E13b2,2019-11-18T11:13:41,62.87262873,Average value for 2019,2019,100,"X in [75.51444612631151, 124.48555387368849] --> Normal, X < 75.51444612631151 --> Low, X > 124.48555387368849 --> High",Low,"POLYGON ((-0.4632283 51.4790707, -0.4648151 51.4790748, -0.4698495 51.4790654, -0.4736995 51.4790582, -0.4756088 51.4790506, -0.4803432 51.4790318, -0.4803558 51.4793115, -0.4816198 51.479302, -0.4817594 51.4793661, -0.4818344 51.4793374, -0.4820453 51.4793796, -0.4824422 51.4792848, -0.4826323 51.4792568, -0.4830028 51.4792298, -0.4851051 51.4792045, -0.4864998 51.479176, -0.4874922 51.4791148, -0.4885268 51.4790295, -0.4885187 51.4789477, -0.4892966 51.4789279, -0.4902005 51.4788384, -0.4915424 51.4786721, -0.4917784 51.4786302, -0.4919385 51.4784742, -0.4924133 51.4784481, -0.492735 51.4783906, -0.4928879 51.4782661, -0.4931005 51.4783311, -0.4934026 51.4782829, -0.493855 51.4780416, -0.4940382 51.477837, -0.4941992 51.4775937, -0.4942726 51.477343, -0.4942667 51.4772231, -0.4943776 51.4766569, -0.4941288 51.47665, -0.4942763 51.4760271, -0.4934992 51.4757515, -0.4929308 51.475783, -0.4925285 51.475775, -0.4922523 51.4757424, -0.4917347 51.475632, -0.4912787 51.4751449, -0.4907637 51.4748972, -0.4903086 51.4745348, -0.4906162 51.4743766, -0.4894548 51.4734038, -0.4894552 51.4733222, -0.4894639 51.4700991, -0.489611 51.4697169, -0.4896239 51.4695947, -0.4900181 51.4695328, -0.4902451 51.4694718, -0.4904284 51.4693966, -0.4905935 51.4692704, -0.4907018 51.4691614, -0.4907914 51.4690355, -0.4908439 51.4689129, -0.4908768 51.4688305, -0.490881 51.4687111, -0.4908643 51.4686177, -0.4908497 51.4685632, -0.4908247 51.4685036, -0.4907831 51.468427, -0.4907143 51.4683414, -0.4908914 51.468283, -0.4909226 51.4682635, -0.4909497 51.4682298, -0.4909422 51.4675659, -0.4910038 51.4673682, -0.4910163 51.4673099, -0.4910211 51.4668405, -0.4909167 51.4667808, -0.4907067 51.4667447, -0.4905058 51.4667486, -0.4905118 51.4665757, -0.4900501 51.4665618, -0.4900503 51.4664689, -0.4900514 51.4664197, -0.490053 51.4663757, -0.4900499 51.4663266, -0.49005 51.4662699, -0.4899774 51.4662697, -0.4899804 51.4660468, -0.4900619 51.4660455, -0.4900611 51.4659661, -0.4900637 51.4659125, -0.4900691 51.4658496, -0.4900607 51.4657691, -0.4900622 51.4657325, -0.4902638 51.465735, -0.4903449 51.4656459, -0.4903446 51.465634, -0.4903436 51.4655931, -0.4903433 51.4655819, -0.490968 51.465499, -0.4914683 51.465495, -0.4915883 51.4652081, -0.4916035 51.4651762, -0.491618 51.4651458, -0.4916885 51.4649199, -0.4917332 51.4647155, -0.4917284 51.4645847, -0.4917072 51.4644562, -0.4916611 51.4643364, -0.491588 51.4642458, -0.4914651 51.4640903, -0.4913239 51.4639673, -0.4911451 51.4638653, -0.4909712 51.4637946, -0.4906311 51.4636682, -0.4903119 51.463619, -0.4898794 51.4635839, -0.4896326 51.4635673, -0.4886825 51.4635492, -0.4882131 51.4635403, -0.4882721 51.463425, -0.4882667 51.4634099, -0.4882828 51.4633932, -0.4882882 51.4633832, -0.4882882 51.4633681, -0.4882748 51.4633581, -0.4882587 51.4633514, -0.4882453 51.4633448, -0.4882345 51.4633347, -0.4882372 51.4633197, -0.4882479 51.463308, -0.4882533 51.4632913, -0.4882453 51.4632762, -0.4882184 51.4632679, -0.4881997 51.4632612, -0.4881916 51.4632428, -0.4881916 51.4632311, -0.4882023 51.4632161, -0.488205 51.4632027, -0.488197 51.4631927, -0.4881782 51.4631827, -0.4881541 51.4631776, -0.4881407 51.4631659, -0.4881407 51.4631526, -0.4881487 51.4631426, -0.4881567 51.4631275, -0.4881514 51.4631125, -0.4881407 51.4631008, -0.4881165 51.4630958, -0.4881004 51.4630857, -0.4880843 51.4630774, -0.488087 51.463059, -0.4880951 51.4630456, -0.4880951 51.4630339, -0.488079 51.4630172, -0.4880521 51.4630156, -0.4880307 51.4630055, -0.48802 51.4629955, -0.4880226 51.4629788, -0.488028 51.4629621, -0.488028 51.4629454, -0.4880012 51.4629353, -0.4879717 51.462932, -0.4879609 51.462922, -0.4879502 51.4629103, -0.4879556 51.4628936, -0.4879556 51.4628752, -0.4879449 51.4628618, -0.4879261 51.4628568, -0.4878912 51.4628484, -0.4878805 51.4628418, -0.4878751 51.4628284, -0.4878805 51.46282, -0.4878858 51.4628067, -0.4878698 51.46279, -0.487851 51.4627816, -0.4878215 51.4627749, -0.4878 51.4627682, -0.487792 51.4627565, -0.487792 51.4627415, -0.487792 51.4627248, -0.4877812 51.4627097, -0.4877437 51.4627031, -0.4877222 51.4626997, -0.4877035 51.462688, -0.4877061 51.4626713, -0.4877061 51.4626579, -0.4876954 51.4626446, -0.487682 51.4626362, -0.4876471 51.4626329, -0.4876284 51.4626262, -0.4876123 51.4626145, -0.4876123 51.4626011, -0.4876096 51.4625844, -0.4875988 51.4625727, -0.4875667 51.4625644, -0.4875372 51.4625644, -0.4875157 51.4625527, -0.4875157 51.4625393, -0.487513 51.4625209, -0.4875023 51.4625092, -0.4874835 51.4625042, -0.4874433 51.4624975, -0.4874218 51.4624925, -0.4874084 51.4624775, -0.4874084 51.4624608, -0.4873977 51.4624491, -0.4873789 51.4624407, -0.4873521 51.4624357, -0.4873306 51.4624357, -0.4873119 51.462429, -0.4872984 51.462419, -0.4872931 51.4624023, -0.4872958 51.4623889, -0.4872743 51.4623789, -0.4872475 51.4623739, -0.4872153 51.4623755, -0.4871912 51.4623672, -0.4871831 51.4623505, -0.4871777 51.4623321, -0.487159 51.4623204, -0.4871321 51.462317, -0.487108 51.4623221, -0.4870839 51.4623137, -0.4870651 51.462302, -0.4870597 51.4622903, -0.487057 51.4622803, -0.4870383 51.4622702, -0.4870249 51.4622669, -0.486998 51.4622719, -0.4869658 51.4622669, -0.4869444 51.4622569, -0.4869363 51.4622435, -0.4861826 51.4620167, -0.4854289 51.4619548, -0.4836989 51.4619695, -0.4834119 51.4619561, -0.4830203 51.4620246, -0.4829881 51.4620731, -0.4798043 51.4620864, -0.4788066 51.4620898, -0.4786617 51.4620998, -0.4784981 51.4621315, -0.4783962 51.4621583, -0.4776452 51.462429, -0.4765911 51.4628, -0.4765723 51.4627833, -0.4765025 51.4628067, -0.4751349 51.4628356, -0.4744651 51.4628445, -0.4744308 51.4602907, -0.4747394 51.4602951, -0.474755 51.4601498, -0.4735156 51.4593437, -0.4733386 51.4591853, -0.4728256 51.4590069, -0.4704578 51.4586376, -0.468285 51.4584467, -0.4657812 51.4581615, -0.4635134 51.4579486, -0.4616879 51.4578662, -0.4615119 51.4594899, -0.4623352 51.4594933, -0.4623426 51.4605994, -0.4607182 51.4605919, -0.4607229 51.4606719, -0.4605361 51.4606749, -0.4604562 51.460715, -0.4603537 51.4607574, -0.4602273 51.4607948, -0.4600627 51.4608201, -0.4587719 51.460827, -0.458687 51.4608094, -0.4585975 51.4607692, -0.4585372 51.4607178, -0.4584933 51.46066, -0.458387 51.4606084, -0.4586252 51.4604566, -0.4591371 51.4601825, -0.4594243 51.4600219, -0.4594518 51.4598293, -0.4589279 51.4595786, -0.4588352 51.4593122, -0.4588633 51.4590505, -0.4588139 51.4587675, -0.4586916 51.4585131, -0.4585341 51.4582978, -0.4582928 51.4580633, -0.4583383 51.4580391, -0.459145 51.4581197, -0.4592768 51.4576265, -0.4591848 51.4575924, -0.4573833 51.4573253, -0.4573601 51.4573744, -0.4569694 51.4574971, -0.4562052 51.4573199, -0.456151 51.4574362, -0.4560266 51.4574704, -0.4560404 51.4575269, -0.4559387 51.4575559, -0.4557819 51.4575502, -0.455548 51.4574862, -0.4552126 51.4572732, -0.4550737 51.4572714, -0.4549458 51.4572578, -0.454917 51.4573214, -0.4546438 51.4572382, -0.453749 51.4567926, -0.4528967 51.4564021, -0.4526477 51.4562966, -0.4523666 51.4562127, -0.4521119 51.4561575, -0.4517684 51.4561116, -0.4515579 51.4560999, -0.4513087 51.4560987, -0.4510267 51.4561174, -0.4499862 51.4562186, -0.4496392 51.4562726, -0.4493903 51.4563329, -0.4491957 51.4563897, -0.4470581 51.4570895, -0.4469461 51.4571274, -0.4468627 51.4571696, -0.4467847 51.4572149, -0.4467232 51.4572596, -0.4466583 51.4573244, -0.4466109 51.4573951, -0.4465778 51.4574702, -0.4465566 51.4575518, -0.4465601 51.457627, -0.4465804 51.4577038, -0.4466325 51.4577781, -0.4467407 51.4578637, -0.4468466 51.4579347, -0.4475326 51.458326, -0.4475476 51.4583555, -0.4477043 51.458442, -0.4477723 51.4584824, -0.4478326 51.4585367, -0.4478623 51.4585949, -0.4478706 51.4586534, -0.4478584 51.4587027, -0.4478336 51.4587471, -0.4477904 51.4587871, -0.4477586 51.4588073, -0.4457043 51.4602471, -0.4446835 51.4596914, -0.4439901 51.4595053, -0.4431795 51.4593795, -0.4422861 51.4593888, -0.4416308 51.4597781, -0.4419691 51.4600025, -0.4412396 51.4611148, -0.440974 51.4610466, -0.4410322 51.460896, -0.4410293 51.4603958, -0.4409901 51.4603382, -0.4409365 51.4603103, -0.4394256 51.4603412, -0.4394291 51.4607252, -0.4387183 51.4607242, -0.4384635 51.4604779, -0.4371304 51.4610389, -0.4369856 51.4609013, -0.4338259 51.4622271, -0.4338119 51.4622504, -0.4339713 51.4624085, -0.4338186 51.4624752, -0.4337105 51.4625244, -0.4334209 51.4623339, -0.4285517 51.4643896, -0.4284216 51.4644511, -0.4283405 51.464491, -0.4283192 51.4644949, -0.4282996 51.4644972, -0.427377 51.4648886, -0.4273439 51.4649075, -0.4272072 51.464975, -0.4272585 51.4650356, -0.427289 51.4650576, -0.4273084 51.4650699, -0.4273326 51.4650805, -0.4273369 51.4655827, -0.4273555 51.4656158, -0.4273709 51.4656219, -0.4284513 51.4656154, -0.4287296 51.4657879, -0.4287309 51.4658745, -0.428775 51.4658939, -0.4293474 51.4658791, -0.42948 51.4659445, -0.4294936 51.4665592, -0.4291667 51.4667205, -0.4293167 51.4667739, -0.4296453 51.466867, -0.4300367 51.4669387, -0.4304782 51.4669927, -0.4309444 51.4669218, -0.4312176 51.4667775, -0.4312965 51.4668328, -0.4329556 51.4665779, -0.4330396 51.466549, -0.4331323 51.4667666, -0.4328714 51.4668346, -0.4331136 51.4672507, -0.4308623 51.4677076, -0.4306216 51.4675842, -0.4303466 51.4672195, -0.4302296 51.4671602, -0.4300586 51.4671508, -0.4296293 51.4672175, -0.4284886 51.467402, -0.4284601 51.4674374, -0.4278844 51.4676057, -0.4269661 51.4678334, -0.4271251 51.4681502, -0.4260581 51.4684108, -0.4242137 51.4688613, -0.4244278 51.4691984, -0.4244362 51.4692192, -0.4244811 51.4693489, -0.4244926 51.4693663, -0.4245915 51.4695022, -0.4246068 51.4695241, -0.4246634 51.4696896, -0.4246742 51.4697108, -0.4254173 51.4708303, -0.4257132 51.471178, -0.425968 51.4713157, -0.4262748 51.4714677, -0.4292786 51.4714604, -0.431169 51.4714356, -0.4316162 51.4713848, -0.4317584 51.4714533, -0.432064 51.4715801, -0.4331303 51.4717832, -0.433541 51.4718125, -0.4338214 51.4718825, -0.4340525 51.4719543, -0.4339163 51.4720545, -0.4338086 51.472003, -0.4336844 51.4719212, -0.4334871 51.47188, -0.4333225 51.4719743, -0.4332783 51.4719475, -0.4331613 51.4718841, -0.4325664 51.4717691, -0.4325289 51.4717828, -0.431967 51.4716803, -0.4317281 51.4715522, -0.4314907 51.4717075, -0.4312268 51.4715701, -0.4311703 51.4715486, -0.4310944 51.4715406, -0.4295029 51.4715468, -0.4293822 51.4715596, -0.4292962 51.4715761, -0.4292357 51.4715908, -0.4289569 51.471799, -0.428916 51.4718612, -0.4289207 51.4719195, -0.428967 51.4719524, -0.4290232 51.4719657, -0.429128 51.4719777, -0.4291895 51.4719764, -0.4292478 51.4719593, -0.4294077 51.4718488, -0.4295737 51.4719304, -0.4294047 51.4720573, -0.4296669 51.4721999, -0.4299363 51.4720005, -0.4302699 51.4721706, -0.4295242 51.472673, -0.4295752 51.4728861, -0.4295319 51.4729154, -0.4294737 51.4729176, -0.4294382 51.4729693, -0.4292977 51.4730115, -0.4293098 51.473306, -0.4295115 51.4733335, -0.4295294 51.4736324, -0.4280941 51.4739145, -0.4276363 51.4733761, -0.4276437 51.4732127, -0.4273789 51.4732098, -0.4273013 51.4732656, -0.4271621 51.4732685, -0.4270188 51.473266, -0.4270198 51.4737246, -0.4269497 51.4737256, -0.4268588 51.4737263, -0.4242634 51.4737415, -0.4217144 51.4737377, -0.4215455 51.4737433, -0.4215537 51.4733995, -0.4217465 51.4732175, -0.4217335 51.4726215, -0.4217146 51.4720708, -0.4214025 51.4719338, -0.4185553 51.473431, -0.4165917 51.4719804, -0.4182227 51.4711238, -0.4184029 51.4712569, -0.4185919 51.4713858, -0.4186039 51.4713947, -0.4198521 51.4707176, -0.4201097 51.4706002, -0.4189162 51.469667, -0.4179662 51.4701294, -0.4165606 51.4708708, -0.4154346 51.471473, -0.4153512 51.4715423, -0.4152775 51.4716241, -0.415227 51.4717104, -0.4151764 51.4718317, -0.4151697 51.4719606, -0.4151985 51.4720898, -0.4155042 51.4724018, -0.4157781 51.4726431, -0.4158855 51.4727046, -0.4160487 51.4728273, -0.416153 51.4729167, -0.41777 51.4741238, -0.4177945 51.474179, -0.4178163 51.4742291, -0.4177939 51.4742331, -0.4177198 51.4743037, -0.4181367 51.4749647, -0.4185638 51.4753803, -0.4189731 51.4754856, -0.4195604 51.4756242, -0.4204293 51.47575, -0.4211843 51.4758166, -0.4220054 51.4758176, -0.4223263 51.4755237, -0.4231788 51.4754748, -0.4235472 51.4754642, -0.426585 51.4755352, -0.4267433 51.4755348, -0.4268747 51.4755319, -0.4268684 51.4756398, -0.4268309 51.4757834, -0.4267933 51.4759315, -0.4270371 51.47608, -0.4271383 51.4762047, -0.4271398 51.4762656, -0.4270059 51.4763846, -0.4269176 51.476463, -0.426837 51.4765425, -0.4267694 51.4766427, -0.4267313 51.4768623, -0.4268476 51.4769717, -0.4268467 51.476996, -0.4268475 51.4770166, -0.4268473 51.4770462, -0.4267094 51.4771155, -0.4267116 51.4776028, -0.426714 51.4785595, -0.4267959 51.4787102, -0.4268767 51.478829, -0.4269702 51.4789427, -0.4270885 51.4790443, -0.4271885 51.4791052, -0.4272906 51.479156, -0.4274065 51.4791958, -0.4275856 51.4792566, -0.4277328 51.4792893, -0.4278922 51.4793156, -0.4280763 51.4793378, -0.4295263 51.4793015, -0.4317928 51.4793148, -0.4329769 51.4793006, -0.4333725 51.4793146, -0.4341696 51.4793858, -0.4347501 51.4794056, -0.4368437 51.4793962, -0.438442 51.47938, -0.4392869 51.4793399, -0.4402317 51.479337, -0.4442704 51.4793249, -0.4443482 51.479375, -0.4463974 51.4793499, -0.4477149 51.4793452, -0.4477422 51.4793012, -0.4479407 51.4793045, -0.4479451 51.479215, -0.4484864 51.4792103, -0.4484954 51.4792921, -0.4504443 51.479279, -0.4504424 51.4791177, -0.4507287 51.4791145, -0.4507316 51.4791446, -0.4515091 51.4791354, -0.4520596 51.4791329, -0.4551256 51.4791152, -0.4632283 51.4790707))",Number of parked airplanes, Time series of airport throughput at London Heathrow Airport,GREEN,Aerospacelab SPRL,UK4,Archived
"51.469716296645025,-0.4580423952680147",GB,,London,London Heathrow Airport,Airports: Throughput (archived),Count of airplanes on Sentinel-2 image,Sentinel-2,Sentinel 2 L2A,E13b2,2019-12-23T11:13:59,91.05691057,Average value for 2019,2019,100,"X in [75.51444612631151, 124.48555387368849] --> Normal, X < 75.51444612631151 --> Low, X > 124.48555387368849 --> High",Normal,"POLYGON ((-0.4632283 51.4790707, -0.4648151 51.4790748, -0.4698495 51.4790654, -0.4736995 51.4790582, -0.4756088 51.4790506, -0.4803432 51.4790318, -0.4803558 51.4793115, -0.4816198 51.479302, -0.4817594 51.4793661, -0.4818344 51.4793374, -0.4820453 51.4793796, -0.4824422 51.4792848, -0.4826323 51.4792568, -0.4830028 51.4792298, -0.4851051 51.4792045, -0.4864998 51.479176, -0.4874922 51.4791148, -0.4885268 51.4790295, -0.4885187 51.4789477, -0.4892966 51.4789279, -0.4902005 51.4788384, -0.4915424 51.4786721, -0.4917784 51.4786302, -0.4919385 51.4784742, -0.4924133 51.4784481, -0.492735 51.4783906, -0.4928879 51.4782661, -0.4931005 51.4783311, -0.4934026 51.4782829, -0.493855 51.4780416, -0.4940382 51.477837, -0.4941992 51.4775937, -0.4942726 51.477343, -0.4942667 51.4772231, -0.4943776 51.4766569, -0.4941288 51.47665, -0.4942763 51.4760271, -0.4934992 51.4757515, -0.4929308 51.475783, -0.4925285 51.475775, -0.4922523 51.4757424, -0.4917347 51.475632, -0.4912787 51.4751449, -0.4907637 51.4748972, -0.4903086 51.4745348, -0.4906162 51.4743766, -0.4894548 51.4734038, -0.4894552 51.4733222, -0.4894639 51.4700991, -0.489611 51.4697169, -0.4896239 51.4695947, -0.4900181 51.4695328, -0.4902451 51.4694718, -0.4904284 51.4693966, -0.4905935 51.4692704, -0.4907018 51.4691614, -0.4907914 51.4690355, -0.4908439 51.4689129, -0.4908768 51.4688305, -0.490881 51.4687111, -0.4908643 51.4686177, -0.4908497 51.4685632, -0.4908247 51.4685036, -0.4907831 51.468427, -0.4907143 51.4683414, -0.4908914 51.468283, -0.4909226 51.4682635, -0.4909497 51.4682298, -0.4909422 51.4675659, -0.4910038 51.4673682, -0.4910163 51.4673099, -0.4910211 51.4668405, -0.4909167 51.4667808, -0.4907067 51.4667447, -0.4905058 51.4667486, -0.4905118 51.4665757, -0.4900501 51.4665618, -0.4900503 51.4664689, -0.4900514 51.4664197, -0.490053 51.4663757, -0.4900499 51.4663266, -0.49005 51.4662699, -0.4899774 51.4662697, -0.4899804 51.4660468, -0.4900619 51.4660455, -0.4900611 51.4659661, -0.4900637 51.4659125, -0.4900691 51.4658496, -0.4900607 51.4657691, -0.4900622 51.4657325, -0.4902638 51.465735, -0.4903449 51.4656459, -0.4903446 51.465634, -0.4903436 51.4655931, -0.4903433 51.4655819, -0.490968 51.465499, -0.4914683 51.465495, -0.4915883 51.4652081, -0.4916035 51.4651762, -0.491618 51.4651458, -0.4916885 51.4649199, -0.4917332 51.4647155, -0.4917284 51.4645847, -0.4917072 51.4644562, -0.4916611 51.4643364, -0.491588 51.4642458, -0.4914651 51.4640903, -0.4913239 51.4639673, -0.4911451 51.4638653, -0.4909712 51.4637946, -0.4906311 51.4636682, -0.4903119 51.463619, -0.4898794 51.4635839, -0.4896326 51.4635673, -0.4886825 51.4635492, -0.4882131 51.4635403, -0.4882721 51.463425, -0.4882667 51.4634099, -0.4882828 51.4633932, -0.4882882 51.4633832, -0.4882882 51.4633681, -0.4882748 51.4633581, -0.4882587 51.4633514, -0.4882453 51.4633448, -0.4882345 51.4633347, -0.4882372 51.4633197, -0.4882479 51.463308, -0.4882533 51.4632913, -0.4882453 51.4632762, -0.4882184 51.4632679, -0.4881997 51.4632612, -0.4881916 51.4632428, -0.4881916 51.4632311, -0.4882023 51.4632161, -0.488205 51.4632027, -0.488197 51.4631927, -0.4881782 51.4631827, -0.4881541 51.4631776, -0.4881407 51.4631659, -0.4881407 51.4631526, -0.4881487 51.4631426, -0.4881567 51.4631275, -0.4881514 51.4631125, -0.4881407 51.4631008, -0.4881165 51.4630958, -0.4881004 51.4630857, -0.4880843 51.4630774, -0.488087 51.463059, -0.4880951 51.4630456, -0.4880951 51.4630339, -0.488079 51.4630172, -0.4880521 51.4630156, -0.4880307 51.4630055, -0.48802 51.4629955, -0.4880226 51.4629788, -0.488028 51.4629621, -0.488028 51.4629454, -0.4880012 51.4629353, -0.4879717 51.462932, -0.4879609 51.462922, -0.4879502 51.4629103, -0.4879556 51.4628936, -0.4879556 51.4628752, -0.4879449 51.4628618, -0.4879261 51.4628568, -0.4878912 51.4628484, -0.4878805 51.4628418, -0.4878751 51.4628284, -0.4878805 51.46282, -0.4878858 51.4628067, -0.4878698 51.46279, -0.487851 51.4627816, -0.4878215 51.4627749, -0.4878 51.4627682, -0.487792 51.4627565, -0.487792 51.4627415, -0.487792 51.4627248, -0.4877812 51.4627097, -0.4877437 51.4627031, -0.4877222 51.4626997, -0.4877035 51.462688, -0.4877061 51.4626713, -0.4877061 51.4626579, -0.4876954 51.4626446, -0.487682 51.4626362, -0.4876471 51.4626329, -0.4876284 51.4626262, -0.4876123 51.4626145, -0.4876123 51.4626011, -0.4876096 51.4625844, -0.4875988 51.4625727, -0.4875667 51.4625644, -0.4875372 51.4625644, -0.4875157 51.4625527, -0.4875157 51.4625393, -0.487513 51.4625209, -0.4875023 51.4625092, -0.4874835 51.4625042, -0.4874433 51.4624975, -0.4874218 51.4624925, -0.4874084 51.4624775, -0.4874084 51.4624608, -0.4873977 51.4624491, -0.4873789 51.4624407, -0.4873521 51.4624357, -0.4873306 51.4624357, -0.4873119 51.462429, -0.4872984 51.462419, -0.4872931 51.4624023, -0.4872958 51.4623889, -0.4872743 51.4623789, -0.4872475 51.4623739, -0.4872153 51.4623755, -0.4871912 51.4623672, -0.4871831 51.4623505, -0.4871777 51.4623321, -0.487159 51.4623204, -0.4871321 51.462317, -0.487108 51.4623221, -0.4870839 51.4623137, -0.4870651 51.462302, -0.4870597 51.4622903, -0.487057 51.4622803, -0.4870383 51.4622702, -0.4870249 51.4622669, -0.486998 51.4622719, -0.4869658 51.4622669, -0.4869444 51.4622569, -0.4869363 51.4622435, -0.4861826 51.4620167, -0.4854289 51.4619548, -0.4836989 51.4619695, -0.4834119 51.4619561, -0.4830203 51.4620246, -0.4829881 51.4620731, -0.4798043 51.4620864, -0.4788066 51.4620898, -0.4786617 51.4620998, -0.4784981 51.4621315, -0.4783962 51.4621583, -0.4776452 51.462429, -0.4765911 51.4628, -0.4765723 51.4627833, -0.4765025 51.4628067, -0.4751349 51.4628356, -0.4744651 51.4628445, -0.4744308 51.4602907, -0.4747394 51.4602951, -0.474755 51.4601498, -0.4735156 51.4593437, -0.4733386 51.4591853, -0.4728256 51.4590069, -0.4704578 51.4586376, -0.468285 51.4584467, -0.4657812 51.4581615, -0.4635134 51.4579486, -0.4616879 51.4578662, -0.4615119 51.4594899, -0.4623352 51.4594933, -0.4623426 51.4605994, -0.4607182 51.4605919, -0.4607229 51.4606719, -0.4605361 51.4606749, -0.4604562 51.460715, -0.4603537 51.4607574, -0.4602273 51.4607948, -0.4600627 51.4608201, -0.4587719 51.460827, -0.458687 51.4608094, -0.4585975 51.4607692, -0.4585372 51.4607178, -0.4584933 51.46066, -0.458387 51.4606084, -0.4586252 51.4604566, -0.4591371 51.4601825, -0.4594243 51.4600219, -0.4594518 51.4598293, -0.4589279 51.4595786, -0.4588352 51.4593122, -0.4588633 51.4590505, -0.4588139 51.4587675, -0.4586916 51.4585131, -0.4585341 51.4582978, -0.4582928 51.4580633, -0.4583383 51.4580391, -0.459145 51.4581197, -0.4592768 51.4576265, -0.4591848 51.4575924, -0.4573833 51.4573253, -0.4573601 51.4573744, -0.4569694 51.4574971, -0.4562052 51.4573199, -0.456151 51.4574362, -0.4560266 51.4574704, -0.4560404 51.4575269, -0.4559387 51.4575559, -0.4557819 51.4575502, -0.455548 51.4574862, -0.4552126 51.4572732, -0.4550737 51.4572714, -0.4549458 51.4572578, -0.454917 51.4573214, -0.4546438 51.4572382, -0.453749 51.4567926, -0.4528967 51.4564021, -0.4526477 51.4562966, -0.4523666 51.4562127, -0.4521119 51.4561575, -0.4517684 51.4561116, -0.4515579 51.4560999, -0.4513087 51.4560987, -0.4510267 51.4561174, -0.4499862 51.4562186, -0.4496392 51.4562726, -0.4493903 51.4563329, -0.4491957 51.4563897, -0.4470581 51.4570895, -0.4469461 51.4571274, -0.4468627 51.4571696, -0.4467847 51.4572149, -0.4467232 51.4572596, -0.4466583 51.4573244, -0.4466109 51.4573951, -0.4465778 51.4574702, -0.4465566 51.4575518, -0.4465601 51.457627, -0.4465804 51.4577038, -0.4466325 51.4577781, -0.4467407 51.4578637, -0.4468466 51.4579347, -0.4475326 51.458326, -0.4475476 51.4583555, -0.4477043 51.458442, -0.4477723 51.4584824, -0.4478326 51.4585367, -0.4478623 51.4585949, -0.4478706 51.4586534, -0.4478584 51.4587027, -0.4478336 51.4587471, -0.4477904 51.4587871, -0.4477586 51.4588073, -0.4457043 51.4602471, -0.4446835 51.4596914, -0.4439901 51.4595053, -0.4431795 51.4593795, -0.4422861 51.4593888, -0.4416308 51.4597781, -0.4419691 51.4600025, -0.4412396 51.4611148, -0.440974 51.4610466, -0.4410322 51.460896, -0.4410293 51.4603958, -0.4409901 51.4603382, -0.4409365 51.4603103, -0.4394256 51.4603412, -0.4394291 51.4607252, -0.4387183 51.4607242, -0.4384635 51.4604779, -0.4371304 51.4610389, -0.4369856 51.4609013, -0.4338259 51.4622271, -0.4338119 51.4622504, -0.4339713 51.4624085, -0.4338186 51.4624752, -0.4337105 51.4625244, -0.4334209 51.4623339, -0.4285517 51.4643896, -0.4284216 51.4644511, -0.4283405 51.464491, -0.4283192 51.4644949, -0.4282996 51.4644972, -0.427377 51.4648886, -0.4273439 51.4649075, -0.4272072 51.464975, -0.4272585 51.4650356, -0.427289 51.4650576, -0.4273084 51.4650699, -0.4273326 51.4650805, -0.4273369 51.4655827, -0.4273555 51.4656158, -0.4273709 51.4656219, -0.4284513 51.4656154, -0.4287296 51.4657879, -0.4287309 51.4658745, -0.428775 51.4658939, -0.4293474 51.4658791, -0.42948 51.4659445, -0.4294936 51.4665592, -0.4291667 51.4667205, -0.4293167 51.4667739, -0.4296453 51.466867, -0.4300367 51.4669387, -0.4304782 51.4669927, -0.4309444 51.4669218, -0.4312176 51.4667775, -0.4312965 51.4668328, -0.4329556 51.4665779, -0.4330396 51.466549, -0.4331323 51.4667666, -0.4328714 51.4668346, -0.4331136 51.4672507, -0.4308623 51.4677076, -0.4306216 51.4675842, -0.4303466 51.4672195, -0.4302296 51.4671602, -0.4300586 51.4671508, -0.4296293 51.4672175, -0.4284886 51.467402, -0.4284601 51.4674374, -0.4278844 51.4676057, -0.4269661 51.4678334, -0.4271251 51.4681502, -0.4260581 51.4684108, -0.4242137 51.4688613, -0.4244278 51.4691984, -0.4244362 51.4692192, -0.4244811 51.4693489, -0.4244926 51.4693663, -0.4245915 51.4695022, -0.4246068 51.4695241, -0.4246634 51.4696896, -0.4246742 51.4697108, -0.4254173 51.4708303, -0.4257132 51.471178, -0.425968 51.4713157, -0.4262748 51.4714677, -0.4292786 51.4714604, -0.431169 51.4714356, -0.4316162 51.4713848, -0.4317584 51.4714533, -0.432064 51.4715801, -0.4331303 51.4717832, -0.433541 51.4718125, -0.4338214 51.4718825, -0.4340525 51.4719543, -0.4339163 51.4720545, -0.4338086 51.472003, -0.4336844 51.4719212, -0.4334871 51.47188, -0.4333225 51.4719743, -0.4332783 51.4719475, -0.4331613 51.4718841, -0.4325664 51.4717691, -0.4325289 51.4717828, -0.431967 51.4716803, -0.4317281 51.4715522, -0.4314907 51.4717075, -0.4312268 51.4715701, -0.4311703 51.4715486, -0.4310944 51.4715406, -0.4295029 51.4715468, -0.4293822 51.4715596, -0.4292962 51.4715761, -0.4292357 51.4715908, -0.4289569 51.471799, -0.428916 51.4718612, -0.4289207 51.4719195, -0.428967 51.4719524, -0.4290232 51.4719657, -0.429128 51.4719777, -0.4291895 51.4719764, -0.4292478 51.4719593, -0.4294077 51.4718488, -0.4295737 51.4719304, -0.4294047 51.4720573, -0.4296669 51.4721999, -0.4299363 51.4720005, -0.4302699 51.4721706, -0.4295242 51.472673, -0.4295752 51.4728861, -0.4295319 51.4729154, -0.4294737 51.4729176, -0.4294382 51.4729693, -0.4292977 51.4730115, -0.4293098 51.473306, -0.4295115 51.4733335, -0.4295294 51.4736324, -0.4280941 51.4739145, -0.4276363 51.4733761, -0.4276437 51.4732127, -0.4273789 51.4732098, -0.4273013 51.4732656, -0.4271621 51.4732685, -0.4270188 51.473266, -0.4270198 51.4737246, -0.4269497 51.4737256, -0.4268588 51.4737263, -0.4242634 51.4737415, -0.4217144 51.4737377, -0.4215455 51.4737433, -0.4215537 51.4733995, -0.4217465 51.4732175, -0.4217335 51.4726215, -0.4217146 51.4720708, -0.4214025 51.4719338, -0.4185553 51.473431, -0.4165917 51.4719804, -0.4182227 51.4711238, -0.4184029 51.4712569, -0.4185919 51.4713858, -0.4186039 51.4713947, -0.4198521 51.4707176, -0.4201097 51.4706002, -0.4189162 51.469667, -0.4179662 51.4701294, -0.4165606 51.4708708, -0.4154346 51.471473, -0.4153512 51.4715423, -0.4152775 51.4716241, -0.415227 51.4717104, -0.4151764 51.4718317, -0.4151697 51.4719606, -0.4151985 51.4720898, -0.4155042 51.4724018, -0.4157781 51.4726431, -0.4158855 51.4727046, -0.4160487 51.4728273, -0.416153 51.4729167, -0.41777 51.4741238, -0.4177945 51.474179, -0.4178163 51.4742291, -0.4177939 51.4742331, -0.4177198 51.4743037, -0.4181367 51.4749647, -0.4185638 51.4753803, -0.4189731 51.4754856, -0.4195604 51.4756242, -0.4204293 51.47575, -0.4211843 51.4758166, -0.4220054 51.4758176, -0.4223263 51.4755237, -0.4231788 51.4754748, -0.4235472 51.4754642, -0.426585 51.4755352, -0.4267433 51.4755348, -0.4268747 51.4755319, -0.4268684 51.4756398, -0.4268309 51.4757834, -0.4267933 51.4759315, -0.4270371 51.47608, -0.4271383 51.4762047, -0.4271398 51.4762656, -0.4270059 51.4763846, -0.4269176 51.476463, -0.426837 51.4765425, -0.4267694 51.4766427, -0.4267313 51.4768623, -0.4268476 51.4769717, -0.4268467 51.476996, -0.4268475 51.4770166, -0.4268473 51.4770462, -0.4267094 51.4771155, -0.4267116 51.4776028, -0.426714 51.4785595, -0.4267959 51.4787102, -0.4268767 51.478829, -0.4269702 51.4789427, -0.4270885 51.4790443, -0.4271885 51.4791052, -0.4272906 51.479156, -0.4274065 51.4791958, -0.4275856 51.4792566, -0.4277328 51.4792893, -0.4278922 51.4793156, -0.4280763 51.4793378, -0.4295263 51.4793015, -0.4317928 51.4793148, -0.4329769 51.4793006, -0.4333725 51.4793146, -0.4341696 51.4793858, -0.4347501 51.4794056, -0.4368437 51.4793962, -0.438442 51.47938, -0.4392869 51.4793399, -0.4402317 51.479337, -0.4442704 51.4793249, -0.4443482 51.479375, -0.4463974 51.4793499, -0.4477149 51.4793452, -0.4477422 51.4793012, -0.4479407 51.4793045, -0.4479451 51.479215, -0.4484864 51.4792103, -0.4484954 51.4792921, -0.4504443 51.479279, -0.4504424 51.4791177, -0.4507287 51.4791145, -0.4507316 51.4791446, -0.4515091 51.4791354, -0.4520596 51.4791329, -0.4551256 51.4791152, -0.4632283 51.4790707))",Number of parked airplanes, Time series of airport throughput at London Heathrow Airport,BLUE,Aerospacelab SPRL,UK4,Archived
"51.469716296645025,-0.4580423952680147",GB,,London,London Heathrow Airport,Airports: Throughput (archived),Count of airplanes on Sentinel-2 image,Sentinel-2,Sentinel 2 L2A,E13b2,2019-12-25T11:04:51,80.21680217,Average value for 2019,2019,100,"X in [75.51444612631151, 124.48555387368849] --> Normal, X < 75.51444612631151 --> Low, X > 124.48555387368849 --> High",Normal,"POLYGON ((-0.4632283 51.4790707, -0.4648151 51.4790748, -0.4698495 51.4790654, -0.4736995 51.4790582, -0.4756088 51.4790506, -0.4803432 51.4790318, -0.4803558 51.4793115, -0.4816198 51.479302, -0.4817594 51.4793661, -0.4818344 51.4793374, -0.4820453 51.4793796, -0.4824422 51.4792848, -0.4826323 51.4792568, -0.4830028 51.4792298, -0.4851051 51.4792045, -0.4864998 51.479176, -0.4874922 51.4791148, -0.4885268 51.4790295, -0.4885187 51.4789477, -0.4892966 51.4789279, -0.4902005 51.4788384, -0.4915424 51.4786721, -0.4917784 51.4786302, -0.4919385 51.4784742, -0.4924133 51.4784481, -0.492735 51.4783906, -0.4928879 51.4782661, -0.4931005 51.4783311, -0.4934026 51.4782829, -0.493855 51.4780416, -0.4940382 51.477837, -0.4941992 51.4775937, -0.4942726 51.477343, -0.4942667 51.4772231, -0.4943776 51.4766569, -0.4941288 51.47665, -0.4942763 51.4760271, -0.4934992 51.4757515, -0.4929308 51.475783, -0.4925285 51.475775, -0.4922523 51.4757424, -0.4917347 51.475632, -0.4912787 51.4751449, -0.4907637 51.4748972, -0.4903086 51.4745348, -0.4906162 51.4743766, -0.4894548 51.4734038, -0.4894552 51.4733222, -0.4894639 51.4700991, -0.489611 51.4697169, -0.4896239 51.4695947, -0.4900181 51.4695328, -0.4902451 51.4694718, -0.4904284 51.4693966, -0.4905935 51.4692704, -0.4907018 51.4691614, -0.4907914 51.4690355, -0.4908439 51.4689129, -0.4908768 51.4688305, -0.490881 51.4687111, -0.4908643 51.4686177, -0.4908497 51.4685632, -0.4908247 51.4685036, -0.4907831 51.468427, -0.4907143 51.4683414, -0.4908914 51.468283, -0.4909226 51.4682635, -0.4909497 51.4682298, -0.4909422 51.4675659, -0.4910038 51.4673682, -0.4910163 51.4673099, -0.4910211 51.4668405, -0.4909167 51.4667808, -0.4907067 51.4667447, -0.4905058 51.4667486, -0.4905118 51.4665757, -0.4900501 51.4665618, -0.4900503 51.4664689, -0.4900514 51.4664197, -0.490053 51.4663757, -0.4900499 51.4663266, -0.49005 51.4662699, -0.4899774 51.4662697, -0.4899804 51.4660468, -0.4900619 51.4660455, -0.4900611 51.4659661, -0.4900637 51.4659125, -0.4900691 51.4658496, -0.4900607 51.4657691, -0.4900622 51.4657325, -0.4902638 51.465735, -0.4903449 51.4656459, -0.4903446 51.465634, -0.4903436 51.4655931, -0.4903433 51.4655819, -0.490968 51.465499, -0.4914683 51.465495, -0.4915883 51.4652081, -0.4916035 51.4651762, -0.491618 51.4651458, -0.4916885 51.4649199, -0.4917332 51.4647155, -0.4917284 51.4645847, -0.4917072 51.4644562, -0.4916611 51.4643364, -0.491588 51.4642458, -0.4914651 51.4640903, -0.4913239 51.4639673, -0.4911451 51.4638653, -0.4909712 51.4637946, -0.4906311 51.4636682, -0.4903119 51.463619, -0.4898794 51.4635839, -0.4896326 51.4635673, -0.4886825 51.4635492, -0.4882131 51.4635403, -0.4882721 51.463425, -0.4882667 51.4634099, -0.4882828 51.4633932, -0.4882882 51.4633832, -0.4882882 51.4633681, -0.4882748 51.4633581, -0.4882587 51.4633514, -0.4882453 51.4633448, -0.4882345 51.4633347, -0.4882372 51.4633197, -0.4882479 51.463308, -0.4882533 51.4632913, -0.4882453 51.4632762, -0.4882184 51.4632679, -0.4881997 51.4632612, -0.4881916 51.4632428, -0.4881916 51.4632311, -0.4882023 51.4632161, -0.488205 51.4632027, -0.488197 51.4631927, -0.4881782 51.4631827, -0.4881541 51.4631776, -0.4881407 51.4631659, -0.4881407 51.4631526, -0.4881487 51.4631426, -0.4881567 51.4631275, -0.4881514 51.4631125, -0.4881407 51.4631008, -0.4881165 51.4630958, -0.4881004 51.4630857, -0.4880843 51.4630774, -0.488087 51.463059, -0.4880951 51.4630456, -0.4880951 51.4630339, -0.488079 51.4630172, -0.4880521 51.4630156, -0.4880307 51.4630055, -0.48802 51.4629955, -0.4880226 51.4629788, -0.488028 51.4629621, -0.488028 51.4629454, -0.4880012 51.4629353, -0.4879717 51.462932, -0.4879609 51.462922, -0.4879502 51.4629103, -0.4879556 51.4628936, -0.4879556 51.4628752, -0.4879449 51.4628618, -0.4879261 51.4628568, -0.4878912 51.4628484, -0.4878805 51.4628418, -0.4878751 51.4628284, -0.4878805 51.46282, -0.4878858 51.4628067, -0.4878698 51.46279, -0.487851 51.4627816, -0.4878215 51.4627749, -0.4878 51.4627682, -0.487792 51.4627565, -0.487792 51.4627415, -0.487792 51.4627248, -0.4877812 51.4627097, -0.4877437 51.4627031, -0.4877222 51.4626997, -0.4877035 51.462688, -0.4877061 51.4626713, -0.4877061 51.4626579, -0.4876954 51.4626446, -0.487682 51.4626362, -0.4876471 51.4626329, -0.4876284 51.4626262, -0.4876123 51.4626145, -0.4876123 51.4626011, -0.4876096 51.4625844, -0.4875988 51.4625727, -0.4875667 51.4625644, -0.4875372 51.4625644, -0.4875157 51.4625527, -0.4875157 51.4625393, -0.487513 51.4625209, -0.4875023 51.4625092, -0.4874835 51.4625042, -0.4874433 51.4624975, -0.4874218 51.4624925, -0.4874084 51.4624775, -0.4874084 51.4624608, -0.4873977 51.4624491, -0.4873789 51.4624407, -0.4873521 51.4624357, -0.4873306 51.4624357, -0.4873119 51.462429, -0.4872984 51.462419, -0.4872931 51.4624023, -0.4872958 51.4623889, -0.4872743 51.4623789, -0.4872475 51.4623739, -0.4872153 51.4623755, -0.4871912 51.4623672, -0.4871831 51.4623505, -0.4871777 51.4623321, -0.487159 51.4623204, -0.4871321 51.462317, -0.487108 51.4623221, -0.4870839 51.4623137, -0.4870651 51.462302, -0.4870597 51.4622903, -0.487057 51.4622803, -0.4870383 51.4622702, -0.4870249 51.4622669, -0.486998 51.4622719, -0.4869658 51.4622669, -0.4869444 51.4622569, -0.4869363 51.4622435, -0.4861826 51.4620167, -0.4854289 51.4619548, -0.4836989 51.4619695, -0.4834119 51.4619561, -0.4830203 51.4620246, -0.4829881 51.4620731, -0.4798043 51.4620864, -0.4788066 51.4620898, -0.4786617 51.4620998, -0.4784981 51.4621315, -0.4783962 51.4621583, -0.4776452 51.462429, -0.4765911 51.4628, -0.4765723 51.4627833, -0.4765025 51.4628067, -0.4751349 51.4628356, -0.4744651 51.4628445, -0.4744308 51.4602907, -0.4747394 51.4602951, -0.474755 51.4601498, -0.4735156 51.4593437, -0.4733386 51.4591853, -0.4728256 51.4590069, -0.4704578 51.4586376, -0.468285 51.4584467, -0.4657812 51.4581615, -0.4635134 51.4579486, -0.4616879 51.4578662, -0.4615119 51.4594899, -0.4623352 51.4594933, -0.4623426 51.4605994, -0.4607182 51.4605919, -0.4607229 51.4606719, -0.4605361 51.4606749, -0.4604562 51.460715, -0.4603537 51.4607574, -0.4602273 51.4607948, -0.4600627 51.4608201, -0.4587719 51.460827, -0.458687 51.4608094, -0.4585975 51.4607692, -0.4585372 51.4607178, -0.4584933 51.46066, -0.458387 51.4606084, -0.4586252 51.4604566, -0.4591371 51.4601825, -0.4594243 51.4600219, -0.4594518 51.4598293, -0.4589279 51.4595786, -0.4588352 51.4593122, -0.4588633 51.4590505, -0.4588139 51.4587675, -0.4586916 51.4585131, -0.4585341 51.4582978, -0.4582928 51.4580633, -0.4583383 51.4580391, -0.459145 51.4581197, -0.4592768 51.4576265, -0.4591848 51.4575924, -0.4573833 51.4573253, -0.4573601 51.4573744, -0.4569694 51.4574971, -0.4562052 51.4573199, -0.456151 51.4574362, -0.4560266 51.4574704, -0.4560404 51.4575269, -0.4559387 51.4575559, -0.4557819 51.4575502, -0.455548 51.4574862, -0.4552126 51.4572732, -0.4550737 51.4572714, -0.4549458 51.4572578, -0.454917 51.4573214, -0.4546438 51.4572382, -0.453749 51.4567926, -0.4528967 51.4564021, -0.4526477 51.4562966, -0.4523666 51.4562127, -0.4521119 51.4561575, -0.4517684 51.4561116, -0.4515579 51.4560999, -0.4513087 51.4560987, -0.4510267 51.4561174, -0.4499862 51.4562186, -0.4496392 51.4562726, -0.4493903 51.4563329, -0.4491957 51.4563897, -0.4470581 51.4570895, -0.4469461 51.4571274, -0.4468627 51.4571696, -0.4467847 51.4572149, -0.4467232 51.4572596, -0.4466583 51.4573244, -0.4466109 51.4573951, -0.4465778 51.4574702, -0.4465566 51.4575518, -0.4465601 51.457627, -0.4465804 51.4577038, -0.4466325 51.4577781, -0.4467407 51.4578637, -0.4468466 51.4579347, -0.4475326 51.458326, -0.4475476 51.4583555, -0.4477043 51.458442, -0.4477723 51.4584824, -0.4478326 51.4585367, -0.4478623 51.4585949, -0.4478706 51.4586534, -0.4478584 51.4587027, -0.4478336 51.4587471, -0.4477904 51.4587871, -0.4477586 51.4588073, -0.4457043 51.4602471, -0.4446835 51.4596914, -0.4439901 51.4595053, -0.4431795 51.4593795, -0.4422861 51.4593888, -0.4416308 51.4597781, -0.4419691 51.4600025, -0.4412396 51.4611148, -0.440974 51.4610466, -0.4410322 51.460896, -0.4410293 51.4603958, -0.4409901 51.4603382, -0.4409365 51.4603103, -0.4394256 51.4603412, -0.4394291 51.4607252, -0.4387183 51.4607242, -0.4384635 51.4604779, -0.4371304 51.4610389, -0.4369856 51.4609013, -0.4338259 51.4622271, -0.4338119 51.4622504, -0.4339713 51.4624085, -0.4338186 51.4624752, -0.4337105 51.4625244, -0.4334209 51.4623339, -0.4285517 51.4643896, -0.4284216 51.4644511, -0.4283405 51.464491, -0.4283192 51.4644949, -0.4282996 51.4644972, -0.427377 51.4648886, -0.4273439 51.4649075, -0.4272072 51.464975, -0.4272585 51.4650356, -0.427289 51.4650576, -0.4273084 51.4650699, -0.4273326 51.4650805, -0.4273369 51.4655827, -0.4273555 51.4656158, -0.4273709 51.4656219, -0.4284513 51.4656154, -0.4287296 51.4657879, -0.4287309 51.4658745, -0.428775 51.4658939, -0.4293474 51.4658791, -0.42948 51.4659445, -0.4294936 51.4665592, -0.4291667 51.4667205, -0.4293167 51.4667739, -0.4296453 51.466867, -0.4300367 51.4669387, -0.4304782 51.4669927, -0.4309444 51.4669218, -0.4312176 51.4667775, -0.4312965 51.4668328, -0.4329556 51.4665779, -0.4330396 51.466549, -0.4331323 51.4667666, -0.4328714 51.4668346, -0.4331136 51.4672507, -0.4308623 51.4677076, -0.4306216 51.4675842, -0.4303466 51.4672195, -0.4302296 51.4671602, -0.4300586 51.4671508, -0.4296293 51.4672175, -0.4284886 51.467402, -0.4284601 51.4674374, -0.4278844 51.4676057, -0.4269661 51.4678334, -0.4271251 51.4681502, -0.4260581 51.4684108, -0.4242137 51.4688613, -0.4244278 51.4691984, -0.4244362 51.4692192, -0.4244811 51.4693489, -0.4244926 51.4693663, -0.4245915 51.4695022, -0.4246068 51.4695241, -0.4246634 51.4696896, -0.4246742 51.4697108, -0.4254173 51.4708303, -0.4257132 51.471178, -0.425968 51.4713157, -0.4262748 51.4714677, -0.4292786 51.4714604, -0.431169 51.4714356, -0.4316162 51.4713848, -0.4317584 51.4714533, -0.432064 51.4715801, -0.4331303 51.4717832, -0.433541 51.4718125, -0.4338214 51.4718825, -0.4340525 51.4719543, -0.4339163 51.4720545, -0.4338086 51.472003, -0.4336844 51.4719212, -0.4334871 51.47188, -0.4333225 51.4719743, -0.4332783 51.4719475, -0.4331613 51.4718841, -0.4325664 51.4717691, -0.4325289 51.4717828, -0.431967 51.4716803, -0.4317281 51.4715522, -0.4314907 51.4717075, -0.4312268 51.4715701, -0.4311703 51.4715486, -0.4310944 51.4715406, -0.4295029 51.4715468, -0.4293822 51.4715596, -0.4292962 51.4715761, -0.4292357 51.4715908, -0.4289569 51.471799, -0.428916 51.4718612, -0.4289207 51.4719195, -0.428967 51.4719524, -0.4290232 51.4719657, -0.429128 51.4719777, -0.4291895 51.4719764, -0.4292478 51.4719593, -0.4294077 51.4718488, -0.4295737 51.4719304, -0.4294047 51.4720573, -0.4296669 51.4721999, -0.4299363 51.4720005, -0.4302699 51.4721706, -0.4295242 51.472673, -0.4295752 51.4728861, -0.4295319 51.4729154, -0.4294737 51.4729176, -0.4294382 51.4729693, -0.4292977 51.4730115, -0.4293098 51.473306, -0.4295115 51.4733335, -0.4295294 51.4736324, -0.4280941 51.4739145, -0.4276363 51.4733761, -0.4276437 51.4732127, -0.4273789 51.4732098, -0.4273013 51.4732656, -0.4271621 51.4732685, -0.4270188 51.473266, -0.4270198 51.4737246, -0.4269497 51.4737256, -0.4268588 51.4737263, -0.4242634 51.4737415, -0.4217144 51.4737377, -0.4215455 51.4737433, -0.4215537 51.4733995, -0.4217465 51.4732175, -0.4217335 51.4726215, -0.4217146 51.4720708, -0.4214025 51.4719338, -0.4185553 51.473431, -0.4165917 51.4719804, -0.4182227 51.4711238, -0.4184029 51.4712569, -0.4185919 51.4713858, -0.4186039 51.4713947, -0.4198521 51.4707176, -0.4201097 51.4706002, -0.4189162 51.469667, -0.4179662 51.4701294, -0.4165606 51.4708708, -0.4154346 51.471473, -0.4153512 51.4715423, -0.4152775 51.4716241, -0.415227 51.4717104, -0.4151764 51.4718317, -0.4151697 51.4719606, -0.4151985 51.4720898, -0.4155042 51.4724018, -0.4157781 51.4726431, -0.4158855 51.4727046, -0.4160487 51.4728273, -0.416153 51.4729167, -0.41777 51.4741238, -0.4177945 51.474179, -0.4178163 51.4742291, -0.4177939 51.4742331, -0.4177198 51.4743037, -0.4181367 51.4749647, -0.4185638 51.4753803, -0.4189731 51.4754856, -0.4195604 51.4756242, -0.4204293 51.47575, -0.4211843 51.4758166, -0.4220054 51.4758176, -0.4223263 51.4755237, -0.4231788 51.4754748, -0.4235472 51.4754642, -0.426585 51.4755352, -0.4267433 51.4755348, -0.4268747 51.4755319, -0.4268684 51.4756398, -0.4268309 51.4757834, -0.4267933 51.4759315, -0.4270371 51.47608, -0.4271383 51.4762047, -0.4271398 51.4762656, -0.4270059 51.4763846, -0.4269176 51.476463, -0.426837 51.4765425, -0.4267694 51.4766427, -0.4267313 51.4768623, -0.4268476 51.4769717, -0.4268467 51.476996, -0.4268475 51.4770166, -0.4268473 51.4770462, -0.4267094 51.4771155, -0.4267116 51.4776028, -0.426714 51.4785595, -0.4267959 51.4787102, -0.4268767 51.478829, -0.4269702 51.4789427, -0.4270885 51.4790443, -0.4271885 51.4791052, -0.4272906 51.479156, -0.4274065 51.4791958, -0.4275856 51.4792566, -0.4277328 51.4792893, -0.4278922 51.4793156, -0.4280763 51.4793378, -0.4295263 51.4793015, -0.4317928 51.4793148, -0.4329769 51.4793006, -0.4333725 51.4793146, -0.4341696 51.4793858, -0.4347501 51.4794056, -0.4368437 51.4793962, -0.438442 51.47938, -0.4392869 51.4793399, -0.4402317 51.479337, -0.4442704 51.4793249, -0.4443482 51.479375, -0.4463974 51.4793499, -0.4477149 51.4793452, -0.4477422 51.4793012, -0.4479407 51.4793045, -0.4479451 51.479215, -0.4484864 51.4792103, -0.4484954 51.4792921, -0.4504443 51.479279, -0.4504424 51.4791177, -0.4507287 51.4791145, -0.4507316 51.4791446, -0.4515091 51.4791354, -0.4520596 51.4791329, -0.4551256 51.4791152, -0.4632283 51.4790707))",Number of parked airplanes, Time series of airport throughput at London Heathrow Airport,BLUE,Aerospacelab SPRL,UK4,Archived
"51.469716296645025,-0.4580423952680147",GB,,London,London Heathrow Airport,Airports: Throughput (archived),Count of airplanes on Sentinel-2 image,Sentinel-2,Sentinel 2 L2A,E13b2,2019-12-30T11:03:49,79.13279133,Average value for 2019,2019,100,"X in [75.51444612631151, 124.48555387368849] --> Normal, X < 75.51444612631151 --> Low, X > 124.48555387368849 --> High",Normal,"POLYGON ((-0.4632283 51.4790707, -0.4648151 51.4790748, -0.4698495 51.4790654, -0.4736995 51.4790582, -0.4756088 51.4790506, -0.4803432 51.4790318, -0.4803558 51.4793115, -0.4816198 51.479302, -0.4817594 51.4793661, -0.4818344 51.4793374, -0.4820453 51.4793796, -0.4824422 51.4792848, -0.4826323 51.4792568, -0.4830028 51.4792298, -0.4851051 51.4792045, -0.4864998 51.479176, -0.4874922 51.4791148, -0.4885268 51.4790295, -0.4885187 51.4789477, -0.4892966 51.4789279, -0.4902005 51.4788384, -0.4915424 51.4786721, -0.4917784 51.4786302, -0.4919385 51.4784742, -0.4924133 51.4784481, -0.492735 51.4783906, -0.4928879 51.4782661, -0.4931005 51.4783311, -0.4934026 51.4782829, -0.493855 51.4780416, -0.4940382 51.477837, -0.4941992 51.4775937, -0.4942726 51.477343, -0.4942667 51.4772231, -0.4943776 51.4766569, -0.4941288 51.47665, -0.4942763 51.4760271, -0.4934992 51.4757515, -0.4929308 51.475783, -0.4925285 51.475775, -0.4922523 51.4757424, -0.4917347 51.475632, -0.4912787 51.4751449, -0.4907637 51.4748972, -0.4903086 51.4745348, -0.4906162 51.4743766, -0.4894548 51.4734038, -0.4894552 51.4733222, -0.4894639 51.4700991, -0.489611 51.4697169, -0.4896239 51.4695947, -0.4900181 51.4695328, -0.4902451 51.4694718, -0.4904284 51.4693966, -0.4905935 51.4692704, -0.4907018 51.4691614, -0.4907914 51.4690355, -0.4908439 51.4689129, -0.4908768 51.4688305, -0.490881 51.4687111, -0.4908643 51.4686177, -0.4908497 51.4685632, -0.4908247 51.4685036, -0.4907831 51.468427, -0.4907143 51.4683414, -0.4908914 51.468283, -0.4909226 51.4682635, -0.4909497 51.4682298, -0.4909422 51.4675659, -0.4910038 51.4673682, -0.4910163 51.4673099, -0.4910211 51.4668405, -0.4909167 51.4667808, -0.4907067 51.4667447, -0.4905058 51.4667486, -0.4905118 51.4665757, -0.4900501 51.4665618, -0.4900503 51.4664689, -0.4900514 51.4664197, -0.490053 51.4663757, -0.4900499 51.4663266, -0.49005 51.4662699, -0.4899774 51.4662697, -0.4899804 51.4660468, -0.4900619 51.4660455, -0.4900611 51.4659661, -0.4900637 51.4659125, -0.4900691 51.4658496, -0.4900607 51.4657691, -0.4900622 51.4657325, -0.4902638 51.465735, -0.4903449 51.4656459, -0.4903446 51.465634, -0.4903436 51.4655931, -0.4903433 51.4655819, -0.490968 51.465499, -0.4914683 51.465495, -0.4915883 51.4652081, -0.4916035 51.4651762, -0.491618 51.4651458, -0.4916885 51.4649199, -0.4917332 51.4647155, -0.4917284 51.4645847, -0.4917072 51.4644562, -0.4916611 51.4643364, -0.491588 51.4642458, -0.4914651 51.4640903, -0.4913239 51.4639673, -0.4911451 51.4638653, -0.4909712 51.4637946, -0.4906311 51.4636682, -0.4903119 51.463619, -0.4898794 51.4635839, -0.4896326 51.4635673, -0.4886825 51.4635492, -0.4882131 51.4635403, -0.4882721 51.463425, -0.4882667 51.4634099, -0.4882828 51.4633932, -0.4882882 51.4633832, -0.4882882 51.4633681, -0.4882748 51.4633581, -0.4882587 51.4633514, -0.4882453 51.4633448, -0.4882345 51.4633347, -0.4882372 51.4633197, -0.4882479 51.463308, -0.4882533 51.4632913, -0.4882453 51.4632762, -0.4882184 51.4632679, -0.4881997 51.4632612, -0.4881916 51.4632428, -0.4881916 51.4632311, -0.4882023 51.4632161, -0.488205 51.4632027, -0.488197 51.4631927, -0.4881782 51.4631827, -0.4881541 51.4631776, -0.4881407 51.4631659, -0.4881407 51.4631526, -0.4881487 51.4631426, -0.4881567 51.4631275, -0.4881514 51.4631125, -0.4881407 51.4631008, -0.4881165 51.4630958, -0.4881004 51.4630857, -0.4880843 51.4630774, -0.488087 51.463059, -0.4880951 51.4630456, -0.4880951 51.4630339, -0.488079 51.4630172, -0.4880521 51.4630156, -0.4880307 51.4630055, -0.48802 51.4629955, -0.4880226 51.4629788, -0.488028 51.4629621, -0.488028 51.4629454, -0.4880012 51.4629353, -0.4879717 51.462932, -0.4879609 51.462922, -0.4879502 51.4629103, -0.4879556 51.4628936, -0.4879556 51.4628752, -0.4879449 51.4628618, -0.4879261 51.4628568, -0.4878912 51.4628484, -0.4878805 51.4628418, -0.4878751 51.4628284, -0.4878805 51.46282, -0.4878858 51.4628067, -0.4878698 51.46279, -0.487851 51.4627816, -0.4878215 51.4627749, -0.4878 51.4627682, -0.487792 51.4627565, -0.487792 51.4627415, -0.487792 51.4627248, -0.4877812 51.4627097, -0.4877437 51.4627031, -0.4877222 51.4626997, -0.4877035 51.462688, -0.4877061 51.4626713, -0.4877061 51.4626579, -0.4876954 51.4626446, -0.487682 51.4626362, -0.4876471 51.4626329, -0.4876284 51.4626262, -0.4876123 51.4626145, -0.4876123 51.4626011, -0.4876096 51.4625844, -0.4875988 51.4625727, -0.4875667 51.4625644, -0.4875372 51.4625644, -0.4875157 51.4625527, -0.4875157 51.4625393, -0.487513 51.4625209, -0.4875023 51.4625092, -0.4874835 51.4625042, -0.4874433 51.4624975, -0.4874218 51.4624925, -0.4874084 51.4624775, -0.4874084 51.4624608, -0.4873977 51.4624491, -0.4873789 51.4624407, -0.4873521 51.4624357, -0.4873306 51.4624357, -0.4873119 51.462429, -0.4872984 51.462419, -0.4872931 51.4624023, -0.4872958 51.4623889, -0.4872743 51.4623789, -0.4872475 51.4623739, -0.4872153 51.4623755, -0.4871912 51.4623672, -0.4871831 51.4623505, -0.4871777 51.4623321, -0.487159 51.4623204, -0.4871321 51.462317, -0.487108 51.4623221, -0.4870839 51.4623137, -0.4870651 51.462302, -0.4870597 51.4622903, -0.487057 51.4622803, -0.4870383 51.4622702, -0.4870249 51.4622669, -0.486998 51.4622719, -0.4869658 51.4622669, -0.4869444 51.4622569, -0.4869363 51.4622435, -0.4861826 51.4620167, -0.4854289 51.4619548, -0.4836989 51.4619695, -0.4834119 51.4619561, -0.4830203 51.4620246, -0.4829881 51.4620731, -0.4798043 51.4620864, -0.4788066 51.4620898, -0.4786617 51.4620998, -0.4784981 51.4621315, -0.4783962 51.4621583, -0.4776452 51.462429, -0.4765911 51.4628, -0.4765723 51.4627833, -0.4765025 51.4628067, -0.4751349 51.4628356, -0.4744651 51.4628445, -0.4744308 51.4602907, -0.4747394 51.4602951, -0.474755 51.4601498, -0.4735156 51.4593437, -0.4733386 51.4591853, -0.4728256 51.4590069, -0.4704578 51.4586376, -0.468285 51.4584467, -0.4657812 51.4581615, -0.4635134 51.4579486, -0.4616879 51.4578662, -0.4615119 51.4594899, -0.4623352 51.4594933, -0.4623426 51.4605994, -0.4607182 51.4605919, -0.4607229 51.4606719, -0.4605361 51.4606749, -0.4604562 51.460715, -0.4603537 51.4607574, -0.4602273 51.4607948, -0.4600627 51.4608201, -0.4587719 51.460827, -0.458687 51.4608094, -0.4585975 51.4607692, -0.4585372 51.4607178, -0.4584933 51.46066, -0.458387 51.4606084, -0.4586252 51.4604566, -0.4591371 51.4601825, -0.4594243 51.4600219, -0.4594518 51.4598293, -0.4589279 51.4595786, -0.4588352 51.4593122, -0.4588633 51.4590505, -0.4588139 51.4587675, -0.4586916 51.4585131, -0.4585341 51.4582978, -0.4582928 51.4580633, -0.4583383 51.4580391, -0.459145 51.4581197, -0.4592768 51.4576265, -0.4591848 51.4575924, -0.4573833 51.4573253, -0.4573601 51.4573744, -0.4569694 51.4574971, -0.4562052 51.4573199, -0.456151 51.4574362, -0.4560266 51.4574704, -0.4560404 51.4575269, -0.4559387 51.4575559, -0.4557819 51.4575502, -0.455548 51.4574862, -0.4552126 51.4572732, -0.4550737 51.4572714, -0.4549458 51.4572578, -0.454917 51.4573214, -0.4546438 51.4572382, -0.453749 51.4567926, -0.4528967 51.4564021, -0.4526477 51.4562966, -0.4523666 51.4562127, -0.4521119 51.4561575, -0.4517684 51.4561116, -0.4515579 51.4560999, -0.4513087 51.4560987, -0.4510267 51.4561174, -0.4499862 51.4562186, -0.4496392 51.4562726, -0.4493903 51.4563329, -0.4491957 51.4563897, -0.4470581 51.4570895, -0.4469461 51.4571274, -0.4468627 51.4571696, -0.4467847 51.4572149, -0.4467232 51.4572596, -0.4466583 51.4573244, -0.4466109 51.4573951, -0.4465778 51.4574702, -0.4465566 51.4575518, -0.4465601 51.457627, -0.4465804 51.4577038, -0.4466325 51.4577781, -0.4467407 51.4578637, -0.4468466 51.4579347, -0.4475326 51.458326, -0.4475476 51.4583555, -0.4477043 51.458442, -0.4477723 51.4584824, -0.4478326 51.4585367, -0.4478623 51.4585949, -0.4478706 51.4586534, -0.4478584 51.4587027, -0.4478336 51.4587471, -0.4477904 51.4587871, -0.4477586 51.4588073, -0.4457043 51.4602471, -0.4446835 51.4596914, -0.4439901 51.4595053, -0.4431795 51.4593795, -0.4422861 51.4593888, -0.4416308 51.4597781, -0.4419691 51.4600025, -0.4412396 51.4611148, -0.440974 51.4610466, -0.4410322 51.460896, -0.4410293 51.4603958, -0.4409901 51.4603382, -0.4409365 51.4603103, -0.4394256 51.4603412, -0.4394291 51.4607252, -0.4387183 51.4607242, -0.4384635 51.4604779, -0.4371304 51.4610389, -0.4369856 51.4609013, -0.4338259 51.4622271, -0.4338119 51.4622504, -0.4339713 51.4624085, -0.4338186 51.4624752, -0.4337105 51.4625244, -0.4334209 51.4623339, -0.4285517 51.4643896, -0.4284216 51.4644511, -0.4283405 51.464491, -0.4283192 51.4644949, -0.4282996 51.4644972, -0.427377 51.4648886, -0.4273439 51.4649075, -0.4272072 51.464975, -0.4272585 51.4650356, -0.427289 51.4650576, -0.4273084 51.4650699, -0.4273326 51.4650805, -0.4273369 51.4655827, -0.4273555 51.4656158, -0.4273709 51.4656219, -0.4284513 51.4656154, -0.4287296 51.4657879, -0.4287309 51.4658745, -0.428775 51.4658939, -0.4293474 51.4658791, -0.42948 51.4659445, -0.4294936 51.4665592, -0.4291667 51.4667205, -0.4293167 51.4667739, -0.4296453 51.466867, -0.4300367 51.4669387, -0.4304782 51.4669927, -0.4309444 51.4669218, -0.4312176 51.4667775, -0.4312965 51.4668328, -0.4329556 51.4665779, -0.4330396 51.466549, -0.4331323 51.4667666, -0.4328714 51.4668346, -0.4331136 51.4672507, -0.4308623 51.4677076, -0.4306216 51.4675842, -0.4303466 51.4672195, -0.4302296 51.4671602, -0.4300586 51.4671508, -0.4296293 51.4672175, -0.4284886 51.467402, -0.4284601 51.4674374, -0.4278844 51.4676057, -0.4269661 51.4678334, -0.4271251 51.4681502, -0.4260581 51.4684108, -0.4242137 51.4688613, -0.4244278 51.4691984, -0.4244362 51.4692192, -0.4244811 51.4693489, -0.4244926 51.4693663, -0.4245915 51.4695022, -0.4246068 51.4695241, -0.4246634 51.4696896, -0.4246742 51.4697108, -0.4254173 51.4708303, -0.4257132 51.471178, -0.425968 51.4713157, -0.4262748 51.4714677, -0.4292786 51.4714604, -0.431169 51.4714356, -0.4316162 51.4713848, -0.4317584 51.4714533, -0.432064 51.4715801, -0.4331303 51.4717832, -0.433541 51.4718125, -0.4338214 51.4718825, -0.4340525 51.4719543, -0.4339163 51.4720545, -0.4338086 51.472003, -0.4336844 51.4719212, -0.4334871 51.47188, -0.4333225 51.4719743, -0.4332783 51.4719475, -0.4331613 51.4718841, -0.4325664 51.4717691, -0.4325289 51.4717828, -0.431967 51.4716803, -0.4317281 51.4715522, -0.4314907 51.4717075, -0.4312268 51.4715701, -0.4311703 51.4715486, -0.4310944 51.4715406, -0.4295029 51.4715468, -0.4293822 51.4715596, -0.4292962 51.4715761, -0.4292357 51.4715908, -0.4289569 51.471799, -0.428916 51.4718612, -0.4289207 51.4719195, -0.428967 51.4719524, -0.4290232 51.4719657, -0.429128 51.4719777, -0.4291895 51.4719764, -0.4292478 51.4719593, -0.4294077 51.4718488, -0.4295737 51.4719304, -0.4294047 51.4720573, -0.4296669 51.4721999, -0.4299363 51.4720005, -0.4302699 51.4721706, -0.4295242 51.472673, -0.4295752 51.4728861, -0.4295319 51.4729154, -0.4294737 51.4729176, -0.4294382 51.4729693, -0.4292977 51.4730115, -0.4293098 51.473306, -0.4295115 51.4733335, -0.4295294 51.4736324, -0.4280941 51.4739145, -0.4276363 51.4733761, -0.4276437 51.4732127, -0.4273789 51.4732098, -0.4273013 51.4732656, -0.4271621 51.4732685, -0.4270188 51.473266, -0.4270198 51.4737246, -0.4269497 51.4737256, -0.4268588 51.4737263, -0.4242634 51.4737415, -0.4217144 51.4737377, -0.4215455 51.4737433, -0.4215537 51.4733995, -0.4217465 51.4732175, -0.4217335 51.4726215, -0.4217146 51.4720708, -0.4214025 51.4719338, -0.4185553 51.473431, -0.4165917 51.4719804, -0.4182227 51.4711238, -0.4184029 51.4712569, -0.4185919 51.4713858, -0.4186039 51.4713947, -0.4198521 51.4707176, -0.4201097 51.4706002, -0.4189162 51.469667, -0.4179662 51.4701294, -0.4165606 51.4708708, -0.4154346 51.471473, -0.4153512 51.4715423, -0.4152775 51.4716241, -0.415227 51.4717104, -0.4151764 51.4718317, -0.4151697 51.4719606, -0.4151985 51.4720898, -0.4155042 51.4724018, -0.4157781 51.4726431, -0.4158855 51.4727046, -0.4160487 51.4728273, -0.416153 51.4729167, -0.41777 51.4741238, -0.4177945 51.474179, -0.4178163 51.4742291, -0.4177939 51.4742331, -0.4177198 51.4743037, -0.4181367 51.4749647, -0.4185638 51.4753803, -0.4189731 51.4754856, -0.4195604 51.4756242, -0.4204293 51.47575, -0.4211843 51.4758166, -0.4220054 51.4758176, -0.4223263 51.4755237, -0.4231788 51.4754748, -0.4235472 51.4754642, -0.426585 51.4755352, -0.4267433 51.4755348, -0.4268747 51.4755319, -0.4268684 51.4756398, -0.4268309 51.4757834, -0.4267933 51.4759315, -0.4270371 51.47608, -0.4271383 51.4762047, -0.4271398 51.4762656, -0.4270059 51.4763846, -0.4269176 51.476463, -0.426837 51.4765425, -0.4267694 51.4766427, -0.4267313 51.4768623, -0.4268476 51.4769717, -0.4268467 51.476996, -0.4268475 51.4770166, -0.4268473 51.4770462, -0.4267094 51.4771155, -0.4267116 51.4776028, -0.426714 51.4785595, -0.4267959 51.4787102, -0.4268767 51.478829, -0.4269702 51.4789427, -0.4270885 51.4790443, -0.4271885 51.4791052, -0.4272906 51.479156, -0.4274065 51.4791958, -0.4275856 51.4792566, -0.4277328 51.4792893, -0.4278922 51.4793156, -0.4280763 51.4793378, -0.4295263 51.4793015, -0.4317928 51.4793148, -0.4329769 51.4793006, -0.4333725 51.4793146, -0.4341696 51.4793858, -0.4347501 51.4794056, -0.4368437 51.4793962, -0.438442 51.47938, -0.4392869 51.4793399, -0.4402317 51.479337, -0.4442704 51.4793249, -0.4443482 51.479375, -0.4463974 51.4793499, -0.4477149 51.4793452, -0.4477422 51.4793012, -0.4479407 51.4793045, -0.4479451 51.479215, -0.4484864 51.4792103, -0.4484954 51.4792921, -0.4504443 51.479279, -0.4504424 51.4791177, -0.4507287 51.4791145, -0.4507316 51.4791446, -0.4515091 51.4791354, -0.4520596 51.4791329, -0.4551256 51.4791152, -0.4632283 51.4790707))",Number of parked airplanes, Time series of airport throughput at London Heathrow Airport,BLUE,Aerospacelab SPRL,UK4,Archived
"51.469716296645025,-0.4580423952680147",GB,,London,London Heathrow Airport,Airports: Throughput (archived),Count of airplanes on Sentinel-2 image,Sentinel-2,Sentinel 2 L2A,E13b2,2020-01-19T11:02:59,87.80487805,Average value for 2019,2019,100,"X in [75.51444612631151, 124.48555387368849] --> Normal, X < 75.51444612631151 --> Low, X > 124.48555387368849 --> High",Normal,"POLYGON ((-0.4632283 51.4790707, -0.4648151 51.4790748, -0.4698495 51.4790654, -0.4736995 51.4790582, -0.4756088 51.4790506, -0.4803432 51.4790318, -0.4803558 51.4793115, -0.4816198 51.479302, -0.4817594 51.4793661, -0.4818344 51.4793374, -0.4820453 51.4793796, -0.4824422 51.4792848, -0.4826323 51.4792568, -0.4830028 51.4792298, -0.4851051 51.4792045, -0.4864998 51.479176, -0.4874922 51.4791148, -0.4885268 51.4790295, -0.4885187 51.4789477, -0.4892966 51.4789279, -0.4902005 51.4788384, -0.4915424 51.4786721, -0.4917784 51.4786302, -0.4919385 51.4784742, -0.4924133 51.4784481, -0.492735 51.4783906, -0.4928879 51.4782661, -0.4931005 51.4783311, -0.4934026 51.4782829, -0.493855 51.4780416, -0.4940382 51.477837, -0.4941992 51.4775937, -0.4942726 51.477343, -0.4942667 51.4772231, -0.4943776 51.4766569, -0.4941288 51.47665, -0.4942763 51.4760271, -0.4934992 51.4757515, -0.4929308 51.475783, -0.4925285 51.475775, -0.4922523 51.4757424, -0.4917347 51.475632, -0.4912787 51.4751449, -0.4907637 51.4748972, -0.4903086 51.4745348, -0.4906162 51.4743766, -0.4894548 51.4734038, -0.4894552 51.4733222, -0.4894639 51.4700991, -0.489611 51.4697169, -0.4896239 51.4695947, -0.4900181 51.4695328, -0.4902451 51.4694718, -0.4904284 51.4693966, -0.4905935 51.4692704, -0.4907018 51.4691614, -0.4907914 51.4690355, -0.4908439 51.4689129, -0.4908768 51.4688305, -0.490881 51.4687111, -0.4908643 51.4686177, -0.4908497 51.4685632, -0.4908247 51.4685036, -0.4907831 51.468427, -0.4907143 51.4683414, -0.4908914 51.468283, -0.4909226 51.4682635, -0.4909497 51.4682298, -0.4909422 51.4675659, -0.4910038 51.4673682, -0.4910163 51.4673099, -0.4910211 51.4668405, -0.4909167 51.4667808, -0.4907067 51.4667447, -0.4905058 51.4667486, -0.4905118 51.4665757, -0.4900501 51.4665618, -0.4900503 51.4664689, -0.4900514 51.4664197, -0.490053 51.4663757, -0.4900499 51.4663266, -0.49005 51.4662699, -0.4899774 51.4662697, -0.4899804 51.4660468, -0.4900619 51.4660455, -0.4900611 51.4659661, -0.4900637 51.4659125, -0.4900691 51.4658496, -0.4900607 51.4657691, -0.4900622 51.4657325, -0.4902638 51.465735, -0.4903449 51.4656459, -0.4903446 51.465634, -0.4903436 51.4655931, -0.4903433 51.4655819, -0.490968 51.465499, -0.4914683 51.465495, -0.4915883 51.4652081, -0.4916035 51.4651762, -0.491618 51.4651458, -0.4916885 51.4649199, -0.4917332 51.4647155, -0.4917284 51.4645847, -0.4917072 51.4644562, -0.4916611 51.4643364, -0.491588 51.4642458, -0.4914651 51.4640903, -0.4913239 51.4639673, -0.4911451 51.4638653, -0.4909712 51.4637946, -0.4906311 51.4636682, -0.4903119 51.463619, -0.4898794 51.4635839, -0.4896326 51.4635673, -0.4886825 51.4635492, -0.4882131 51.4635403, -0.4882721 51.463425, -0.4882667 51.4634099, -0.4882828 51.4633932, -0.4882882 51.4633832, -0.4882882 51.4633681, -0.4882748 51.4633581, -0.4882587 51.4633514, -0.4882453 51.4633448, -0.4882345 51.4633347, -0.4882372 51.4633197, -0.4882479 51.463308, -0.4882533 51.4632913, -0.4882453 51.4632762, -0.4882184 51.4632679, -0.4881997 51.4632612, -0.4881916 51.4632428, -0.4881916 51.4632311, -0.4882023 51.4632161, -0.488205 51.4632027, -0.488197 51.4631927, -0.4881782 51.4631827, -0.4881541 51.4631776, -0.4881407 51.4631659, -0.4881407 51.4631526, -0.4881487 51.4631426, -0.4881567 51.4631275, -0.4881514 51.4631125, -0.4881407 51.4631008, -0.4881165 51.4630958, -0.4881004 51.4630857, -0.4880843 51.4630774, -0.488087 51.463059, -0.4880951 51.4630456, -0.4880951 51.4630339, -0.488079 51.4630172, -0.4880521 51.4630156, -0.4880307 51.4630055, -0.48802 51.4629955, -0.4880226 51.4629788, -0.488028 51.4629621, -0.488028 51.4629454, -0.4880012 51.4629353, -0.4879717 51.462932, -0.4879609 51.462922, -0.4879502 51.4629103, -0.4879556 51.4628936, -0.4879556 51.4628752, -0.4879449 51.4628618, -0.4879261 51.4628568, -0.4878912 51.4628484, -0.4878805 51.4628418, -0.4878751 51.4628284, -0.4878805 51.46282, -0.4878858 51.4628067, -0.4878698 51.46279, -0.487851 51.4627816, -0.4878215 51.4627749, -0.4878 51.4627682, -0.487792 51.4627565, -0.487792 51.4627415, -0.487792 51.4627248, -0.4877812 51.4627097, -0.4877437 51.4627031, -0.4877222 51.4626997, -0.4877035 51.462688, -0.4877061 51.4626713, -0.4877061 51.4626579, -0.4876954 51.4626446, -0.487682 51.4626362, -0.4876471 51.4626329, -0.4876284 51.4626262, -0.4876123 51.4626145, -0.4876123 51.4626011, -0.4876096 51.4625844, -0.4875988 51.4625727, -0.4875667 51.4625644, -0.4875372 51.4625644, -0.4875157 51.4625527, -0.4875157 51.4625393, -0.487513 51.4625209, -0.4875023 51.4625092, -0.4874835 51.4625042, -0.4874433 51.4624975, -0.4874218 51.4624925, -0.4874084 51.4624775, -0.4874084 51.4624608, -0.4873977 51.4624491, -0.4873789 51.4624407, -0.4873521 51.4624357, -0.4873306 51.4624357, -0.4873119 51.462429, -0.4872984 51.462419, -0.4872931 51.4624023, -0.4872958 51.4623889, -0.4872743 51.4623789, -0.4872475 51.4623739, -0.4872153 51.4623755, -0.4871912 51.4623672, -0.4871831 51.4623505, -0.4871777 51.4623321, -0.487159 51.4623204, -0.4871321 51.462317, -0.487108 51.4623221, -0.4870839 51.4623137, -0.4870651 51.462302, -0.4870597 51.4622903, -0.487057 51.4622803, -0.4870383 51.4622702, -0.4870249 51.4622669, -0.486998 51.4622719, -0.4869658 51.4622669, -0.4869444 51.4622569, -0.4869363 51.4622435, -0.4861826 51.4620167, -0.4854289 51.4619548, -0.4836989 51.4619695, -0.4834119 51.4619561, -0.4830203 51.4620246, -0.4829881 51.4620731, -0.4798043 51.4620864, -0.4788066 51.4620898, -0.4786617 51.4620998, -0.4784981 51.4621315, -0.4783962 51.4621583, -0.4776452 51.462429, -0.4765911 51.4628, -0.4765723 51.4627833, -0.4765025 51.4628067, -0.4751349 51.4628356, -0.4744651 51.4628445, -0.4744308 51.4602907, -0.4747394 51.4602951, -0.474755 51.4601498, -0.4735156 51.4593437, -0.4733386 51.4591853, -0.4728256 51.4590069, -0.4704578 51.4586376, -0.468285 51.4584467, -0.4657812 51.4581615, -0.4635134 51.4579486, -0.4616879 51.4578662, -0.4615119 51.4594899, -0.4623352 51.4594933, -0.4623426 51.4605994, -0.4607182 51.4605919, -0.4607229 51.4606719, -0.4605361 51.4606749, -0.4604562 51.460715, -0.4603537 51.4607574, -0.4602273 51.4607948, -0.4600627 51.4608201, -0.4587719 51.460827, -0.458687 51.4608094, -0.4585975 51.4607692, -0.4585372 51.4607178, -0.4584933 51.46066, -0.458387 51.4606084, -0.4586252 51.4604566, -0.4591371 51.4601825, -0.4594243 51.4600219, -0.4594518 51.4598293, -0.4589279 51.4595786, -0.4588352 51.4593122, -0.4588633 51.4590505, -0.4588139 51.4587675, -0.4586916 51.4585131, -0.4585341 51.4582978, -0.4582928 51.4580633, -0.4583383 51.4580391, -0.459145 51.4581197, -0.4592768 51.4576265, -0.4591848 51.4575924, -0.4573833 51.4573253, -0.4573601 51.4573744, -0.4569694 51.4574971, -0.4562052 51.4573199, -0.456151 51.4574362, -0.4560266 51.4574704, -0.4560404 51.4575269, -0.4559387 51.4575559, -0.4557819 51.4575502, -0.455548 51.4574862, -0.4552126 51.4572732, -0.4550737 51.4572714, -0.4549458 51.4572578, -0.454917 51.4573214, -0.4546438 51.4572382, -0.453749 51.4567926, -0.4528967 51.4564021, -0.4526477 51.4562966, -0.4523666 51.4562127, -0.4521119 51.4561575, -0.4517684 51.4561116, -0.4515579 51.4560999, -0.4513087 51.4560987, -0.4510267 51.4561174, -0.4499862 51.4562186, -0.4496392 51.4562726, -0.4493903 51.4563329, -0.4491957 51.4563897, -0.4470581 51.4570895, -0.4469461 51.4571274, -0.4468627 51.4571696, -0.4467847 51.4572149, -0.4467232 51.4572596, -0.4466583 51.4573244, -0.4466109 51.4573951, -0.4465778 51.4574702, -0.4465566 51.4575518, -0.4465601 51.457627, -0.4465804 51.4577038, -0.4466325 51.4577781, -0.4467407 51.4578637, -0.4468466 51.4579347, -0.4475326 51.458326, -0.4475476 51.4583555, -0.4477043 51.458442, -0.4477723 51.4584824, -0.4478326 51.4585367, -0.4478623 51.4585949, -0.4478706 51.4586534, -0.4478584 51.4587027, -0.4478336 51.4587471, -0.4477904 51.4587871, -0.4477586 51.4588073, -0.4457043 51.4602471, -0.4446835 51.4596914, -0.4439901 51.4595053, -0.4431795 51.4593795, -0.4422861 51.4593888, -0.4416308 51.4597781, -0.4419691 51.4600025, -0.4412396 51.4611148, -0.440974 51.4610466, -0.4410322 51.460896, -0.4410293 51.4603958, -0.4409901 51.4603382, -0.4409365 51.4603103, -0.4394256 51.4603412, -0.4394291 51.4607252, -0.4387183 51.4607242, -0.4384635 51.4604779, -0.4371304 51.4610389, -0.4369856 51.4609013, -0.4338259 51.4622271, -0.4338119 51.4622504, -0.4339713 51.4624085, -0.4338186 51.4624752, -0.4337105 51.4625244, -0.4334209 51.4623339, -0.4285517 51.4643896, -0.4284216 51.4644511, -0.4283405 51.464491, -0.4283192 51.4644949, -0.4282996 51.4644972, -0.427377 51.4648886, -0.4273439 51.4649075, -0.4272072 51.464975, -0.4272585 51.4650356, -0.427289 51.4650576, -0.4273084 51.4650699, -0.4273326 51.4650805, -0.4273369 51.4655827, -0.4273555 51.4656158, -0.4273709 51.4656219, -0.4284513 51.4656154, -0.4287296 51.4657879, -0.4287309 51.4658745, -0.428775 51.4658939, -0.4293474 51.4658791, -0.42948 51.4659445, -0.4294936 51.4665592, -0.4291667 51.4667205, -0.4293167 51.4667739, -0.4296453 51.466867, -0.4300367 51.4669387, -0.4304782 51.4669927, -0.4309444 51.4669218, -0.4312176 51.4667775, -0.4312965 51.4668328, -0.4329556 51.4665779, -0.4330396 51.466549, -0.4331323 51.4667666, -0.4328714 51.4668346, -0.4331136 51.4672507, -0.4308623 51.4677076, -0.4306216 51.4675842, -0.4303466 51.4672195, -0.4302296 51.4671602, -0.4300586 51.4671508, -0.4296293 51.4672175, -0.4284886 51.467402, -0.4284601 51.4674374, -0.4278844 51.4676057, -0.4269661 51.4678334, -0.4271251 51.4681502, -0.4260581 51.4684108, -0.4242137 51.4688613, -0.4244278 51.4691984, -0.4244362 51.4692192, -0.4244811 51.4693489, -0.4244926 51.4693663, -0.4245915 51.4695022, -0.4246068 51.4695241, -0.4246634 51.4696896, -0.4246742 51.4697108, -0.4254173 51.4708303, -0.4257132 51.471178, -0.425968 51.4713157, -0.4262748 51.4714677, -0.4292786 51.4714604, -0.431169 51.4714356, -0.4316162 51.4713848, -0.4317584 51.4714533, -0.432064 51.4715801, -0.4331303 51.4717832, -0.433541 51.4718125, -0.4338214 51.4718825, -0.4340525 51.4719543, -0.4339163 51.4720545, -0.4338086 51.472003, -0.4336844 51.4719212, -0.4334871 51.47188, -0.4333225 51.4719743, -0.4332783 51.4719475, -0.4331613 51.4718841, -0.4325664 51.4717691, -0.4325289 51.4717828, -0.431967 51.4716803, -0.4317281 51.4715522, -0.4314907 51.4717075, -0.4312268 51.4715701, -0.4311703 51.4715486, -0.4310944 51.4715406, -0.4295029 51.4715468, -0.4293822 51.4715596, -0.4292962 51.4715761, -0.4292357 51.4715908, -0.4289569 51.471799, -0.428916 51.4718612, -0.4289207 51.4719195, -0.428967 51.4719524, -0.4290232 51.4719657, -0.429128 51.4719777, -0.4291895 51.4719764, -0.4292478 51.4719593, -0.4294077 51.4718488, -0.4295737 51.4719304, -0.4294047 51.4720573, -0.4296669 51.4721999, -0.4299363 51.4720005, -0.4302699 51.4721706, -0.4295242 51.472673, -0.4295752 51.4728861, -0.4295319 51.4729154, -0.4294737 51.4729176, -0.4294382 51.4729693, -0.4292977 51.4730115, -0.4293098 51.473306, -0.4295115 51.4733335, -0.4295294 51.4736324, -0.4280941 51.4739145, -0.4276363 51.4733761, -0.4276437 51.4732127, -0.4273789 51.4732098, -0.4273013 51.4732656, -0.4271621 51.4732685, -0.4270188 51.473266, -0.4270198 51.4737246, -0.4269497 51.4737256, -0.4268588 51.4737263, -0.4242634 51.4737415, -0.4217144 51.4737377, -0.4215455 51.4737433, -0.4215537 51.4733995, -0.4217465 51.4732175, -0.4217335 51.4726215, -0.4217146 51.4720708, -0.4214025 51.4719338, -0.4185553 51.473431, -0.4165917 51.4719804, -0.4182227 51.4711238, -0.4184029 51.4712569, -0.4185919 51.4713858, -0.4186039 51.4713947, -0.4198521 51.4707176, -0.4201097 51.4706002, -0.4189162 51.469667, -0.4179662 51.4701294, -0.4165606 51.4708708, -0.4154346 51.471473, -0.4153512 51.4715423, -0.4152775 51.4716241, -0.415227 51.4717104, -0.4151764 51.4718317, -0.4151697 51.4719606, -0.4151985 51.4720898, -0.4155042 51.4724018, -0.4157781 51.4726431, -0.4158855 51.4727046, -0.4160487 51.4728273, -0.416153 51.4729167, -0.41777 51.4741238, -0.4177945 51.474179, -0.4178163 51.4742291, -0.4177939 51.4742331, -0.4177198 51.4743037, -0.4181367 51.4749647, -0.4185638 51.4753803, -0.4189731 51.4754856, -0.4195604 51.4756242, -0.4204293 51.47575, -0.4211843 51.4758166, -0.4220054 51.4758176, -0.4223263 51.4755237, -0.4231788 51.4754748, -0.4235472 51.4754642, -0.426585 51.4755352, -0.4267433 51.4755348, -0.4268747 51.4755319, -0.4268684 51.4756398, -0.4268309 51.4757834, -0.4267933 51.4759315, -0.4270371 51.47608, -0.4271383 51.4762047, -0.4271398 51.4762656, -0.4270059 51.4763846, -0.4269176 51.476463, -0.426837 51.4765425, -0.4267694 51.4766427, -0.4267313 51.4768623, -0.4268476 51.4769717, -0.4268467 51.476996, -0.4268475 51.4770166, -0.4268473 51.4770462, -0.4267094 51.4771155, -0.4267116 51.4776028, -0.426714 51.4785595, -0.4267959 51.4787102, -0.4268767 51.478829, -0.4269702 51.4789427, -0.4270885 51.4790443, -0.4271885 51.4791052, -0.4272906 51.479156, -0.4274065 51.4791958, -0.4275856 51.4792566, -0.4277328 51.4792893, -0.4278922 51.4793156, -0.4280763 51.4793378, -0.4295263 51.4793015, -0.4317928 51.4793148, -0.4329769 51.4793006, -0.4333725 51.4793146, -0.4341696 51.4793858, -0.4347501 51.4794056, -0.4368437 51.4793962, -0.438442 51.47938, -0.4392869 51.4793399, -0.4402317 51.479337, -0.4442704 51.4793249, -0.4443482 51.479375, -0.4463974 51.4793499, -0.4477149 51.4793452, -0.4477422 51.4793012, -0.4479407 51.4793045, -0.4479451 51.479215, -0.4484864 51.4792103, -0.4484954 51.4792921, -0.4504443 51.479279, -0.4504424 51.4791177, -0.4507287 51.4791145, -0.4507316 51.4791446, -0.4515091 51.4791354, -0.4520596 51.4791329, -0.4551256 51.4791152, -0.4632283 51.4790707))",Number of parked airplanes, Time series of airport throughput at London Heathrow Airport,BLUE,Aerospacelab SPRL,UK4,Archived
"51.469716296645025,-0.4580423952680147",GB,,London,London Heathrow Airport,Airports: Throughput (archived),Count of airplanes on Sentinel-2 image,Sentinel-2,Sentinel 2 L2A,E13b2,2020-03-24T10:57:11,121.4092141,Average value for 2019,2019,100,"X in [75.51444612631151, 124.48555387368849] --> Normal, X < 75.51444612631151 --> Low, X > 124.48555387368849 --> High",Normal,"POLYGON ((-0.4632283 51.4790707, -0.4648151 51.4790748, -0.4698495 51.4790654, -0.4736995 51.4790582, -0.4756088 51.4790506, -0.4803432 51.4790318, -0.4803558 51.4793115, -0.4816198 51.479302, -0.4817594 51.4793661, -0.4818344 51.4793374, -0.4820453 51.4793796, -0.4824422 51.4792848, -0.4826323 51.4792568, -0.4830028 51.4792298, -0.4851051 51.4792045, -0.4864998 51.479176, -0.4874922 51.4791148, -0.4885268 51.4790295, -0.4885187 51.4789477, -0.4892966 51.4789279, -0.4902005 51.4788384, -0.4915424 51.4786721, -0.4917784 51.4786302, -0.4919385 51.4784742, -0.4924133 51.4784481, -0.492735 51.4783906, -0.4928879 51.4782661, -0.4931005 51.4783311, -0.4934026 51.4782829, -0.493855 51.4780416, -0.4940382 51.477837, -0.4941992 51.4775937, -0.4942726 51.477343, -0.4942667 51.4772231, -0.4943776 51.4766569, -0.4941288 51.47665, -0.4942763 51.4760271, -0.4934992 51.4757515, -0.4929308 51.475783, -0.4925285 51.475775, -0.4922523 51.4757424, -0.4917347 51.475632, -0.4912787 51.4751449, -0.4907637 51.4748972, -0.4903086 51.4745348, -0.4906162 51.4743766, -0.4894548 51.4734038, -0.4894552 51.4733222, -0.4894639 51.4700991, -0.489611 51.4697169, -0.4896239 51.4695947, -0.4900181 51.4695328, -0.4902451 51.4694718, -0.4904284 51.4693966, -0.4905935 51.4692704, -0.4907018 51.4691614, -0.4907914 51.4690355, -0.4908439 51.4689129, -0.4908768 51.4688305, -0.490881 51.4687111, -0.4908643 51.4686177, -0.4908497 51.4685632, -0.4908247 51.4685036, -0.4907831 51.468427, -0.4907143 51.4683414, -0.4908914 51.468283, -0.4909226 51.4682635, -0.4909497 51.4682298, -0.4909422 51.4675659, -0.4910038 51.4673682, -0.4910163 51.4673099, -0.4910211 51.4668405, -0.4909167 51.4667808, -0.4907067 51.4667447, -0.4905058 51.4667486, -0.4905118 51.4665757, -0.4900501 51.4665618, -0.4900503 51.4664689, -0.4900514 51.4664197, -0.490053 51.4663757, -0.4900499 51.4663266, -0.49005 51.4662699, -0.4899774 51.4662697, -0.4899804 51.4660468, -0.4900619 51.4660455, -0.4900611 51.4659661, -0.4900637 51.4659125, -0.4900691 51.4658496, -0.4900607 51.4657691, -0.4900622 51.4657325, -0.4902638 51.465735, -0.4903449 51.4656459, -0.4903446 51.465634, -0.4903436 51.4655931, -0.4903433 51.4655819, -0.490968 51.465499, -0.4914683 51.465495, -0.4915883 51.4652081, -0.4916035 51.4651762, -0.491618 51.4651458, -0.4916885 51.4649199, -0.4917332 51.4647155, -0.4917284 51.4645847, -0.4917072 51.4644562, -0.4916611 51.4643364, -0.491588 51.4642458, -0.4914651 51.4640903, -0.4913239 51.4639673, -0.4911451 51.4638653, -0.4909712 51.4637946, -0.4906311 51.4636682, -0.4903119 51.463619, -0.4898794 51.4635839, -0.4896326 51.4635673, -0.4886825 51.4635492, -0.4882131 51.4635403, -0.4882721 51.463425, -0.4882667 51.4634099, -0.4882828 51.4633932, -0.4882882 51.4633832, -0.4882882 51.4633681, -0.4882748 51.4633581, -0.4882587 51.4633514, -0.4882453 51.4633448, -0.4882345 51.4633347, -0.4882372 51.4633197, -0.4882479 51.463308, -0.4882533 51.4632913, -0.4882453 51.4632762, -0.4882184 51.4632679, -0.4881997 51.4632612, -0.4881916 51.4632428, -0.4881916 51.4632311, -0.4882023 51.4632161, -0.488205 51.4632027, -0.488197 51.4631927, -0.4881782 51.4631827, -0.4881541 51.4631776, -0.4881407 51.4631659, -0.4881407 51.4631526, -0.4881487 51.4631426, -0.4881567 51.4631275, -0.4881514 51.4631125, -0.4881407 51.4631008, -0.4881165 51.4630958, -0.4881004 51.4630857, -0.4880843 51.4630774, -0.488087 51.463059, -0.4880951 51.4630456, -0.4880951 51.4630339, -0.488079 51.4630172, -0.4880521 51.4630156, -0.4880307 51.4630055, -0.48802 51.4629955, -0.4880226 51.4629788, -0.488028 51.4629621, -0.488028 51.4629454, -0.4880012 51.4629353, -0.4879717 51.462932, -0.4879609 51.462922, -0.4879502 51.4629103, -0.4879556 51.4628936, -0.4879556 51.4628752, -0.4879449 51.4628618, -0.4879261 51.4628568, -0.4878912 51.4628484, -0.4878805 51.4628418, -0.4878751 51.4628284, -0.4878805 51.46282, -0.4878858 51.4628067, -0.4878698 51.46279, -0.487851 51.4627816, -0.4878215 51.4627749, -0.4878 51.4627682, -0.487792 51.4627565, -0.487792 51.4627415, -0.487792 51.4627248, -0.4877812 51.4627097, -0.4877437 51.4627031, -0.4877222 51.4626997, -0.4877035 51.462688, -0.4877061 51.4626713, -0.4877061 51.4626579, -0.4876954 51.4626446, -0.487682 51.4626362, -0.4876471 51.4626329, -0.4876284 51.4626262, -0.4876123 51.4626145, -0.4876123 51.4626011, -0.4876096 51.4625844, -0.4875988 51.4625727, -0.4875667 51.4625644, -0.4875372 51.4625644, -0.4875157 51.4625527, -0.4875157 51.4625393, -0.487513 51.4625209, -0.4875023 51.4625092, -0.4874835 51.4625042, -0.4874433 51.4624975, -0.4874218 51.4624925, -0.4874084 51.4624775, -0.4874084 51.4624608, -0.4873977 51.4624491, -0.4873789 51.4624407, -0.4873521 51.4624357, -0.4873306 51.4624357, -0.4873119 51.462429, -0.4872984 51.462419, -0.4872931 51.4624023, -0.4872958 51.4623889, -0.4872743 51.4623789, -0.4872475 51.4623739, -0.4872153 51.4623755, -0.4871912 51.4623672, -0.4871831 51.4623505, -0.4871777 51.4623321, -0.487159 51.4623204, -0.4871321 51.462317, -0.487108 51.4623221, -0.4870839 51.4623137, -0.4870651 51.462302, -0.4870597 51.4622903, -0.487057 51.4622803, -0.4870383 51.4622702, -0.4870249 51.4622669, -0.486998 51.4622719, -0.4869658 51.4622669, -0.4869444 51.4622569, -0.4869363 51.4622435, -0.4861826 51.4620167, -0.4854289 51.4619548, -0.4836989 51.4619695, -0.4834119 51.4619561, -0.4830203 51.4620246, -0.4829881 51.4620731, -0.4798043 51.4620864, -0.4788066 51.4620898, -0.4786617 51.4620998, -0.4784981 51.4621315, -0.4783962 51.4621583, -0.4776452 51.462429, -0.4765911 51.4628, -0.4765723 51.4627833, -0.4765025 51.4628067, -0.4751349 51.4628356, -0.4744651 51.4628445, -0.4744308 51.4602907, -0.4747394 51.4602951, -0.474755 51.4601498, -0.4735156 51.4593437, -0.4733386 51.4591853, -0.4728256 51.4590069, -0.4704578 51.4586376, -0.468285 51.4584467, -0.4657812 51.4581615, -0.4635134 51.4579486, -0.4616879 51.4578662, -0.4615119 51.4594899, -0.4623352 51.4594933, -0.4623426 51.4605994, -0.4607182 51.4605919, -0.4607229 51.4606719, -0.4605361 51.4606749, -0.4604562 51.460715, -0.4603537 51.4607574, -0.4602273 51.4607948, -0.4600627 51.4608201, -0.4587719 51.460827, -0.458687 51.4608094, -0.4585975 51.4607692, -0.4585372 51.4607178, -0.4584933 51.46066, -0.458387 51.4606084, -0.4586252 51.4604566, -0.4591371 51.4601825, -0.4594243 51.4600219, -0.4594518 51.4598293, -0.4589279 51.4595786, -0.4588352 51.4593122, -0.4588633 51.4590505, -0.4588139 51.4587675, -0.4586916 51.4585131, -0.4585341 51.4582978, -0.4582928 51.4580633, -0.4583383 51.4580391, -0.459145 51.4581197, -0.4592768 51.4576265, -0.4591848 51.4575924, -0.4573833 51.4573253, -0.4573601 51.4573744, -0.4569694 51.4574971, -0.4562052 51.4573199, -0.456151 51.4574362, -0.4560266 51.4574704, -0.4560404 51.4575269, -0.4559387 51.4575559, -0.4557819 51.4575502, -0.455548 51.4574862, -0.4552126 51.4572732, -0.4550737 51.4572714, -0.4549458 51.4572578, -0.454917 51.4573214, -0.4546438 51.4572382, -0.453749 51.4567926, -0.4528967 51.4564021, -0.4526477 51.4562966, -0.4523666 51.4562127, -0.4521119 51.4561575, -0.4517684 51.4561116, -0.4515579 51.4560999, -0.4513087 51.4560987, -0.4510267 51.4561174, -0.4499862 51.4562186, -0.4496392 51.4562726, -0.4493903 51.4563329, -0.4491957 51.4563897, -0.4470581 51.4570895, -0.4469461 51.4571274, -0.4468627 51.4571696, -0.4467847 51.4572149, -0.4467232 51.4572596, -0.4466583 51.4573244, -0.4466109 51.4573951, -0.4465778 51.4574702, -0.4465566 51.4575518, -0.4465601 51.457627, -0.4465804 51.4577038, -0.4466325 51.4577781, -0.4467407 51.4578637, -0.4468466 51.4579347, -0.4475326 51.458326, -0.4475476 51.4583555, -0.4477043 51.458442, -0.4477723 51.4584824, -0.4478326 51.4585367, -0.4478623 51.4585949, -0.4478706 51.4586534, -0.4478584 51.4587027, -0.4478336 51.4587471, -0.4477904 51.4587871, -0.4477586 51.4588073, -0.4457043 51.4602471, -0.4446835 51.4596914, -0.4439901 51.4595053, -0.4431795 51.4593795, -0.4422861 51.4593888, -0.4416308 51.4597781, -0.4419691 51.4600025, -0.4412396 51.4611148, -0.440974 51.4610466, -0.4410322 51.460896, -0.4410293 51.4603958, -0.4409901 51.4603382, -0.4409365 51.4603103, -0.4394256 51.4603412, -0.4394291 51.4607252, -0.4387183 51.4607242, -0.4384635 51.4604779, -0.4371304 51.4610389, -0.4369856 51.4609013, -0.4338259 51.4622271, -0.4338119 51.4622504, -0.4339713 51.4624085, -0.4338186 51.4624752, -0.4337105 51.4625244, -0.4334209 51.4623339, -0.4285517 51.4643896, -0.4284216 51.4644511, -0.4283405 51.464491, -0.4283192 51.4644949, -0.4282996 51.4644972, -0.427377 51.4648886, -0.4273439 51.4649075, -0.4272072 51.464975, -0.4272585 51.4650356, -0.427289 51.4650576, -0.4273084 51.4650699, -0.4273326 51.4650805, -0.4273369 51.4655827, -0.4273555 51.4656158, -0.4273709 51.4656219, -0.4284513 51.4656154, -0.4287296 51.4657879, -0.4287309 51.4658745, -0.428775 51.4658939, -0.4293474 51.4658791, -0.42948 51.4659445, -0.4294936 51.4665592, -0.4291667 51.4667205, -0.4293167 51.4667739, -0.4296453 51.466867, -0.4300367 51.4669387, -0.4304782 51.4669927, -0.4309444 51.4669218, -0.4312176 51.4667775, -0.4312965 51.4668328, -0.4329556 51.4665779, -0.4330396 51.466549, -0.4331323 51.4667666, -0.4328714 51.4668346, -0.4331136 51.4672507, -0.4308623 51.4677076, -0.4306216 51.4675842, -0.4303466 51.4672195, -0.4302296 51.4671602, -0.4300586 51.4671508, -0.4296293 51.4672175, -0.4284886 51.467402, -0.4284601 51.4674374, -0.4278844 51.4676057, -0.4269661 51.4678334, -0.4271251 51.4681502, -0.4260581 51.4684108, -0.4242137 51.4688613, -0.4244278 51.4691984, -0.4244362 51.4692192, -0.4244811 51.4693489, -0.4244926 51.4693663, -0.4245915 51.4695022, -0.4246068 51.4695241, -0.4246634 51.4696896, -0.4246742 51.4697108, -0.4254173 51.4708303, -0.4257132 51.471178, -0.425968 51.4713157, -0.4262748 51.4714677, -0.4292786 51.4714604, -0.431169 51.4714356, -0.4316162 51.4713848, -0.4317584 51.4714533, -0.432064 51.4715801, -0.4331303 51.4717832, -0.433541 51.4718125, -0.4338214 51.4718825, -0.4340525 51.4719543, -0.4339163 51.4720545, -0.4338086 51.472003, -0.4336844 51.4719212, -0.4334871 51.47188, -0.4333225 51.4719743, -0.4332783 51.4719475, -0.4331613 51.4718841, -0.4325664 51.4717691, -0.4325289 51.4717828, -0.431967 51.4716803, -0.4317281 51.4715522, -0.4314907 51.4717075, -0.4312268 51.4715701, -0.4311703 51.4715486, -0.4310944 51.4715406, -0.4295029 51.4715468, -0.4293822 51.4715596, -0.4292962 51.4715761, -0.4292357 51.4715908, -0.4289569 51.471799, -0.428916 51.4718612, -0.4289207 51.4719195, -0.428967 51.4719524, -0.4290232 51.4719657, -0.429128 51.4719777, -0.4291895 51.4719764, -0.4292478 51.4719593, -0.4294077 51.4718488, -0.4295737 51.4719304, -0.4294047 51.4720573, -0.4296669 51.4721999, -0.4299363 51.4720005, -0.4302699 51.4721706, -0.4295242 51.472673, -0.4295752 51.4728861, -0.4295319 51.4729154, -0.4294737 51.4729176, -0.4294382 51.4729693, -0.4292977 51.4730115, -0.4293098 51.473306, -0.4295115 51.4733335, -0.4295294 51.4736324, -0.4280941 51.4739145, -0.4276363 51.4733761, -0.4276437 51.4732127, -0.4273789 51.4732098, -0.4273013 51.4732656, -0.4271621 51.4732685, -0.4270188 51.473266, -0.4270198 51.4737246, -0.4269497 51.4737256, -0.4268588 51.4737263, -0.4242634 51.4737415, -0.4217144 51.4737377, -0.4215455 51.4737433, -0.4215537 51.4733995, -0.4217465 51.4732175, -0.4217335 51.4726215, -0.4217146 51.4720708, -0.4214025 51.4719338, -0.4185553 51.473431, -0.4165917 51.4719804, -0.4182227 51.4711238, -0.4184029 51.4712569, -0.4185919 51.4713858, -0.4186039 51.4713947, -0.4198521 51.4707176, -0.4201097 51.4706002, -0.4189162 51.469667, -0.4179662 51.4701294, -0.4165606 51.4708708, -0.4154346 51.471473, -0.4153512 51.4715423, -0.4152775 51.4716241, -0.415227 51.4717104, -0.4151764 51.4718317, -0.4151697 51.4719606, -0.4151985 51.4720898, -0.4155042 51.4724018, -0.4157781 51.4726431, -0.4158855 51.4727046, -0.4160487 51.4728273, -0.416153 51.4729167, -0.41777 51.4741238, -0.4177945 51.474179, -0.4178163 51.4742291, -0.4177939 51.4742331, -0.4177198 51.4743037, -0.4181367 51.4749647, -0.4185638 51.4753803, -0.4189731 51.4754856, -0.4195604 51.4756242, -0.4204293 51.47575, -0.4211843 51.4758166, -0.4220054 51.4758176, -0.4223263 51.4755237, -0.4231788 51.4754748, -0.4235472 51.4754642, -0.426585 51.4755352, -0.4267433 51.4755348, -0.4268747 51.4755319, -0.4268684 51.4756398, -0.4268309 51.4757834, -0.4267933 51.4759315, -0.4270371 51.47608, -0.4271383 51.4762047, -0.4271398 51.4762656, -0.4270059 51.4763846, -0.4269176 51.476463, -0.426837 51.4765425, -0.4267694 51.4766427, -0.4267313 51.4768623, -0.4268476 51.4769717, -0.4268467 51.476996, -0.4268475 51.4770166, -0.4268473 51.4770462, -0.4267094 51.4771155, -0.4267116 51.4776028, -0.426714 51.4785595, -0.4267959 51.4787102, -0.4268767 51.478829, -0.4269702 51.4789427, -0.4270885 51.4790443, -0.4271885 51.4791052, -0.4272906 51.479156, -0.4274065 51.4791958, -0.4275856 51.4792566, -0.4277328 51.4792893, -0.4278922 51.4793156, -0.4280763 51.4793378, -0.4295263 51.4793015, -0.4317928 51.4793148, -0.4329769 51.4793006, -0.4333725 51.4793146, -0.4341696 51.4793858, -0.4347501 51.4794056, -0.4368437 51.4793962, -0.438442 51.47938, -0.4392869 51.4793399, -0.4402317 51.479337, -0.4442704 51.4793249, -0.4443482 51.479375, -0.4463974 51.4793499, -0.4477149 51.4793452, -0.4477422 51.4793012, -0.4479407 51.4793045, -0.4479451 51.479215, -0.4484864 51.4792103, -0.4484954 51.4792921, -0.4504443 51.479279, -0.4504424 51.4791177, -0.4507287 51.4791145, -0.4507316 51.4791446, -0.4515091 51.4791354, -0.4520596 51.4791329, -0.4551256 51.4791152, -0.4632283 51.4790707))",Number of parked airplanes, Time series of airport throughput at London Heathrow Airport,BLUE,Aerospacelab SPRL,UK4,Archived
"51.469716296645025,-0.4580423952680147",GB,,London,London Heathrow Airport,Airports: Throughput (archived),Count of airplanes on Sentinel-2 image,Sentinel-2,Sentinel 2 L2A,E13b2,2020-03-27T11:06:51,132.2493225,Average value for 2019,2019,100,"X in [75.51444612631151, 124.48555387368849] --> Normal, X < 75.51444612631151 --> Low, X > 124.48555387368849 --> High",High,"POLYGON ((-0.4632283 51.4790707, -0.4648151 51.4790748, -0.4698495 51.4790654, -0.4736995 51.4790582, -0.4756088 51.4790506, -0.4803432 51.4790318, -0.4803558 51.4793115, -0.4816198 51.479302, -0.4817594 51.4793661, -0.4818344 51.4793374, -0.4820453 51.4793796, -0.4824422 51.4792848, -0.4826323 51.4792568, -0.4830028 51.4792298, -0.4851051 51.4792045, -0.4864998 51.479176, -0.4874922 51.4791148, -0.4885268 51.4790295, -0.4885187 51.4789477, -0.4892966 51.4789279, -0.4902005 51.4788384, -0.4915424 51.4786721, -0.4917784 51.4786302, -0.4919385 51.4784742, -0.4924133 51.4784481, -0.492735 51.4783906, -0.4928879 51.4782661, -0.4931005 51.4783311, -0.4934026 51.4782829, -0.493855 51.4780416, -0.4940382 51.477837, -0.4941992 51.4775937, -0.4942726 51.477343, -0.4942667 51.4772231, -0.4943776 51.4766569, -0.4941288 51.47665, -0.4942763 51.4760271, -0.4934992 51.4757515, -0.4929308 51.475783, -0.4925285 51.475775, -0.4922523 51.4757424, -0.4917347 51.475632, -0.4912787 51.4751449, -0.4907637 51.4748972, -0.4903086 51.4745348, -0.4906162 51.4743766, -0.4894548 51.4734038, -0.4894552 51.4733222, -0.4894639 51.4700991, -0.489611 51.4697169, -0.4896239 51.4695947, -0.4900181 51.4695328, -0.4902451 51.4694718, -0.4904284 51.4693966, -0.4905935 51.4692704, -0.4907018 51.4691614, -0.4907914 51.4690355, -0.4908439 51.4689129, -0.4908768 51.4688305, -0.490881 51.4687111, -0.4908643 51.4686177, -0.4908497 51.4685632, -0.4908247 51.4685036, -0.4907831 51.468427, -0.4907143 51.4683414, -0.4908914 51.468283, -0.4909226 51.4682635, -0.4909497 51.4682298, -0.4909422 51.4675659, -0.4910038 51.4673682, -0.4910163 51.4673099, -0.4910211 51.4668405, -0.4909167 51.4667808, -0.4907067 51.4667447, -0.4905058 51.4667486, -0.4905118 51.4665757, -0.4900501 51.4665618, -0.4900503 51.4664689, -0.4900514 51.4664197, -0.490053 51.4663757, -0.4900499 51.4663266, -0.49005 51.4662699, -0.4899774 51.4662697, -0.4899804 51.4660468, -0.4900619 51.4660455, -0.4900611 51.4659661, -0.4900637 51.4659125, -0.4900691 51.4658496, -0.4900607 51.4657691, -0.4900622 51.4657325, -0.4902638 51.465735, -0.4903449 51.4656459, -0.4903446 51.465634, -0.4903436 51.4655931, -0.4903433 51.4655819, -0.490968 51.465499, -0.4914683 51.465495, -0.4915883 51.4652081, -0.4916035 51.4651762, -0.491618 51.4651458, -0.4916885 51.4649199, -0.4917332 51.4647155, -0.4917284 51.4645847, -0.4917072 51.4644562, -0.4916611 51.4643364, -0.491588 51.4642458, -0.4914651 51.4640903, -0.4913239 51.4639673, -0.4911451 51.4638653, -0.4909712 51.4637946, -0.4906311 51.4636682, -0.4903119 51.463619, -0.4898794 51.4635839, -0.4896326 51.4635673, -0.4886825 51.4635492, -0.4882131 51.4635403, -0.4882721 51.463425, -0.4882667 51.4634099, -0.4882828 51.4633932, -0.4882882 51.4633832, -0.4882882 51.4633681, -0.4882748 51.4633581, -0.4882587 51.4633514, -0.4882453 51.4633448, -0.4882345 51.4633347, -0.4882372 51.4633197, -0.4882479 51.463308, -0.4882533 51.4632913, -0.4882453 51.4632762, -0.4882184 51.4632679, -0.4881997 51.4632612, -0.4881916 51.4632428, -0.4881916 51.4632311, -0.4882023 51.4632161, -0.488205 51.4632027, -0.488197 51.4631927, -0.4881782 51.4631827, -0.4881541 51.4631776, -0.4881407 51.4631659, -0.4881407 51.4631526, -0.4881487 51.4631426, -0.4881567 51.4631275, -0.4881514 51.4631125, -0.4881407 51.4631008, -0.4881165 51.4630958, -0.4881004 51.4630857, -0.4880843 51.4630774, -0.488087 51.463059, -0.4880951 51.4630456, -0.4880951 51.4630339, -0.488079 51.4630172, -0.4880521 51.4630156, -0.4880307 51.4630055, -0.48802 51.4629955, -0.4880226 51.4629788, -0.488028 51.4629621, -0.488028 51.4629454, -0.4880012 51.4629353, -0.4879717 51.462932, -0.4879609 51.462922, -0.4879502 51.4629103, -0.4879556 51.4628936, -0.4879556 51.4628752, -0.4879449 51.4628618, -0.4879261 51.4628568, -0.4878912 51.4628484, -0.4878805 51.4628418, -0.4878751 51.4628284, -0.4878805 51.46282, -0.4878858 51.4628067, -0.4878698 51.46279, -0.487851 51.4627816, -0.4878215 51.4627749, -0.4878 51.4627682, -0.487792 51.4627565, -0.487792 51.4627415, -0.487792 51.4627248, -0.4877812 51.4627097, -0.4877437 51.4627031, -0.4877222 51.4626997, -0.4877035 51.462688, -0.4877061 51.4626713, -0.4877061 51.4626579, -0.4876954 51.4626446, -0.487682 51.4626362, -0.4876471 51.4626329, -0.4876284 51.4626262, -0.4876123 51.4626145, -0.4876123 51.4626011, -0.4876096 51.4625844, -0.4875988 51.4625727, -0.4875667 51.4625644, -0.4875372 51.4625644, -0.4875157 51.4625527, -0.4875157 51.4625393, -0.487513 51.4625209, -0.4875023 51.4625092, -0.4874835 51.4625042, -0.4874433 51.4624975, -0.4874218 51.4624925, -0.4874084 51.4624775, -0.4874084 51.4624608, -0.4873977 51.4624491, -0.4873789 51.4624407, -0.4873521 51.4624357, -0.4873306 51.4624357, -0.4873119 51.462429, -0.4872984 51.462419, -0.4872931 51.4624023, -0.4872958 51.4623889, -0.4872743 51.4623789, -0.4872475 51.4623739, -0.4872153 51.4623755, -0.4871912 51.4623672, -0.4871831 51.4623505, -0.4871777 51.4623321, -0.487159 51.4623204, -0.4871321 51.462317, -0.487108 51.4623221, -0.4870839 51.4623137, -0.4870651 51.462302, -0.4870597 51.4622903, -0.487057 51.4622803, -0.4870383 51.4622702, -0.4870249 51.4622669, -0.486998 51.4622719, -0.4869658 51.4622669, -0.4869444 51.4622569, -0.4869363 51.4622435, -0.4861826 51.4620167, -0.4854289 51.4619548, -0.4836989 51.4619695, -0.4834119 51.4619561, -0.4830203 51.4620246, -0.4829881 51.4620731, -0.4798043 51.4620864, -0.4788066 51.4620898, -0.4786617 51.4620998, -0.4784981 51.4621315, -0.4783962 51.4621583, -0.4776452 51.462429, -0.4765911 51.4628, -0.4765723 51.4627833, -0.4765025 51.4628067, -0.4751349 51.4628356, -0.4744651 51.4628445, -0.4744308 51.4602907, -0.4747394 51.4602951, -0.474755 51.4601498, -0.4735156 51.4593437, -0.4733386 51.4591853, -0.4728256 51.4590069, -0.4704578 51.4586376, -0.468285 51.4584467, -0.4657812 51.4581615, -0.4635134 51.4579486, -0.4616879 51.4578662, -0.4615119 51.4594899, -0.4623352 51.4594933, -0.4623426 51.4605994, -0.4607182 51.4605919, -0.4607229 51.4606719, -0.4605361 51.4606749, -0.4604562 51.460715, -0.4603537 51.4607574, -0.4602273 51.4607948, -0.4600627 51.4608201, -0.4587719 51.460827, -0.458687 51.4608094, -0.4585975 51.4607692, -0.4585372 51.4607178, -0.4584933 51.46066, -0.458387 51.4606084, -0.4586252 51.4604566, -0.4591371 51.4601825, -0.4594243 51.4600219, -0.4594518 51.4598293, -0.4589279 51.4595786, -0.4588352 51.4593122, -0.4588633 51.4590505, -0.4588139 51.4587675, -0.4586916 51.4585131, -0.4585341 51.4582978, -0.4582928 51.4580633, -0.4583383 51.4580391, -0.459145 51.4581197, -0.4592768 51.4576265, -0.4591848 51.4575924, -0.4573833 51.4573253, -0.4573601 51.4573744, -0.4569694 51.4574971, -0.4562052 51.4573199, -0.456151 51.4574362, -0.4560266 51.4574704, -0.4560404 51.4575269, -0.4559387 51.4575559, -0.4557819 51.4575502, -0.455548 51.4574862, -0.4552126 51.4572732, -0.4550737 51.4572714, -0.4549458 51.4572578, -0.454917 51.4573214, -0.4546438 51.4572382, -0.453749 51.4567926, -0.4528967 51.4564021, -0.4526477 51.4562966, -0.4523666 51.4562127, -0.4521119 51.4561575, -0.4517684 51.4561116, -0.4515579 51.4560999, -0.4513087 51.4560987, -0.4510267 51.4561174, -0.4499862 51.4562186, -0.4496392 51.4562726, -0.4493903 51.4563329, -0.4491957 51.4563897, -0.4470581 51.4570895, -0.4469461 51.4571274, -0.4468627 51.4571696, -0.4467847 51.4572149, -0.4467232 51.4572596, -0.4466583 51.4573244, -0.4466109 51.4573951, -0.4465778 51.4574702, -0.4465566 51.4575518, -0.4465601 51.457627, -0.4465804 51.4577038, -0.4466325 51.4577781, -0.4467407 51.4578637, -0.4468466 51.4579347, -0.4475326 51.458326, -0.4475476 51.4583555, -0.4477043 51.458442, -0.4477723 51.4584824, -0.4478326 51.4585367, -0.4478623 51.4585949, -0.4478706 51.4586534, -0.4478584 51.4587027, -0.4478336 51.4587471, -0.4477904 51.4587871, -0.4477586 51.4588073, -0.4457043 51.4602471, -0.4446835 51.4596914, -0.4439901 51.4595053, -0.4431795 51.4593795, -0.4422861 51.4593888, -0.4416308 51.4597781, -0.4419691 51.4600025, -0.4412396 51.4611148, -0.440974 51.4610466, -0.4410322 51.460896, -0.4410293 51.4603958, -0.4409901 51.4603382, -0.4409365 51.4603103, -0.4394256 51.4603412, -0.4394291 51.4607252, -0.4387183 51.4607242, -0.4384635 51.4604779, -0.4371304 51.4610389, -0.4369856 51.4609013, -0.4338259 51.4622271, -0.4338119 51.4622504, -0.4339713 51.4624085, -0.4338186 51.4624752, -0.4337105 51.4625244, -0.4334209 51.4623339, -0.4285517 51.4643896, -0.4284216 51.4644511, -0.4283405 51.464491, -0.4283192 51.4644949, -0.4282996 51.4644972, -0.427377 51.4648886, -0.4273439 51.4649075, -0.4272072 51.464975, -0.4272585 51.4650356, -0.427289 51.4650576, -0.4273084 51.4650699, -0.4273326 51.4650805, -0.4273369 51.4655827, -0.4273555 51.4656158, -0.4273709 51.4656219, -0.4284513 51.4656154, -0.4287296 51.4657879, -0.4287309 51.4658745, -0.428775 51.4658939, -0.4293474 51.4658791, -0.42948 51.4659445, -0.4294936 51.4665592, -0.4291667 51.4667205, -0.4293167 51.4667739, -0.4296453 51.466867, -0.4300367 51.4669387, -0.4304782 51.4669927, -0.4309444 51.4669218, -0.4312176 51.4667775, -0.4312965 51.4668328, -0.4329556 51.4665779, -0.4330396 51.466549, -0.4331323 51.4667666, -0.4328714 51.4668346, -0.4331136 51.4672507, -0.4308623 51.4677076, -0.4306216 51.4675842, -0.4303466 51.4672195, -0.4302296 51.4671602, -0.4300586 51.4671508, -0.4296293 51.4672175, -0.4284886 51.467402, -0.4284601 51.4674374, -0.4278844 51.4676057, -0.4269661 51.4678334, -0.4271251 51.4681502, -0.4260581 51.4684108, -0.4242137 51.4688613, -0.4244278 51.4691984, -0.4244362 51.4692192, -0.4244811 51.4693489, -0.4244926 51.4693663, -0.4245915 51.4695022, -0.4246068 51.4695241, -0.4246634 51.4696896, -0.4246742 51.4697108, -0.4254173 51.4708303, -0.4257132 51.471178, -0.425968 51.4713157, -0.4262748 51.4714677, -0.4292786 51.4714604, -0.431169 51.4714356, -0.4316162 51.4713848, -0.4317584 51.4714533, -0.432064 51.4715801, -0.4331303 51.4717832, -0.433541 51.4718125, -0.4338214 51.4718825, -0.4340525 51.4719543, -0.4339163 51.4720545, -0.4338086 51.472003, -0.4336844 51.4719212, -0.4334871 51.47188, -0.4333225 51.4719743, -0.4332783 51.4719475, -0.4331613 51.4718841, -0.4325664 51.4717691, -0.4325289 51.4717828, -0.431967 51.4716803, -0.4317281 51.4715522, -0.4314907 51.4717075, -0.4312268 51.4715701, -0.4311703 51.4715486, -0.4310944 51.4715406, -0.4295029 51.4715468, -0.4293822 51.4715596, -0.4292962 51.4715761, -0.4292357 51.4715908, -0.4289569 51.471799, -0.428916 51.4718612, -0.4289207 51.4719195, -0.428967 51.4719524, -0.4290232 51.4719657, -0.429128 51.4719777, -0.4291895 51.4719764, -0.4292478 51.4719593, -0.4294077 51.4718488, -0.4295737 51.4719304, -0.4294047 51.4720573, -0.4296669 51.4721999, -0.4299363 51.4720005, -0.4302699 51.4721706, -0.4295242 51.472673, -0.4295752 51.4728861, -0.4295319 51.4729154, -0.4294737 51.4729176, -0.4294382 51.4729693, -0.4292977 51.4730115, -0.4293098 51.473306, -0.4295115 51.4733335, -0.4295294 51.4736324, -0.4280941 51.4739145, -0.4276363 51.4733761, -0.4276437 51.4732127, -0.4273789 51.4732098, -0.4273013 51.4732656, -0.4271621 51.4732685, -0.4270188 51.473266, -0.4270198 51.4737246, -0.4269497 51.4737256, -0.4268588 51.4737263, -0.4242634 51.4737415, -0.4217144 51.4737377, -0.4215455 51.4737433, -0.4215537 51.4733995, -0.4217465 51.4732175, -0.4217335 51.4726215, -0.4217146 51.4720708, -0.4214025 51.4719338, -0.4185553 51.473431, -0.4165917 51.4719804, -0.4182227 51.4711238, -0.4184029 51.4712569, -0.4185919 51.4713858, -0.4186039 51.4713947, -0.4198521 51.4707176, -0.4201097 51.4706002, -0.4189162 51.469667, -0.4179662 51.4701294, -0.4165606 51.4708708, -0.4154346 51.471473, -0.4153512 51.4715423, -0.4152775 51.4716241, -0.415227 51.4717104, -0.4151764 51.4718317, -0.4151697 51.4719606, -0.4151985 51.4720898, -0.4155042 51.4724018, -0.4157781 51.4726431, -0.4158855 51.4727046, -0.4160487 51.4728273, -0.416153 51.4729167, -0.41777 51.4741238, -0.4177945 51.474179, -0.4178163 51.4742291, -0.4177939 51.4742331, -0.4177198 51.4743037, -0.4181367 51.4749647, -0.4185638 51.4753803, -0.4189731 51.4754856, -0.4195604 51.4756242, -0.4204293 51.47575, -0.4211843 51.4758166, -0.4220054 51.4758176, -0.4223263 51.4755237, -0.4231788 51.4754748, -0.4235472 51.4754642, -0.426585 51.4755352, -0.4267433 51.4755348, -0.4268747 51.4755319, -0.4268684 51.4756398, -0.4268309 51.4757834, -0.4267933 51.4759315, -0.4270371 51.47608, -0.4271383 51.4762047, -0.4271398 51.4762656, -0.4270059 51.4763846, -0.4269176 51.476463, -0.426837 51.4765425, -0.4267694 51.4766427, -0.4267313 51.4768623, -0.4268476 51.4769717, -0.4268467 51.476996, -0.4268475 51.4770166, -0.4268473 51.4770462, -0.4267094 51.4771155, -0.4267116 51.4776028, -0.426714 51.4785595, -0.4267959 51.4787102, -0.4268767 51.478829, -0.4269702 51.4789427, -0.4270885 51.4790443, -0.4271885 51.4791052, -0.4272906 51.479156, -0.4274065 51.4791958, -0.4275856 51.4792566, -0.4277328 51.4792893, -0.4278922 51.4793156, -0.4280763 51.4793378, -0.4295263 51.4793015, -0.4317928 51.4793148, -0.4329769 51.4793006, -0.4333725 51.4793146, -0.4341696 51.4793858, -0.4347501 51.4794056, -0.4368437 51.4793962, -0.438442 51.47938, -0.4392869 51.4793399, -0.4402317 51.479337, -0.4442704 51.4793249, -0.4443482 51.479375, -0.4463974 51.4793499, -0.4477149 51.4793452, -0.4477422 51.4793012, -0.4479407 51.4793045, -0.4479451 51.479215, -0.4484864 51.4792103, -0.4484954 51.4792921, -0.4504443 51.479279, -0.4504424 51.4791177, -0.4507287 51.4791145, -0.4507316 51.4791446, -0.4515091 51.4791354, -0.4520596 51.4791329, -0.4551256 51.4791152, -0.4632283 51.4790707))",Number of parked airplanes, Time series of airport throughput at London Heathrow Airport,RED,Aerospacelab SPRL,UK4,Archived
"51.469716296645025,-0.4580423952680147",GB,,London,London Heathrow Airport,Airports: Throughput (archived),Count of airplanes on Sentinel-2 image,Sentinel-2,Sentinel 2 L2A,E13b2,2020-04-21T11:06:19,110.5691057,Average value for 2019,2019,100,"X in [75.51444612631151, 124.48555387368849] --> Normal, X < 75.51444612631151 --> Low, X > 124.48555387368849 --> High",Normal,"POLYGON ((-0.4632283 51.4790707, -0.4648151 51.4790748, -0.4698495 51.4790654, -0.4736995 51.4790582, -0.4756088 51.4790506, -0.4803432 51.4790318, -0.4803558 51.4793115, -0.4816198 51.479302, -0.4817594 51.4793661, -0.4818344 51.4793374, -0.4820453 51.4793796, -0.4824422 51.4792848, -0.4826323 51.4792568, -0.4830028 51.4792298, -0.4851051 51.4792045, -0.4864998 51.479176, -0.4874922 51.4791148, -0.4885268 51.4790295, -0.4885187 51.4789477, -0.4892966 51.4789279, -0.4902005 51.4788384, -0.4915424 51.4786721, -0.4917784 51.4786302, -0.4919385 51.4784742, -0.4924133 51.4784481, -0.492735 51.4783906, -0.4928879 51.4782661, -0.4931005 51.4783311, -0.4934026 51.4782829, -0.493855 51.4780416, -0.4940382 51.477837, -0.4941992 51.4775937, -0.4942726 51.477343, -0.4942667 51.4772231, -0.4943776 51.4766569, -0.4941288 51.47665, -0.4942763 51.4760271, -0.4934992 51.4757515, -0.4929308 51.475783, -0.4925285 51.475775, -0.4922523 51.4757424, -0.4917347 51.475632, -0.4912787 51.4751449, -0.4907637 51.4748972, -0.4903086 51.4745348, -0.4906162 51.4743766, -0.4894548 51.4734038, -0.4894552 51.4733222, -0.4894639 51.4700991, -0.489611 51.4697169, -0.4896239 51.4695947, -0.4900181 51.4695328, -0.4902451 51.4694718, -0.4904284 51.4693966, -0.4905935 51.4692704, -0.4907018 51.4691614, -0.4907914 51.4690355, -0.4908439 51.4689129, -0.4908768 51.4688305, -0.490881 51.4687111, -0.4908643 51.4686177, -0.4908497 51.4685632, -0.4908247 51.4685036, -0.4907831 51.468427, -0.4907143 51.4683414, -0.4908914 51.468283, -0.4909226 51.4682635, -0.4909497 51.4682298, -0.4909422 51.4675659, -0.4910038 51.4673682, -0.4910163 51.4673099, -0.4910211 51.4668405, -0.4909167 51.4667808, -0.4907067 51.4667447, -0.4905058 51.4667486, -0.4905118 51.4665757, -0.4900501 51.4665618, -0.4900503 51.4664689, -0.4900514 51.4664197, -0.490053 51.4663757, -0.4900499 51.4663266, -0.49005 51.4662699, -0.4899774 51.4662697, -0.4899804 51.4660468, -0.4900619 51.4660455, -0.4900611 51.4659661, -0.4900637 51.4659125, -0.4900691 51.4658496, -0.4900607 51.4657691, -0.4900622 51.4657325, -0.4902638 51.465735, -0.4903449 51.4656459, -0.4903446 51.465634, -0.4903436 51.4655931, -0.4903433 51.4655819, -0.490968 51.465499, -0.4914683 51.465495, -0.4915883 51.4652081, -0.4916035 51.4651762, -0.491618 51.4651458, -0.4916885 51.4649199, -0.4917332 51.4647155, -0.4917284 51.4645847, -0.4917072 51.4644562, -0.4916611 51.4643364, -0.491588 51.4642458, -0.4914651 51.4640903, -0.4913239 51.4639673, -0.4911451 51.4638653, -0.4909712 51.4637946, -0.4906311 51.4636682, -0.4903119 51.463619, -0.4898794 51.4635839, -0.4896326 51.4635673, -0.4886825 51.4635492, -0.4882131 51.4635403, -0.4882721 51.463425, -0.4882667 51.4634099, -0.4882828 51.4633932, -0.4882882 51.4633832, -0.4882882 51.4633681, -0.4882748 51.4633581, -0.4882587 51.4633514, -0.4882453 51.4633448, -0.4882345 51.4633347, -0.4882372 51.4633197, -0.4882479 51.463308, -0.4882533 51.4632913, -0.4882453 51.4632762, -0.4882184 51.4632679, -0.4881997 51.4632612, -0.4881916 51.4632428, -0.4881916 51.4632311, -0.4882023 51.4632161, -0.488205 51.4632027, -0.488197 51.4631927, -0.4881782 51.4631827, -0.4881541 51.4631776, -0.4881407 51.4631659, -0.4881407 51.4631526, -0.4881487 51.4631426, -0.4881567 51.4631275, -0.4881514 51.4631125, -0.4881407 51.4631008, -0.4881165 51.4630958, -0.4881004 51.4630857, -0.4880843 51.4630774, -0.488087 51.463059, -0.4880951 51.4630456, -0.4880951 51.4630339, -0.488079 51.4630172, -0.4880521 51.4630156, -0.4880307 51.4630055, -0.48802 51.4629955, -0.4880226 51.4629788, -0.488028 51.4629621, -0.488028 51.4629454, -0.4880012 51.4629353, -0.4879717 51.462932, -0.4879609 51.462922, -0.4879502 51.4629103, -0.4879556 51.4628936, -0.4879556 51.4628752, -0.4879449 51.4628618, -0.4879261 51.4628568, -0.4878912 51.4628484, -0.4878805 51.4628418, -0.4878751 51.4628284, -0.4878805 51.46282, -0.4878858 51.4628067, -0.4878698 51.46279, -0.487851 51.4627816, -0.4878215 51.4627749, -0.4878 51.4627682, -0.487792 51.4627565, -0.487792 51.4627415, -0.487792 51.4627248, -0.4877812 51.4627097, -0.4877437 51.4627031, -0.4877222 51.4626997, -0.4877035 51.462688, -0.4877061 51.4626713, -0.4877061 51.4626579, -0.4876954 51.4626446, -0.487682 51.4626362, -0.4876471 51.4626329, -0.4876284 51.4626262, -0.4876123 51.4626145, -0.4876123 51.4626011, -0.4876096 51.4625844, -0.4875988 51.4625727, -0.4875667 51.4625644, -0.4875372 51.4625644, -0.4875157 51.4625527, -0.4875157 51.4625393, -0.487513 51.4625209, -0.4875023 51.4625092, -0.4874835 51.4625042, -0.4874433 51.4624975, -0.4874218 51.4624925, -0.4874084 51.4624775, -0.4874084 51.4624608, -0.4873977 51.4624491, -0.4873789 51.4624407, -0.4873521 51.4624357, -0.4873306 51.4624357, -0.4873119 51.462429, -0.4872984 51.462419, -0.4872931 51.4624023, -0.4872958 51.4623889, -0.4872743 51.4623789, -0.4872475 51.4623739, -0.4872153 51.4623755, -0.4871912 51.4623672, -0.4871831 51.4623505, -0.4871777 51.4623321, -0.487159 51.4623204, -0.4871321 51.462317, -0.487108 51.4623221, -0.4870839 51.4623137, -0.4870651 51.462302, -0.4870597 51.4622903, -0.487057 51.4622803, -0.4870383 51.4622702, -0.4870249 51.4622669, -0.486998 51.4622719, -0.4869658 51.4622669, -0.4869444 51.4622569, -0.4869363 51.4622435, -0.4861826 51.4620167, -0.4854289 51.4619548, -0.4836989 51.4619695, -0.4834119 51.4619561, -0.4830203 51.4620246, -0.4829881 51.4620731, -0.4798043 51.4620864, -0.4788066 51.4620898, -0.4786617 51.4620998, -0.4784981 51.4621315, -0.4783962 51.4621583, -0.4776452 51.462429, -0.4765911 51.4628, -0.4765723 51.4627833, -0.4765025 51.4628067, -0.4751349 51.4628356, -0.4744651 51.4628445, -0.4744308 51.4602907, -0.4747394 51.4602951, -0.474755 51.4601498, -0.4735156 51.4593437, -0.4733386 51.4591853, -0.4728256 51.4590069, -0.4704578 51.4586376, -0.468285 51.4584467, -0.4657812 51.4581615, -0.4635134 51.4579486, -0.4616879 51.4578662, -0.4615119 51.4594899, -0.4623352 51.4594933, -0.4623426 51.4605994, -0.4607182 51.4605919, -0.4607229 51.4606719, -0.4605361 51.4606749, -0.4604562 51.460715, -0.4603537 51.4607574, -0.4602273 51.4607948, -0.4600627 51.4608201, -0.4587719 51.460827, -0.458687 51.4608094, -0.4585975 51.4607692, -0.4585372 51.4607178, -0.4584933 51.46066, -0.458387 51.4606084, -0.4586252 51.4604566, -0.4591371 51.4601825, -0.4594243 51.4600219, -0.4594518 51.4598293, -0.4589279 51.4595786, -0.4588352 51.4593122, -0.4588633 51.4590505, -0.4588139 51.4587675, -0.4586916 51.4585131, -0.4585341 51.4582978, -0.4582928 51.4580633, -0.4583383 51.4580391, -0.459145 51.4581197, -0.4592768 51.4576265, -0.4591848 51.4575924, -0.4573833 51.4573253, -0.4573601 51.4573744, -0.4569694 51.4574971, -0.4562052 51.4573199, -0.456151 51.4574362, -0.4560266 51.4574704, -0.4560404 51.4575269, -0.4559387 51.4575559, -0.4557819 51.4575502, -0.455548 51.4574862, -0.4552126 51.4572732, -0.4550737 51.4572714, -0.4549458 51.4572578, -0.454917 51.4573214, -0.4546438 51.4572382, -0.453749 51.4567926, -0.4528967 51.4564021, -0.4526477 51.4562966, -0.4523666 51.4562127, -0.4521119 51.4561575, -0.4517684 51.4561116, -0.4515579 51.4560999, -0.4513087 51.4560987, -0.4510267 51.4561174, -0.4499862 51.4562186, -0.4496392 51.4562726, -0.4493903 51.4563329, -0.4491957 51.4563897, -0.4470581 51.4570895, -0.4469461 51.4571274, -0.4468627 51.4571696, -0.4467847 51.4572149, -0.4467232 51.4572596, -0.4466583 51.4573244, -0.4466109 51.4573951, -0.4465778 51.4574702, -0.4465566 51.4575518, -0.4465601 51.457627, -0.4465804 51.4577038, -0.4466325 51.4577781, -0.4467407 51.4578637, -0.4468466 51.4579347, -0.4475326 51.458326, -0.4475476 51.4583555, -0.4477043 51.458442, -0.4477723 51.4584824, -0.4478326 51.4585367, -0.4478623 51.4585949, -0.4478706 51.4586534, -0.4478584 51.4587027, -0.4478336 51.4587471, -0.4477904 51.4587871, -0.4477586 51.4588073, -0.4457043 51.4602471, -0.4446835 51.4596914, -0.4439901 51.4595053, -0.4431795 51.4593795, -0.4422861 51.4593888, -0.4416308 51.4597781, -0.4419691 51.4600025, -0.4412396 51.4611148, -0.440974 51.4610466, -0.4410322 51.460896, -0.4410293 51.4603958, -0.4409901 51.4603382, -0.4409365 51.4603103, -0.4394256 51.4603412, -0.4394291 51.4607252, -0.4387183 51.4607242, -0.4384635 51.4604779, -0.4371304 51.4610389, -0.4369856 51.4609013, -0.4338259 51.4622271, -0.4338119 51.4622504, -0.4339713 51.4624085, -0.4338186 51.4624752, -0.4337105 51.4625244, -0.4334209 51.4623339, -0.4285517 51.4643896, -0.4284216 51.4644511, -0.4283405 51.464491, -0.4283192 51.4644949, -0.4282996 51.4644972, -0.427377 51.4648886, -0.4273439 51.4649075, -0.4272072 51.464975, -0.4272585 51.4650356, -0.427289 51.4650576, -0.4273084 51.4650699, -0.4273326 51.4650805, -0.4273369 51.4655827, -0.4273555 51.4656158, -0.4273709 51.4656219, -0.4284513 51.4656154, -0.4287296 51.4657879, -0.4287309 51.4658745, -0.428775 51.4658939, -0.4293474 51.4658791, -0.42948 51.4659445, -0.4294936 51.4665592, -0.4291667 51.4667205, -0.4293167 51.4667739, -0.4296453 51.466867, -0.4300367 51.4669387, -0.4304782 51.4669927, -0.4309444 51.4669218, -0.4312176 51.4667775, -0.4312965 51.4668328, -0.4329556 51.4665779, -0.4330396 51.466549, -0.4331323 51.4667666, -0.4328714 51.4668346, -0.4331136 51.4672507, -0.4308623 51.4677076, -0.4306216 51.4675842, -0.4303466 51.4672195, -0.4302296 51.4671602, -0.4300586 51.4671508, -0.4296293 51.4672175, -0.4284886 51.467402, -0.4284601 51.4674374, -0.4278844 51.4676057, -0.4269661 51.4678334, -0.4271251 51.4681502, -0.4260581 51.4684108, -0.4242137 51.4688613, -0.4244278 51.4691984, -0.4244362 51.4692192, -0.4244811 51.4693489, -0.4244926 51.4693663, -0.4245915 51.4695022, -0.4246068 51.4695241, -0.4246634 51.4696896, -0.4246742 51.4697108, -0.4254173 51.4708303, -0.4257132 51.471178, -0.425968 51.4713157, -0.4262748 51.4714677, -0.4292786 51.4714604, -0.431169 51.4714356, -0.4316162 51.4713848, -0.4317584 51.4714533, -0.432064 51.4715801, -0.4331303 51.4717832, -0.433541 51.4718125, -0.4338214 51.4718825, -0.4340525 51.4719543, -0.4339163 51.4720545, -0.4338086 51.472003, -0.4336844 51.4719212, -0.4334871 51.47188, -0.4333225 51.4719743, -0.4332783 51.4719475, -0.4331613 51.4718841, -0.4325664 51.4717691, -0.4325289 51.4717828, -0.431967 51.4716803, -0.4317281 51.4715522, -0.4314907 51.4717075, -0.4312268 51.4715701, -0.4311703 51.4715486, -0.4310944 51.4715406, -0.4295029 51.4715468, -0.4293822 51.4715596, -0.4292962 51.4715761, -0.4292357 51.4715908, -0.4289569 51.471799, -0.428916 51.4718612, -0.4289207 51.4719195, -0.428967 51.4719524, -0.4290232 51.4719657, -0.429128 51.4719777, -0.4291895 51.4719764, -0.4292478 51.4719593, -0.4294077 51.4718488, -0.4295737 51.4719304, -0.4294047 51.4720573, -0.4296669 51.4721999, -0.4299363 51.4720005, -0.4302699 51.4721706, -0.4295242 51.472673, -0.4295752 51.4728861, -0.4295319 51.4729154, -0.4294737 51.4729176, -0.4294382 51.4729693, -0.4292977 51.4730115, -0.4293098 51.473306, -0.4295115 51.4733335, -0.4295294 51.4736324, -0.4280941 51.4739145, -0.4276363 51.4733761, -0.4276437 51.4732127, -0.4273789 51.4732098, -0.4273013 51.4732656, -0.4271621 51.4732685, -0.4270188 51.473266, -0.4270198 51.4737246, -0.4269497 51.4737256, -0.4268588 51.4737263, -0.4242634 51.4737415, -0.4217144 51.4737377, -0.4215455 51.4737433, -0.4215537 51.4733995, -0.4217465 51.4732175, -0.4217335 51.4726215, -0.4217146 51.4720708, -0.4214025 51.4719338, -0.4185553 51.473431, -0.4165917 51.4719804, -0.4182227 51.4711238, -0.4184029 51.4712569, -0.4185919 51.4713858, -0.4186039 51.4713947, -0.4198521 51.4707176, -0.4201097 51.4706002, -0.4189162 51.469667, -0.4179662 51.4701294, -0.4165606 51.4708708, -0.4154346 51.471473, -0.4153512 51.4715423, -0.4152775 51.4716241, -0.415227 51.4717104, -0.4151764 51.4718317, -0.4151697 51.4719606, -0.4151985 51.4720898, -0.4155042 51.4724018, -0.4157781 51.4726431, -0.4158855 51.4727046, -0.4160487 51.4728273, -0.416153 51.4729167, -0.41777 51.4741238, -0.4177945 51.474179, -0.4178163 51.4742291, -0.4177939 51.4742331, -0.4177198 51.4743037, -0.4181367 51.4749647, -0.4185638 51.4753803, -0.4189731 51.4754856, -0.4195604 51.4756242, -0.4204293 51.47575, -0.4211843 51.4758166, -0.4220054 51.4758176, -0.4223263 51.4755237, -0.4231788 51.4754748, -0.4235472 51.4754642, -0.426585 51.4755352, -0.4267433 51.4755348, -0.4268747 51.4755319, -0.4268684 51.4756398, -0.4268309 51.4757834, -0.4267933 51.4759315, -0.4270371 51.47608, -0.4271383 51.4762047, -0.4271398 51.4762656, -0.4270059 51.4763846, -0.4269176 51.476463, -0.426837 51.4765425, -0.4267694 51.4766427, -0.4267313 51.4768623, -0.4268476 51.4769717, -0.4268467 51.476996, -0.4268475 51.4770166, -0.4268473 51.4770462, -0.4267094 51.4771155, -0.4267116 51.4776028, -0.426714 51.4785595, -0.4267959 51.4787102, -0.4268767 51.478829, -0.4269702 51.4789427, -0.4270885 51.4790443, -0.4271885 51.4791052, -0.4272906 51.479156, -0.4274065 51.4791958, -0.4275856 51.4792566, -0.4277328 51.4792893, -0.4278922 51.4793156, -0.4280763 51.4793378, -0.4295263 51.4793015, -0.4317928 51.4793148, -0.4329769 51.4793006, -0.4333725 51.4793146, -0.4341696 51.4793858, -0.4347501 51.4794056, -0.4368437 51.4793962, -0.438442 51.47938, -0.4392869 51.4793399, -0.4402317 51.479337, -0.4442704 51.4793249, -0.4443482 51.479375, -0.4463974 51.4793499, -0.4477149 51.4793452, -0.4477422 51.4793012, -0.4479407 51.4793045, -0.4479451 51.479215, -0.4484864 51.4792103, -0.4484954 51.4792921, -0.4504443 51.479279, -0.4504424 51.4791177, -0.4507287 51.4791145, -0.4507316 51.4791446, -0.4515091 51.4791354, -0.4520596 51.4791329, -0.4551256 51.4791152, -0.4632283 51.4790707))",Number of parked airplanes, Time series of airport throughput at London Heathrow Airport,BLUE,Aerospacelab SPRL,UK4,Archived
"51.469716296645025,-0.4580423952680147",GB,,London,London Heathrow Airport,Airports: Throughput (archived),Count of airplanes on Sentinel-2 image,Sentinel-2,Sentinel 2 L2A,E13b2,2020-04-23T10:56:21,109.4850949,Average value for 2019,2019,100,"X in [75.51444612631151, 124.48555387368849] --> Normal, X < 75.51444612631151 --> Low, X > 124.48555387368849 --> High",Normal,"POLYGON ((-0.4632283 51.4790707, -0.4648151 51.4790748, -0.4698495 51.4790654, -0.4736995 51.4790582, -0.4756088 51.4790506, -0.4803432 51.4790318, -0.4803558 51.4793115, -0.4816198 51.479302, -0.4817594 51.4793661, -0.4818344 51.4793374, -0.4820453 51.4793796, -0.4824422 51.4792848, -0.4826323 51.4792568, -0.4830028 51.4792298, -0.4851051 51.4792045, -0.4864998 51.479176, -0.4874922 51.4791148, -0.4885268 51.4790295, -0.4885187 51.4789477, -0.4892966 51.4789279, -0.4902005 51.4788384, -0.4915424 51.4786721, -0.4917784 51.4786302, -0.4919385 51.4784742, -0.4924133 51.4784481, -0.492735 51.4783906, -0.4928879 51.4782661, -0.4931005 51.4783311, -0.4934026 51.4782829, -0.493855 51.4780416, -0.4940382 51.477837, -0.4941992 51.4775937, -0.4942726 51.477343, -0.4942667 51.4772231, -0.4943776 51.4766569, -0.4941288 51.47665, -0.4942763 51.4760271, -0.4934992 51.4757515, -0.4929308 51.475783, -0.4925285 51.475775, -0.4922523 51.4757424, -0.4917347 51.475632, -0.4912787 51.4751449, -0.4907637 51.4748972, -0.4903086 51.4745348, -0.4906162 51.4743766, -0.4894548 51.4734038, -0.4894552 51.4733222, -0.4894639 51.4700991, -0.489611 51.4697169, -0.4896239 51.4695947, -0.4900181 51.4695328, -0.4902451 51.4694718, -0.4904284 51.4693966, -0.4905935 51.4692704, -0.4907018 51.4691614, -0.4907914 51.4690355, -0.4908439 51.4689129, -0.4908768 51.4688305, -0.490881 51.4687111, -0.4908643 51.4686177, -0.4908497 51.4685632, -0.4908247 51.4685036, -0.4907831 51.468427, -0.4907143 51.4683414, -0.4908914 51.468283, -0.4909226 51.4682635, -0.4909497 51.4682298, -0.4909422 51.4675659, -0.4910038 51.4673682, -0.4910163 51.4673099, -0.4910211 51.4668405, -0.4909167 51.4667808, -0.4907067 51.4667447, -0.4905058 51.4667486, -0.4905118 51.4665757, -0.4900501 51.4665618, -0.4900503 51.4664689, -0.4900514 51.4664197, -0.490053 51.4663757, -0.4900499 51.4663266, -0.49005 51.4662699, -0.4899774 51.4662697, -0.4899804 51.4660468, -0.4900619 51.4660455, -0.4900611 51.4659661, -0.4900637 51.4659125, -0.4900691 51.4658496, -0.4900607 51.4657691, -0.4900622 51.4657325, -0.4902638 51.465735, -0.4903449 51.4656459, -0.4903446 51.465634, -0.4903436 51.4655931, -0.4903433 51.4655819, -0.490968 51.465499, -0.4914683 51.465495, -0.4915883 51.4652081, -0.4916035 51.4651762, -0.491618 51.4651458, -0.4916885 51.4649199, -0.4917332 51.4647155, -0.4917284 51.4645847, -0.4917072 51.4644562, -0.4916611 51.4643364, -0.491588 51.4642458, -0.4914651 51.4640903, -0.4913239 51.4639673, -0.4911451 51.4638653, -0.4909712 51.4637946, -0.4906311 51.4636682, -0.4903119 51.463619, -0.4898794 51.4635839, -0.4896326 51.4635673, -0.4886825 51.4635492, -0.4882131 51.4635403, -0.4882721 51.463425, -0.4882667 51.4634099, -0.4882828 51.4633932, -0.4882882 51.4633832, -0.4882882 51.4633681, -0.4882748 51.4633581, -0.4882587 51.4633514, -0.4882453 51.4633448, -0.4882345 51.4633347, -0.4882372 51.4633197, -0.4882479 51.463308, -0.4882533 51.4632913, -0.4882453 51.4632762, -0.4882184 51.4632679, -0.4881997 51.4632612, -0.4881916 51.4632428, -0.4881916 51.4632311, -0.4882023 51.4632161, -0.488205 51.4632027, -0.488197 51.4631927, -0.4881782 51.4631827, -0.4881541 51.4631776, -0.4881407 51.4631659, -0.4881407 51.4631526, -0.4881487 51.4631426, -0.4881567 51.4631275, -0.4881514 51.4631125, -0.4881407 51.4631008, -0.4881165 51.4630958, -0.4881004 51.4630857, -0.4880843 51.4630774, -0.488087 51.463059, -0.4880951 51.4630456, -0.4880951 51.4630339, -0.488079 51.4630172, -0.4880521 51.4630156, -0.4880307 51.4630055, -0.48802 51.4629955, -0.4880226 51.4629788, -0.488028 51.4629621, -0.488028 51.4629454, -0.4880012 51.4629353, -0.4879717 51.462932, -0.4879609 51.462922, -0.4879502 51.4629103, -0.4879556 51.4628936, -0.4879556 51.4628752, -0.4879449 51.4628618, -0.4879261 51.4628568, -0.4878912 51.4628484, -0.4878805 51.4628418, -0.4878751 51.4628284, -0.4878805 51.46282, -0.4878858 51.4628067, -0.4878698 51.46279, -0.487851 51.4627816, -0.4878215 51.4627749, -0.4878 51.4627682, -0.487792 51.4627565, -0.487792 51.4627415, -0.487792 51.4627248, -0.4877812 51.4627097, -0.4877437 51.4627031, -0.4877222 51.4626997, -0.4877035 51.462688, -0.4877061 51.4626713, -0.4877061 51.4626579, -0.4876954 51.4626446, -0.487682 51.4626362, -0.4876471 51.4626329, -0.4876284 51.4626262, -0.4876123 51.4626145, -0.4876123 51.4626011, -0.4876096 51.4625844, -0.4875988 51.4625727, -0.4875667 51.4625644, -0.4875372 51.4625644, -0.4875157 51.4625527, -0.4875157 51.4625393, -0.487513 51.4625209, -0.4875023 51.4625092, -0.4874835 51.4625042, -0.4874433 51.4624975, -0.4874218 51.4624925, -0.4874084 51.4624775, -0.4874084 51.4624608, -0.4873977 51.4624491, -0.4873789 51.4624407, -0.4873521 51.4624357, -0.4873306 51.4624357, -0.4873119 51.462429, -0.4872984 51.462419, -0.4872931 51.4624023, -0.4872958 51.4623889, -0.4872743 51.4623789, -0.4872475 51.4623739, -0.4872153 51.4623755, -0.4871912 51.4623672, -0.4871831 51.4623505, -0.4871777 51.4623321, -0.487159 51.4623204, -0.4871321 51.462317, -0.487108 51.4623221, -0.4870839 51.4623137, -0.4870651 51.462302, -0.4870597 51.4622903, -0.487057 51.4622803, -0.4870383 51.4622702, -0.4870249 51.4622669, -0.486998 51.4622719, -0.4869658 51.4622669, -0.4869444 51.4622569, -0.4869363 51.4622435, -0.4861826 51.4620167, -0.4854289 51.4619548, -0.4836989 51.4619695, -0.4834119 51.4619561, -0.4830203 51.4620246, -0.4829881 51.4620731, -0.4798043 51.4620864, -0.4788066 51.4620898, -0.4786617 51.4620998, -0.4784981 51.4621315, -0.4783962 51.4621583, -0.4776452 51.462429, -0.4765911 51.4628, -0.4765723 51.4627833, -0.4765025 51.4628067, -0.4751349 51.4628356, -0.4744651 51.4628445, -0.4744308 51.4602907, -0.4747394 51.4602951, -0.474755 51.4601498, -0.4735156 51.4593437, -0.4733386 51.4591853, -0.4728256 51.4590069, -0.4704578 51.4586376, -0.468285 51.4584467, -0.4657812 51.4581615, -0.4635134 51.4579486, -0.4616879 51.4578662, -0.4615119 51.4594899, -0.4623352 51.4594933, -0.4623426 51.4605994, -0.4607182 51.4605919, -0.4607229 51.4606719, -0.4605361 51.4606749, -0.4604562 51.460715, -0.4603537 51.4607574, -0.4602273 51.4607948, -0.4600627 51.4608201, -0.4587719 51.460827, -0.458687 51.4608094, -0.4585975 51.4607692, -0.4585372 51.4607178, -0.4584933 51.46066, -0.458387 51.4606084, -0.4586252 51.4604566, -0.4591371 51.4601825, -0.4594243 51.4600219, -0.4594518 51.4598293, -0.4589279 51.4595786, -0.4588352 51.4593122, -0.4588633 51.4590505, -0.4588139 51.4587675, -0.4586916 51.4585131, -0.4585341 51.4582978, -0.4582928 51.4580633, -0.4583383 51.4580391, -0.459145 51.4581197, -0.4592768 51.4576265, -0.4591848 51.4575924, -0.4573833 51.4573253, -0.4573601 51.4573744, -0.4569694 51.4574971, -0.4562052 51.4573199, -0.456151 51.4574362, -0.4560266 51.4574704, -0.4560404 51.4575269, -0.4559387 51.4575559, -0.4557819 51.4575502, -0.455548 51.4574862, -0.4552126 51.4572732, -0.4550737 51.4572714, -0.4549458 51.4572578, -0.454917 51.4573214, -0.4546438 51.4572382, -0.453749 51.4567926, -0.4528967 51.4564021, -0.4526477 51.4562966, -0.4523666 51.4562127, -0.4521119 51.4561575, -0.4517684 51.4561116, -0.4515579 51.4560999, -0.4513087 51.4560987, -0.4510267 51.4561174, -0.4499862 51.4562186, -0.4496392 51.4562726, -0.4493903 51.4563329, -0.4491957 51.4563897, -0.4470581 51.4570895, -0.4469461 51.4571274, -0.4468627 51.4571696, -0.4467847 51.4572149, -0.4467232 51.4572596, -0.4466583 51.4573244, -0.4466109 51.4573951, -0.4465778 51.4574702, -0.4465566 51.4575518, -0.4465601 51.457627, -0.4465804 51.4577038, -0.4466325 51.4577781, -0.4467407 51.4578637, -0.4468466 51.4579347, -0.4475326 51.458326, -0.4475476 51.4583555, -0.4477043 51.458442, -0.4477723 51.4584824, -0.4478326 51.4585367, -0.4478623 51.4585949, -0.4478706 51.4586534, -0.4478584 51.4587027, -0.4478336 51.4587471, -0.4477904 51.4587871, -0.4477586 51.4588073, -0.4457043 51.4602471, -0.4446835 51.4596914, -0.4439901 51.4595053, -0.4431795 51.4593795, -0.4422861 51.4593888, -0.4416308 51.4597781, -0.4419691 51.4600025, -0.4412396 51.4611148, -0.440974 51.4610466, -0.4410322 51.460896, -0.4410293 51.4603958, -0.4409901 51.4603382, -0.4409365 51.4603103, -0.4394256 51.4603412, -0.4394291 51.4607252, -0.4387183 51.4607242, -0.4384635 51.4604779, -0.4371304 51.4610389, -0.4369856 51.4609013, -0.4338259 51.4622271, -0.4338119 51.4622504, -0.4339713 51.4624085, -0.4338186 51.4624752, -0.4337105 51.4625244, -0.4334209 51.4623339, -0.4285517 51.4643896, -0.4284216 51.4644511, -0.4283405 51.464491, -0.4283192 51.4644949, -0.4282996 51.4644972, -0.427377 51.4648886, -0.4273439 51.4649075, -0.4272072 51.464975, -0.4272585 51.4650356, -0.427289 51.4650576, -0.4273084 51.4650699, -0.4273326 51.4650805, -0.4273369 51.4655827, -0.4273555 51.4656158, -0.4273709 51.4656219, -0.4284513 51.4656154, -0.4287296 51.4657879, -0.4287309 51.4658745, -0.428775 51.4658939, -0.4293474 51.4658791, -0.42948 51.4659445, -0.4294936 51.4665592, -0.4291667 51.4667205, -0.4293167 51.4667739, -0.4296453 51.466867, -0.4300367 51.4669387, -0.4304782 51.4669927, -0.4309444 51.4669218, -0.4312176 51.4667775, -0.4312965 51.4668328, -0.4329556 51.4665779, -0.4330396 51.466549, -0.4331323 51.4667666, -0.4328714 51.4668346, -0.4331136 51.4672507, -0.4308623 51.4677076, -0.4306216 51.4675842, -0.4303466 51.4672195, -0.4302296 51.4671602, -0.4300586 51.4671508, -0.4296293 51.4672175, -0.4284886 51.467402, -0.4284601 51.4674374, -0.4278844 51.4676057, -0.4269661 51.4678334, -0.4271251 51.4681502, -0.4260581 51.4684108, -0.4242137 51.4688613, -0.4244278 51.4691984, -0.4244362 51.4692192, -0.4244811 51.4693489, -0.4244926 51.4693663, -0.4245915 51.4695022, -0.4246068 51.4695241, -0.4246634 51.4696896, -0.4246742 51.4697108, -0.4254173 51.4708303, -0.4257132 51.471178, -0.425968 51.4713157, -0.4262748 51.4714677, -0.4292786 51.4714604, -0.431169 51.4714356, -0.4316162 51.4713848, -0.4317584 51.4714533, -0.432064 51.4715801, -0.4331303 51.4717832, -0.433541 51.4718125, -0.4338214 51.4718825, -0.4340525 51.4719543, -0.4339163 51.4720545, -0.4338086 51.472003, -0.4336844 51.4719212, -0.4334871 51.47188, -0.4333225 51.4719743, -0.4332783 51.4719475, -0.4331613 51.4718841, -0.4325664 51.4717691, -0.4325289 51.4717828, -0.431967 51.4716803, -0.4317281 51.4715522, -0.4314907 51.4717075, -0.4312268 51.4715701, -0.4311703 51.4715486, -0.4310944 51.4715406, -0.4295029 51.4715468, -0.4293822 51.4715596, -0.4292962 51.4715761, -0.4292357 51.4715908, -0.4289569 51.471799, -0.428916 51.4718612, -0.4289207 51.4719195, -0.428967 51.4719524, -0.4290232 51.4719657, -0.429128 51.4719777, -0.4291895 51.4719764, -0.4292478 51.4719593, -0.4294077 51.4718488, -0.4295737 51.4719304, -0.4294047 51.4720573, -0.4296669 51.4721999, -0.4299363 51.4720005, -0.4302699 51.4721706, -0.4295242 51.472673, -0.4295752 51.4728861, -0.4295319 51.4729154, -0.4294737 51.4729176, -0.4294382 51.4729693, -0.4292977 51.4730115, -0.4293098 51.473306, -0.4295115 51.4733335, -0.4295294 51.4736324, -0.4280941 51.4739145, -0.4276363 51.4733761, -0.4276437 51.4732127, -0.4273789 51.4732098, -0.4273013 51.4732656, -0.4271621 51.4732685, -0.4270188 51.473266, -0.4270198 51.4737246, -0.4269497 51.4737256, -0.4268588 51.4737263, -0.4242634 51.4737415, -0.4217144 51.4737377, -0.4215455 51.4737433, -0.4215537 51.4733995, -0.4217465 51.4732175, -0.4217335 51.4726215, -0.4217146 51.4720708, -0.4214025 51.4719338, -0.4185553 51.473431, -0.4165917 51.4719804, -0.4182227 51.4711238, -0.4184029 51.4712569, -0.4185919 51.4713858, -0.4186039 51.4713947, -0.4198521 51.4707176, -0.4201097 51.4706002, -0.4189162 51.469667, -0.4179662 51.4701294, -0.4165606 51.4708708, -0.4154346 51.471473, -0.4153512 51.4715423, -0.4152775 51.4716241, -0.415227 51.4717104, -0.4151764 51.4718317, -0.4151697 51.4719606, -0.4151985 51.4720898, -0.4155042 51.4724018, -0.4157781 51.4726431, -0.4158855 51.4727046, -0.4160487 51.4728273, -0.416153 51.4729167, -0.41777 51.4741238, -0.4177945 51.474179, -0.4178163 51.4742291, -0.4177939 51.4742331, -0.4177198 51.4743037, -0.4181367 51.4749647, -0.4185638 51.4753803, -0.4189731 51.4754856, -0.4195604 51.4756242, -0.4204293 51.47575, -0.4211843 51.4758166, -0.4220054 51.4758176, -0.4223263 51.4755237, -0.4231788 51.4754748, -0.4235472 51.4754642, -0.426585 51.4755352, -0.4267433 51.4755348, -0.4268747 51.4755319, -0.4268684 51.4756398, -0.4268309 51.4757834, -0.4267933 51.4759315, -0.4270371 51.47608, -0.4271383 51.4762047, -0.4271398 51.4762656, -0.4270059 51.4763846, -0.4269176 51.476463, -0.426837 51.4765425, -0.4267694 51.4766427, -0.4267313 51.4768623, -0.4268476 51.4769717, -0.4268467 51.476996, -0.4268475 51.4770166, -0.4268473 51.4770462, -0.4267094 51.4771155, -0.4267116 51.4776028, -0.426714 51.4785595, -0.4267959 51.4787102, -0.4268767 51.478829, -0.4269702 51.4789427, -0.4270885 51.4790443, -0.4271885 51.4791052, -0.4272906 51.479156, -0.4274065 51.4791958, -0.4275856 51.4792566, -0.4277328 51.4792893, -0.4278922 51.4793156, -0.4280763 51.4793378, -0.4295263 51.4793015, -0.4317928 51.4793148, -0.4329769 51.4793006, -0.4333725 51.4793146, -0.4341696 51.4793858, -0.4347501 51.4794056, -0.4368437 51.4793962, -0.438442 51.47938, -0.4392869 51.4793399, -0.4402317 51.479337, -0.4442704 51.4793249, -0.4443482 51.479375, -0.4463974 51.4793499, -0.4477149 51.4793452, -0.4477422 51.4793012, -0.4479407 51.4793045, -0.4479451 51.479215, -0.4484864 51.4792103, -0.4484954 51.4792921, -0.4504443 51.479279, -0.4504424 51.4791177, -0.4507287 51.4791145, -0.4507316 51.4791446, -0.4515091 51.4791354, -0.4520596 51.4791329, -0.4551256 51.4791152, -0.4632283 51.4790707))",Number of parked airplanes, Time series of airport throughput at London Heathrow Airport,BLUE,Aerospacelab SPRL,UK4,Archived
"51.469716296645025,-0.4580423952680147",GB,,London,London Heathrow Airport,Airports: Throughput (archived),Count of airplanes on Sentinel-2 image,Sentinel-2,Sentinel 2 L2A,E13b2,2020-05-06T11:06:21,107.3170732,Average value for 2019,2019,100,"X in [75.51444612631151, 124.48555387368849] --> Normal, X < 75.51444612631151 --> Low, X > 124.48555387368849 --> High",Normal,"POLYGON ((-0.4632283 51.4790707, -0.4648151 51.4790748, -0.4698495 51.4790654, -0.4736995 51.4790582, -0.4756088 51.4790506, -0.4803432 51.4790318, -0.4803558 51.4793115, -0.4816198 51.479302, -0.4817594 51.4793661, -0.4818344 51.4793374, -0.4820453 51.4793796, -0.4824422 51.4792848, -0.4826323 51.4792568, -0.4830028 51.4792298, -0.4851051 51.4792045, -0.4864998 51.479176, -0.4874922 51.4791148, -0.4885268 51.4790295, -0.4885187 51.4789477, -0.4892966 51.4789279, -0.4902005 51.4788384, -0.4915424 51.4786721, -0.4917784 51.4786302, -0.4919385 51.4784742, -0.4924133 51.4784481, -0.492735 51.4783906, -0.4928879 51.4782661, -0.4931005 51.4783311, -0.4934026 51.4782829, -0.493855 51.4780416, -0.4940382 51.477837, -0.4941992 51.4775937, -0.4942726 51.477343, -0.4942667 51.4772231, -0.4943776 51.4766569, -0.4941288 51.47665, -0.4942763 51.4760271, -0.4934992 51.4757515, -0.4929308 51.475783, -0.4925285 51.475775, -0.4922523 51.4757424, -0.4917347 51.475632, -0.4912787 51.4751449, -0.4907637 51.4748972, -0.4903086 51.4745348, -0.4906162 51.4743766, -0.4894548 51.4734038, -0.4894552 51.4733222, -0.4894639 51.4700991, -0.489611 51.4697169, -0.4896239 51.4695947, -0.4900181 51.4695328, -0.4902451 51.4694718, -0.4904284 51.4693966, -0.4905935 51.4692704, -0.4907018 51.4691614, -0.4907914 51.4690355, -0.4908439 51.4689129, -0.4908768 51.4688305, -0.490881 51.4687111, -0.4908643 51.4686177, -0.4908497 51.4685632, -0.4908247 51.4685036, -0.4907831 51.468427, -0.4907143 51.4683414, -0.4908914 51.468283, -0.4909226 51.4682635, -0.4909497 51.4682298, -0.4909422 51.4675659, -0.4910038 51.4673682, -0.4910163 51.4673099, -0.4910211 51.4668405, -0.4909167 51.4667808, -0.4907067 51.4667447, -0.4905058 51.4667486, -0.4905118 51.4665757, -0.4900501 51.4665618, -0.4900503 51.4664689, -0.4900514 51.4664197, -0.490053 51.4663757, -0.4900499 51.4663266, -0.49005 51.4662699, -0.4899774 51.4662697, -0.4899804 51.4660468, -0.4900619 51.4660455, -0.4900611 51.4659661, -0.4900637 51.4659125, -0.4900691 51.4658496, -0.4900607 51.4657691, -0.4900622 51.4657325, -0.4902638 51.465735, -0.4903449 51.4656459, -0.4903446 51.465634, -0.4903436 51.4655931, -0.4903433 51.4655819, -0.490968 51.465499, -0.4914683 51.465495, -0.4915883 51.4652081, -0.4916035 51.4651762, -0.491618 51.4651458, -0.4916885 51.4649199, -0.4917332 51.4647155, -0.4917284 51.4645847, -0.4917072 51.4644562, -0.4916611 51.4643364, -0.491588 51.4642458, -0.4914651 51.4640903, -0.4913239 51.4639673, -0.4911451 51.4638653, -0.4909712 51.4637946, -0.4906311 51.4636682, -0.4903119 51.463619, -0.4898794 51.4635839, -0.4896326 51.4635673, -0.4886825 51.4635492, -0.4882131 51.4635403, -0.4882721 51.463425, -0.4882667 51.4634099, -0.4882828 51.4633932, -0.4882882 51.4633832, -0.4882882 51.4633681, -0.4882748 51.4633581, -0.4882587 51.4633514, -0.4882453 51.4633448, -0.4882345 51.4633347, -0.4882372 51.4633197, -0.4882479 51.463308, -0.4882533 51.4632913, -0.4882453 51.4632762, -0.4882184 51.4632679, -0.4881997 51.4632612, -0.4881916 51.4632428, -0.4881916 51.4632311, -0.4882023 51.4632161, -0.488205 51.4632027, -0.488197 51.4631927, -0.4881782 51.4631827, -0.4881541 51.4631776, -0.4881407 51.4631659, -0.4881407 51.4631526, -0.4881487 51.4631426, -0.4881567 51.4631275, -0.4881514 51.4631125, -0.4881407 51.4631008, -0.4881165 51.4630958, -0.4881004 51.4630857, -0.4880843 51.4630774, -0.488087 51.463059, -0.4880951 51.4630456, -0.4880951 51.4630339, -0.488079 51.4630172, -0.4880521 51.4630156, -0.4880307 51.4630055, -0.48802 51.4629955, -0.4880226 51.4629788, -0.488028 51.4629621, -0.488028 51.4629454, -0.4880012 51.4629353, -0.4879717 51.462932, -0.4879609 51.462922, -0.4879502 51.4629103, -0.4879556 51.4628936, -0.4879556 51.4628752, -0.4879449 51.4628618, -0.4879261 51.4628568, -0.4878912 51.4628484, -0.4878805 51.4628418, -0.4878751 51.4628284, -0.4878805 51.46282, -0.4878858 51.4628067, -0.4878698 51.46279, -0.487851 51.4627816, -0.4878215 51.4627749, -0.4878 51.4627682, -0.487792 51.4627565, -0.487792 51.4627415, -0.487792 51.4627248, -0.4877812 51.4627097, -0.4877437 51.4627031, -0.4877222 51.4626997, -0.4877035 51.462688, -0.4877061 51.4626713, -0.4877061 51.4626579, -0.4876954 51.4626446, -0.487682 51.4626362, -0.4876471 51.4626329, -0.4876284 51.4626262, -0.4876123 51.4626145, -0.4876123 51.4626011, -0.4876096 51.4625844, -0.4875988 51.4625727, -0.4875667 51.4625644, -0.4875372 51.4625644, -0.4875157 51.4625527, -0.4875157 51.4625393, -0.487513 51.4625209, -0.4875023 51.4625092, -0.4874835 51.4625042, -0.4874433 51.4624975, -0.4874218 51.4624925, -0.4874084 51.4624775, -0.4874084 51.4624608, -0.4873977 51.4624491, -0.4873789 51.4624407, -0.4873521 51.4624357, -0.4873306 51.4624357, -0.4873119 51.462429, -0.4872984 51.462419, -0.4872931 51.4624023, -0.4872958 51.4623889, -0.4872743 51.4623789, -0.4872475 51.4623739, -0.4872153 51.4623755, -0.4871912 51.4623672, -0.4871831 51.4623505, -0.4871777 51.4623321, -0.487159 51.4623204, -0.4871321 51.462317, -0.487108 51.4623221, -0.4870839 51.4623137, -0.4870651 51.462302, -0.4870597 51.4622903, -0.487057 51.4622803, -0.4870383 51.4622702, -0.4870249 51.4622669, -0.486998 51.4622719, -0.4869658 51.4622669, -0.4869444 51.4622569, -0.4869363 51.4622435, -0.4861826 51.4620167, -0.4854289 51.4619548, -0.4836989 51.4619695, -0.4834119 51.4619561, -0.4830203 51.4620246, -0.4829881 51.4620731, -0.4798043 51.4620864, -0.4788066 51.4620898, -0.4786617 51.4620998, -0.4784981 51.4621315, -0.4783962 51.4621583, -0.4776452 51.462429, -0.4765911 51.4628, -0.4765723 51.4627833, -0.4765025 51.4628067, -0.4751349 51.4628356, -0.4744651 51.4628445, -0.4744308 51.4602907, -0.4747394 51.4602951, -0.474755 51.4601498, -0.4735156 51.4593437, -0.4733386 51.4591853, -0.4728256 51.4590069, -0.4704578 51.4586376, -0.468285 51.4584467, -0.4657812 51.4581615, -0.4635134 51.4579486, -0.4616879 51.4578662, -0.4615119 51.4594899, -0.4623352 51.4594933, -0.4623426 51.4605994, -0.4607182 51.4605919, -0.4607229 51.4606719, -0.4605361 51.4606749, -0.4604562 51.460715, -0.4603537 51.4607574, -0.4602273 51.4607948, -0.4600627 51.4608201, -0.4587719 51.460827, -0.458687 51.4608094, -0.4585975 51.4607692, -0.4585372 51.4607178, -0.4584933 51.46066, -0.458387 51.4606084, -0.4586252 51.4604566, -0.4591371 51.4601825, -0.4594243 51.4600219, -0.4594518 51.4598293, -0.4589279 51.4595786, -0.4588352 51.4593122, -0.4588633 51.4590505, -0.4588139 51.4587675, -0.4586916 51.4585131, -0.4585341 51.4582978, -0.4582928 51.4580633, -0.4583383 51.4580391, -0.459145 51.4581197, -0.4592768 51.4576265, -0.4591848 51.4575924, -0.4573833 51.4573253, -0.4573601 51.4573744, -0.4569694 51.4574971, -0.4562052 51.4573199, -0.456151 51.4574362, -0.4560266 51.4574704, -0.4560404 51.4575269, -0.4559387 51.4575559, -0.4557819 51.4575502, -0.455548 51.4574862, -0.4552126 51.4572732, -0.4550737 51.4572714, -0.4549458 51.4572578, -0.454917 51.4573214, -0.4546438 51.4572382, -0.453749 51.4567926, -0.4528967 51.4564021, -0.4526477 51.4562966, -0.4523666 51.4562127, -0.4521119 51.4561575, -0.4517684 51.4561116, -0.4515579 51.4560999, -0.4513087 51.4560987, -0.4510267 51.4561174, -0.4499862 51.4562186, -0.4496392 51.4562726, -0.4493903 51.4563329, -0.4491957 51.4563897, -0.4470581 51.4570895, -0.4469461 51.4571274, -0.4468627 51.4571696, -0.4467847 51.4572149, -0.4467232 51.4572596, -0.4466583 51.4573244, -0.4466109 51.4573951, -0.4465778 51.4574702, -0.4465566 51.4575518, -0.4465601 51.457627, -0.4465804 51.4577038, -0.4466325 51.4577781, -0.4467407 51.4578637, -0.4468466 51.4579347, -0.4475326 51.458326, -0.4475476 51.4583555, -0.4477043 51.458442, -0.4477723 51.4584824, -0.4478326 51.4585367, -0.4478623 51.4585949, -0.4478706 51.4586534, -0.4478584 51.4587027, -0.4478336 51.4587471, -0.4477904 51.4587871, -0.4477586 51.4588073, -0.4457043 51.4602471, -0.4446835 51.4596914, -0.4439901 51.4595053, -0.4431795 51.4593795, -0.4422861 51.4593888, -0.4416308 51.4597781, -0.4419691 51.4600025, -0.4412396 51.4611148, -0.440974 51.4610466, -0.4410322 51.460896, -0.4410293 51.4603958, -0.4409901 51.4603382, -0.4409365 51.4603103, -0.4394256 51.4603412, -0.4394291 51.4607252, -0.4387183 51.4607242, -0.4384635 51.4604779, -0.4371304 51.4610389, -0.4369856 51.4609013, -0.4338259 51.4622271, -0.4338119 51.4622504, -0.4339713 51.4624085, -0.4338186 51.4624752, -0.4337105 51.4625244, -0.4334209 51.4623339, -0.4285517 51.4643896, -0.4284216 51.4644511, -0.4283405 51.464491, -0.4283192 51.4644949, -0.4282996 51.4644972, -0.427377 51.4648886, -0.4273439 51.4649075, -0.4272072 51.464975, -0.4272585 51.4650356, -0.427289 51.4650576, -0.4273084 51.4650699, -0.4273326 51.4650805, -0.4273369 51.4655827, -0.4273555 51.4656158, -0.4273709 51.4656219, -0.4284513 51.4656154, -0.4287296 51.4657879, -0.4287309 51.4658745, -0.428775 51.4658939, -0.4293474 51.4658791, -0.42948 51.4659445, -0.4294936 51.4665592, -0.4291667 51.4667205, -0.4293167 51.4667739, -0.4296453 51.466867, -0.4300367 51.4669387, -0.4304782 51.4669927, -0.4309444 51.4669218, -0.4312176 51.4667775, -0.4312965 51.4668328, -0.4329556 51.4665779, -0.4330396 51.466549, -0.4331323 51.4667666, -0.4328714 51.4668346, -0.4331136 51.4672507, -0.4308623 51.4677076, -0.4306216 51.4675842, -0.4303466 51.4672195, -0.4302296 51.4671602, -0.4300586 51.4671508, -0.4296293 51.4672175, -0.4284886 51.467402, -0.4284601 51.4674374, -0.4278844 51.4676057, -0.4269661 51.4678334, -0.4271251 51.4681502, -0.4260581 51.4684108, -0.4242137 51.4688613, -0.4244278 51.4691984, -0.4244362 51.4692192, -0.4244811 51.4693489, -0.4244926 51.4693663, -0.4245915 51.4695022, -0.4246068 51.4695241, -0.4246634 51.4696896, -0.4246742 51.4697108, -0.4254173 51.4708303, -0.4257132 51.471178, -0.425968 51.4713157, -0.4262748 51.4714677, -0.4292786 51.4714604, -0.431169 51.4714356, -0.4316162 51.4713848, -0.4317584 51.4714533, -0.432064 51.4715801, -0.4331303 51.4717832, -0.433541 51.4718125, -0.4338214 51.4718825, -0.4340525 51.4719543, -0.4339163 51.4720545, -0.4338086 51.472003, -0.4336844 51.4719212, -0.4334871 51.47188, -0.4333225 51.4719743, -0.4332783 51.4719475, -0.4331613 51.4718841, -0.4325664 51.4717691, -0.4325289 51.4717828, -0.431967 51.4716803, -0.4317281 51.4715522, -0.4314907 51.4717075, -0.4312268 51.4715701, -0.4311703 51.4715486, -0.4310944 51.4715406, -0.4295029 51.4715468, -0.4293822 51.4715596, -0.4292962 51.4715761, -0.4292357 51.4715908, -0.4289569 51.471799, -0.428916 51.4718612, -0.4289207 51.4719195, -0.428967 51.4719524, -0.4290232 51.4719657, -0.429128 51.4719777, -0.4291895 51.4719764, -0.4292478 51.4719593, -0.4294077 51.4718488, -0.4295737 51.4719304, -0.4294047 51.4720573, -0.4296669 51.4721999, -0.4299363 51.4720005, -0.4302699 51.4721706, -0.4295242 51.472673, -0.4295752 51.4728861, -0.4295319 51.4729154, -0.4294737 51.4729176, -0.4294382 51.4729693, -0.4292977 51.4730115, -0.4293098 51.473306, -0.4295115 51.4733335, -0.4295294 51.4736324, -0.4280941 51.4739145, -0.4276363 51.4733761, -0.4276437 51.4732127, -0.4273789 51.4732098, -0.4273013 51.4732656, -0.4271621 51.4732685, -0.4270188 51.473266, -0.4270198 51.4737246, -0.4269497 51.4737256, -0.4268588 51.4737263, -0.4242634 51.4737415, -0.4217144 51.4737377, -0.4215455 51.4737433, -0.4215537 51.4733995, -0.4217465 51.4732175, -0.4217335 51.4726215, -0.4217146 51.4720708, -0.4214025 51.4719338, -0.4185553 51.473431, -0.4165917 51.4719804, -0.4182227 51.4711238, -0.4184029 51.4712569, -0.4185919 51.4713858, -0.4186039 51.4713947, -0.4198521 51.4707176, -0.4201097 51.4706002, -0.4189162 51.469667, -0.4179662 51.4701294, -0.4165606 51.4708708, -0.4154346 51.471473, -0.4153512 51.4715423, -0.4152775 51.4716241, -0.415227 51.4717104, -0.4151764 51.4718317, -0.4151697 51.4719606, -0.4151985 51.4720898, -0.4155042 51.4724018, -0.4157781 51.4726431, -0.4158855 51.4727046, -0.4160487 51.4728273, -0.416153 51.4729167, -0.41777 51.4741238, -0.4177945 51.474179, -0.4178163 51.4742291, -0.4177939 51.4742331, -0.4177198 51.4743037, -0.4181367 51.4749647, -0.4185638 51.4753803, -0.4189731 51.4754856, -0.4195604 51.4756242, -0.4204293 51.47575, -0.4211843 51.4758166, -0.4220054 51.4758176, -0.4223263 51.4755237, -0.4231788 51.4754748, -0.4235472 51.4754642, -0.426585 51.4755352, -0.4267433 51.4755348, -0.4268747 51.4755319, -0.4268684 51.4756398, -0.4268309 51.4757834, -0.4267933 51.4759315, -0.4270371 51.47608, -0.4271383 51.4762047, -0.4271398 51.4762656, -0.4270059 51.4763846, -0.4269176 51.476463, -0.426837 51.4765425, -0.4267694 51.4766427, -0.4267313 51.4768623, -0.4268476 51.4769717, -0.4268467 51.476996, -0.4268475 51.4770166, -0.4268473 51.4770462, -0.4267094 51.4771155, -0.4267116 51.4776028, -0.426714 51.4785595, -0.4267959 51.4787102, -0.4268767 51.478829, -0.4269702 51.4789427, -0.4270885 51.4790443, -0.4271885 51.4791052, -0.4272906 51.479156, -0.4274065 51.4791958, -0.4275856 51.4792566, -0.4277328 51.4792893, -0.4278922 51.4793156, -0.4280763 51.4793378, -0.4295263 51.4793015, -0.4317928 51.4793148, -0.4329769 51.4793006, -0.4333725 51.4793146, -0.4341696 51.4793858, -0.4347501 51.4794056, -0.4368437 51.4793962, -0.438442 51.47938, -0.4392869 51.4793399, -0.4402317 51.479337, -0.4442704 51.4793249, -0.4443482 51.479375, -0.4463974 51.4793499, -0.4477149 51.4793452, -0.4477422 51.4793012, -0.4479407 51.4793045, -0.4479451 51.479215, -0.4484864 51.4792103, -0.4484954 51.4792921, -0.4504443 51.479279, -0.4504424 51.4791177, -0.4507287 51.4791145, -0.4507316 51.4791446, -0.4515091 51.4791354, -0.4520596 51.4791329, -0.4551256 51.4791152, -0.4632283 51.4790707))",Number of parked airplanes, Time series of airport throughput at London Heathrow Airport,BLUE,Aerospacelab SPRL,UK4,Archived
"51.469716296645025,-0.4580423952680147",GB,,London,London Heathrow Airport,Airports: Throughput (archived),Count of airplanes on Sentinel-2 image,Sentinel-2,Sentinel 2 L2A,E13b2,2020-05-21T11:06:19,106.2330623,Average value for 2019,2019,100,"X in [75.51444612631151, 124.48555387368849] --> Normal, X < 75.51444612631151 --> Low, X > 124.48555387368849 --> High",Normal,"POLYGON ((-0.4632283 51.4790707, -0.4648151 51.4790748, -0.4698495 51.4790654, -0.4736995 51.4790582, -0.4756088 51.4790506, -0.4803432 51.4790318, -0.4803558 51.4793115, -0.4816198 51.479302, -0.4817594 51.4793661, -0.4818344 51.4793374, -0.4820453 51.4793796, -0.4824422 51.4792848, -0.4826323 51.4792568, -0.4830028 51.4792298, -0.4851051 51.4792045, -0.4864998 51.479176, -0.4874922 51.4791148, -0.4885268 51.4790295, -0.4885187 51.4789477, -0.4892966 51.4789279, -0.4902005 51.4788384, -0.4915424 51.4786721, -0.4917784 51.4786302, -0.4919385 51.4784742, -0.4924133 51.4784481, -0.492735 51.4783906, -0.4928879 51.4782661, -0.4931005 51.4783311, -0.4934026 51.4782829, -0.493855 51.4780416, -0.4940382 51.477837, -0.4941992 51.4775937, -0.4942726 51.477343, -0.4942667 51.4772231, -0.4943776 51.4766569, -0.4941288 51.47665, -0.4942763 51.4760271, -0.4934992 51.4757515, -0.4929308 51.475783, -0.4925285 51.475775, -0.4922523 51.4757424, -0.4917347 51.475632, -0.4912787 51.4751449, -0.4907637 51.4748972, -0.4903086 51.4745348, -0.4906162 51.4743766, -0.4894548 51.4734038, -0.4894552 51.4733222, -0.4894639 51.4700991, -0.489611 51.4697169, -0.4896239 51.4695947, -0.4900181 51.4695328, -0.4902451 51.4694718, -0.4904284 51.4693966, -0.4905935 51.4692704, -0.4907018 51.4691614, -0.4907914 51.4690355, -0.4908439 51.4689129, -0.4908768 51.4688305, -0.490881 51.4687111, -0.4908643 51.4686177, -0.4908497 51.4685632, -0.4908247 51.4685036, -0.4907831 51.468427, -0.4907143 51.4683414, -0.4908914 51.468283, -0.4909226 51.4682635, -0.4909497 51.4682298, -0.4909422 51.4675659, -0.4910038 51.4673682, -0.4910163 51.4673099, -0.4910211 51.4668405, -0.4909167 51.4667808, -0.4907067 51.4667447, -0.4905058 51.4667486, -0.4905118 51.4665757, -0.4900501 51.4665618, -0.4900503 51.4664689, -0.4900514 51.4664197, -0.490053 51.4663757, -0.4900499 51.4663266, -0.49005 51.4662699, -0.4899774 51.4662697, -0.4899804 51.4660468, -0.4900619 51.4660455, -0.4900611 51.4659661, -0.4900637 51.4659125, -0.4900691 51.4658496, -0.4900607 51.4657691, -0.4900622 51.4657325, -0.4902638 51.465735, -0.4903449 51.4656459, -0.4903446 51.465634, -0.4903436 51.4655931, -0.4903433 51.4655819, -0.490968 51.465499, -0.4914683 51.465495, -0.4915883 51.4652081, -0.4916035 51.4651762, -0.491618 51.4651458, -0.4916885 51.4649199, -0.4917332 51.4647155, -0.4917284 51.4645847, -0.4917072 51.4644562, -0.4916611 51.4643364, -0.491588 51.4642458, -0.4914651 51.4640903, -0.4913239 51.4639673, -0.4911451 51.4638653, -0.4909712 51.4637946, -0.4906311 51.4636682, -0.4903119 51.463619, -0.4898794 51.4635839, -0.4896326 51.4635673, -0.4886825 51.4635492, -0.4882131 51.4635403, -0.4882721 51.463425, -0.4882667 51.4634099, -0.4882828 51.4633932, -0.4882882 51.4633832, -0.4882882 51.4633681, -0.4882748 51.4633581, -0.4882587 51.4633514, -0.4882453 51.4633448, -0.4882345 51.4633347, -0.4882372 51.4633197, -0.4882479 51.463308, -0.4882533 51.4632913, -0.4882453 51.4632762, -0.4882184 51.4632679, -0.4881997 51.4632612, -0.4881916 51.4632428, -0.4881916 51.4632311, -0.4882023 51.4632161, -0.488205 51.4632027, -0.488197 51.4631927, -0.4881782 51.4631827, -0.4881541 51.4631776, -0.4881407 51.4631659, -0.4881407 51.4631526, -0.4881487 51.4631426, -0.4881567 51.4631275, -0.4881514 51.4631125, -0.4881407 51.4631008, -0.4881165 51.4630958, -0.4881004 51.4630857, -0.4880843 51.4630774, -0.488087 51.463059, -0.4880951 51.4630456, -0.4880951 51.4630339, -0.488079 51.4630172, -0.4880521 51.4630156, -0.4880307 51.4630055, -0.48802 51.4629955, -0.4880226 51.4629788, -0.488028 51.4629621, -0.488028 51.4629454, -0.4880012 51.4629353, -0.4879717 51.462932, -0.4879609 51.462922, -0.4879502 51.4629103, -0.4879556 51.4628936, -0.4879556 51.4628752, -0.4879449 51.4628618, -0.4879261 51.4628568, -0.4878912 51.4628484, -0.4878805 51.4628418, -0.4878751 51.4628284, -0.4878805 51.46282, -0.4878858 51.4628067, -0.4878698 51.46279, -0.487851 51.4627816, -0.4878215 51.4627749, -0.4878 51.4627682, -0.487792 51.4627565, -0.487792 51.4627415, -0.487792 51.4627248, -0.4877812 51.4627097, -0.4877437 51.4627031, -0.4877222 51.4626997, -0.4877035 51.462688, -0.4877061 51.4626713, -0.4877061 51.4626579, -0.4876954 51.4626446, -0.487682 51.4626362, -0.4876471 51.4626329, -0.4876284 51.4626262, -0.4876123 51.4626145, -0.4876123 51.4626011, -0.4876096 51.4625844, -0.4875988 51.4625727, -0.4875667 51.4625644, -0.4875372 51.4625644, -0.4875157 51.4625527, -0.4875157 51.4625393, -0.487513 51.4625209, -0.4875023 51.4625092, -0.4874835 51.4625042, -0.4874433 51.4624975, -0.4874218 51.4624925, -0.4874084 51.4624775, -0.4874084 51.4624608, -0.4873977 51.4624491, -0.4873789 51.4624407, -0.4873521 51.4624357, -0.4873306 51.4624357, -0.4873119 51.462429, -0.4872984 51.462419, -0.4872931 51.4624023, -0.4872958 51.4623889, -0.4872743 51.4623789, -0.4872475 51.4623739, -0.4872153 51.4623755, -0.4871912 51.4623672, -0.4871831 51.4623505, -0.4871777 51.4623321, -0.487159 51.4623204, -0.4871321 51.462317, -0.487108 51.4623221, -0.4870839 51.4623137, -0.4870651 51.462302, -0.4870597 51.4622903, -0.487057 51.4622803, -0.4870383 51.4622702, -0.4870249 51.4622669, -0.486998 51.4622719, -0.4869658 51.4622669, -0.4869444 51.4622569, -0.4869363 51.4622435, -0.4861826 51.4620167, -0.4854289 51.4619548, -0.4836989 51.4619695, -0.4834119 51.4619561, -0.4830203 51.4620246, -0.4829881 51.4620731, -0.4798043 51.4620864, -0.4788066 51.4620898, -0.4786617 51.4620998, -0.4784981 51.4621315, -0.4783962 51.4621583, -0.4776452 51.462429, -0.4765911 51.4628, -0.4765723 51.4627833, -0.4765025 51.4628067, -0.4751349 51.4628356, -0.4744651 51.4628445, -0.4744308 51.4602907, -0.4747394 51.4602951, -0.474755 51.4601498, -0.4735156 51.4593437, -0.4733386 51.4591853, -0.4728256 51.4590069, -0.4704578 51.4586376, -0.468285 51.4584467, -0.4657812 51.4581615, -0.4635134 51.4579486, -0.4616879 51.4578662, -0.4615119 51.4594899, -0.4623352 51.4594933, -0.4623426 51.4605994, -0.4607182 51.4605919, -0.4607229 51.4606719, -0.4605361 51.4606749, -0.4604562 51.460715, -0.4603537 51.4607574, -0.4602273 51.4607948, -0.4600627 51.4608201, -0.4587719 51.460827, -0.458687 51.4608094, -0.4585975 51.4607692, -0.4585372 51.4607178, -0.4584933 51.46066, -0.458387 51.4606084, -0.4586252 51.4604566, -0.4591371 51.4601825, -0.4594243 51.4600219, -0.4594518 51.4598293, -0.4589279 51.4595786, -0.4588352 51.4593122, -0.4588633 51.4590505, -0.4588139 51.4587675, -0.4586916 51.4585131, -0.4585341 51.4582978, -0.4582928 51.4580633, -0.4583383 51.4580391, -0.459145 51.4581197, -0.4592768 51.4576265, -0.4591848 51.4575924, -0.4573833 51.4573253, -0.4573601 51.4573744, -0.4569694 51.4574971, -0.4562052 51.4573199, -0.456151 51.4574362, -0.4560266 51.4574704, -0.4560404 51.4575269, -0.4559387 51.4575559, -0.4557819 51.4575502, -0.455548 51.4574862, -0.4552126 51.4572732, -0.4550737 51.4572714, -0.4549458 51.4572578, -0.454917 51.4573214, -0.4546438 51.4572382, -0.453749 51.4567926, -0.4528967 51.4564021, -0.4526477 51.4562966, -0.4523666 51.4562127, -0.4521119 51.4561575, -0.4517684 51.4561116, -0.4515579 51.4560999, -0.4513087 51.4560987, -0.4510267 51.4561174, -0.4499862 51.4562186, -0.4496392 51.4562726, -0.4493903 51.4563329, -0.4491957 51.4563897, -0.4470581 51.4570895, -0.4469461 51.4571274, -0.4468627 51.4571696, -0.4467847 51.4572149, -0.4467232 51.4572596, -0.4466583 51.4573244, -0.4466109 51.4573951, -0.4465778 51.4574702, -0.4465566 51.4575518, -0.4465601 51.457627, -0.4465804 51.4577038, -0.4466325 51.4577781, -0.4467407 51.4578637, -0.4468466 51.4579347, -0.4475326 51.458326, -0.4475476 51.4583555, -0.4477043 51.458442, -0.4477723 51.4584824, -0.4478326 51.4585367, -0.4478623 51.4585949, -0.4478706 51.4586534, -0.4478584 51.4587027, -0.4478336 51.4587471, -0.4477904 51.4587871, -0.4477586 51.4588073, -0.4457043 51.4602471, -0.4446835 51.4596914, -0.4439901 51.4595053, -0.4431795 51.4593795, -0.4422861 51.4593888, -0.4416308 51.4597781, -0.4419691 51.4600025, -0.4412396 51.4611148, -0.440974 51.4610466, -0.4410322 51.460896, -0.4410293 51.4603958, -0.4409901 51.4603382, -0.4409365 51.4603103, -0.4394256 51.4603412, -0.4394291 51.4607252, -0.4387183 51.4607242, -0.4384635 51.4604779, -0.4371304 51.4610389, -0.4369856 51.4609013, -0.4338259 51.4622271, -0.4338119 51.4622504, -0.4339713 51.4624085, -0.4338186 51.4624752, -0.4337105 51.4625244, -0.4334209 51.4623339, -0.4285517 51.4643896, -0.4284216 51.4644511, -0.4283405 51.464491, -0.4283192 51.4644949, -0.4282996 51.4644972, -0.427377 51.4648886, -0.4273439 51.4649075, -0.4272072 51.464975, -0.4272585 51.4650356, -0.427289 51.4650576, -0.4273084 51.4650699, -0.4273326 51.4650805, -0.4273369 51.4655827, -0.4273555 51.4656158, -0.4273709 51.4656219, -0.4284513 51.4656154, -0.4287296 51.4657879, -0.4287309 51.4658745, -0.428775 51.4658939, -0.4293474 51.4658791, -0.42948 51.4659445, -0.4294936 51.4665592, -0.4291667 51.4667205, -0.4293167 51.4667739, -0.4296453 51.466867, -0.4300367 51.4669387, -0.4304782 51.4669927, -0.4309444 51.4669218, -0.4312176 51.4667775, -0.4312965 51.4668328, -0.4329556 51.4665779, -0.4330396 51.466549, -0.4331323 51.4667666, -0.4328714 51.4668346, -0.4331136 51.4672507, -0.4308623 51.4677076, -0.4306216 51.4675842, -0.4303466 51.4672195, -0.4302296 51.4671602, -0.4300586 51.4671508, -0.4296293 51.4672175, -0.4284886 51.467402, -0.4284601 51.4674374, -0.4278844 51.4676057, -0.4269661 51.4678334, -0.4271251 51.4681502, -0.4260581 51.4684108, -0.4242137 51.4688613, -0.4244278 51.4691984, -0.4244362 51.4692192, -0.4244811 51.4693489, -0.4244926 51.4693663, -0.4245915 51.4695022, -0.4246068 51.4695241, -0.4246634 51.4696896, -0.4246742 51.4697108, -0.4254173 51.4708303, -0.4257132 51.471178, -0.425968 51.4713157, -0.4262748 51.4714677, -0.4292786 51.4714604, -0.431169 51.4714356, -0.4316162 51.4713848, -0.4317584 51.4714533, -0.432064 51.4715801, -0.4331303 51.4717832, -0.433541 51.4718125, -0.4338214 51.4718825, -0.4340525 51.4719543, -0.4339163 51.4720545, -0.4338086 51.472003, -0.4336844 51.4719212, -0.4334871 51.47188, -0.4333225 51.4719743, -0.4332783 51.4719475, -0.4331613 51.4718841, -0.4325664 51.4717691, -0.4325289 51.4717828, -0.431967 51.4716803, -0.4317281 51.4715522, -0.4314907 51.4717075, -0.4312268 51.4715701, -0.4311703 51.4715486, -0.4310944 51.4715406, -0.4295029 51.4715468, -0.4293822 51.4715596, -0.4292962 51.4715761, -0.4292357 51.4715908, -0.4289569 51.471799, -0.428916 51.4718612, -0.4289207 51.4719195, -0.428967 51.4719524, -0.4290232 51.4719657, -0.429128 51.4719777, -0.4291895 51.4719764, -0.4292478 51.4719593, -0.4294077 51.4718488, -0.4295737 51.4719304, -0.4294047 51.4720573, -0.4296669 51.4721999, -0.4299363 51.4720005, -0.4302699 51.4721706, -0.4295242 51.472673, -0.4295752 51.4728861, -0.4295319 51.4729154, -0.4294737 51.4729176, -0.4294382 51.4729693, -0.4292977 51.4730115, -0.4293098 51.473306, -0.4295115 51.4733335, -0.4295294 51.4736324, -0.4280941 51.4739145, -0.4276363 51.4733761, -0.4276437 51.4732127, -0.4273789 51.4732098, -0.4273013 51.4732656, -0.4271621 51.4732685, -0.4270188 51.473266, -0.4270198 51.4737246, -0.4269497 51.4737256, -0.4268588 51.4737263, -0.4242634 51.4737415, -0.4217144 51.4737377, -0.4215455 51.4737433, -0.4215537 51.4733995, -0.4217465 51.4732175, -0.4217335 51.4726215, -0.4217146 51.4720708, -0.4214025 51.4719338, -0.4185553 51.473431, -0.4165917 51.4719804, -0.4182227 51.4711238, -0.4184029 51.4712569, -0.4185919 51.4713858, -0.4186039 51.4713947, -0.4198521 51.4707176, -0.4201097 51.4706002, -0.4189162 51.469667, -0.4179662 51.4701294, -0.4165606 51.4708708, -0.4154346 51.471473, -0.4153512 51.4715423, -0.4152775 51.4716241, -0.415227 51.4717104, -0.4151764 51.4718317, -0.4151697 51.4719606, -0.4151985 51.4720898, -0.4155042 51.4724018, -0.4157781 51.4726431, -0.4158855 51.4727046, -0.4160487 51.4728273, -0.416153 51.4729167, -0.41777 51.4741238, -0.4177945 51.474179, -0.4178163 51.4742291, -0.4177939 51.4742331, -0.4177198 51.4743037, -0.4181367 51.4749647, -0.4185638 51.4753803, -0.4189731 51.4754856, -0.4195604 51.4756242, -0.4204293 51.47575, -0.4211843 51.4758166, -0.4220054 51.4758176, -0.4223263 51.4755237, -0.4231788 51.4754748, -0.4235472 51.4754642, -0.426585 51.4755352, -0.4267433 51.4755348, -0.4268747 51.4755319, -0.4268684 51.4756398, -0.4268309 51.4757834, -0.4267933 51.4759315, -0.4270371 51.47608, -0.4271383 51.4762047, -0.4271398 51.4762656, -0.4270059 51.4763846, -0.4269176 51.476463, -0.426837 51.4765425, -0.4267694 51.4766427, -0.4267313 51.4768623, -0.4268476 51.4769717, -0.4268467 51.476996, -0.4268475 51.4770166, -0.4268473 51.4770462, -0.4267094 51.4771155, -0.4267116 51.4776028, -0.426714 51.4785595, -0.4267959 51.4787102, -0.4268767 51.478829, -0.4269702 51.4789427, -0.4270885 51.4790443, -0.4271885 51.4791052, -0.4272906 51.479156, -0.4274065 51.4791958, -0.4275856 51.4792566, -0.4277328 51.4792893, -0.4278922 51.4793156, -0.4280763 51.4793378, -0.4295263 51.4793015, -0.4317928 51.4793148, -0.4329769 51.4793006, -0.4333725 51.4793146, -0.4341696 51.4793858, -0.4347501 51.4794056, -0.4368437 51.4793962, -0.438442 51.47938, -0.4392869 51.4793399, -0.4402317 51.479337, -0.4442704 51.4793249, -0.4443482 51.479375, -0.4463974 51.4793499, -0.4477149 51.4793452, -0.4477422 51.4793012, -0.4479407 51.4793045, -0.4479451 51.479215, -0.4484864 51.4792103, -0.4484954 51.4792921, -0.4504443 51.479279, -0.4504424 51.4791177, -0.4507287 51.4791145, -0.4507316 51.4791446, -0.4515091 51.4791354, -0.4520596 51.4791329, -0.4551256 51.4791152, -0.4632283 51.4790707))",Number of parked airplanes, Time series of airport throughput at London Heathrow Airport,BLUE,Aerospacelab SPRL,UK4,Archived
"51.469716296645025,-0.4580423952680147",GB,,London,London Heathrow Airport,Airports: Throughput (archived),Count of airplanes on Sentinel-2 image,Sentinel-2,Sentinel 2 L2A,E13b2,2020-05-28T10:56:19,100.8130081,Average value for 2019,2019,100,"X in [75.51444612631151, 124.48555387368849] --> Normal, X < 75.51444612631151 --> Low, X > 124.48555387368849 --> High",Normal,"POLYGON ((-0.4632283 51.4790707, -0.4648151 51.4790748, -0.4698495 51.4790654, -0.4736995 51.4790582, -0.4756088 51.4790506, -0.4803432 51.4790318, -0.4803558 51.4793115, -0.4816198 51.479302, -0.4817594 51.4793661, -0.4818344 51.4793374, -0.4820453 51.4793796, -0.4824422 51.4792848, -0.4826323 51.4792568, -0.4830028 51.4792298, -0.4851051 51.4792045, -0.4864998 51.479176, -0.4874922 51.4791148, -0.4885268 51.4790295, -0.4885187 51.4789477, -0.4892966 51.4789279, -0.4902005 51.4788384, -0.4915424 51.4786721, -0.4917784 51.4786302, -0.4919385 51.4784742, -0.4924133 51.4784481, -0.492735 51.4783906, -0.4928879 51.4782661, -0.4931005 51.4783311, -0.4934026 51.4782829, -0.493855 51.4780416, -0.4940382 51.477837, -0.4941992 51.4775937, -0.4942726 51.477343, -0.4942667 51.4772231, -0.4943776 51.4766569, -0.4941288 51.47665, -0.4942763 51.4760271, -0.4934992 51.4757515, -0.4929308 51.475783, -0.4925285 51.475775, -0.4922523 51.4757424, -0.4917347 51.475632, -0.4912787 51.4751449, -0.4907637 51.4748972, -0.4903086 51.4745348, -0.4906162 51.4743766, -0.4894548 51.4734038, -0.4894552 51.4733222, -0.4894639 51.4700991, -0.489611 51.4697169, -0.4896239 51.4695947, -0.4900181 51.4695328, -0.4902451 51.4694718, -0.4904284 51.4693966, -0.4905935 51.4692704, -0.4907018 51.4691614, -0.4907914 51.4690355, -0.4908439 51.4689129, -0.4908768 51.4688305, -0.490881 51.4687111, -0.4908643 51.4686177, -0.4908497 51.4685632, -0.4908247 51.4685036, -0.4907831 51.468427, -0.4907143 51.4683414, -0.4908914 51.468283, -0.4909226 51.4682635, -0.4909497 51.4682298, -0.4909422 51.4675659, -0.4910038 51.4673682, -0.4910163 51.4673099, -0.4910211 51.4668405, -0.4909167 51.4667808, -0.4907067 51.4667447, -0.4905058 51.4667486, -0.4905118 51.4665757, -0.4900501 51.4665618, -0.4900503 51.4664689, -0.4900514 51.4664197, -0.490053 51.4663757, -0.4900499 51.4663266, -0.49005 51.4662699, -0.4899774 51.4662697, -0.4899804 51.4660468, -0.4900619 51.4660455, -0.4900611 51.4659661, -0.4900637 51.4659125, -0.4900691 51.4658496, -0.4900607 51.4657691, -0.4900622 51.4657325, -0.4902638 51.465735, -0.4903449 51.4656459, -0.4903446 51.465634, -0.4903436 51.4655931, -0.4903433 51.4655819, -0.490968 51.465499, -0.4914683 51.465495, -0.4915883 51.4652081, -0.4916035 51.4651762, -0.491618 51.4651458, -0.4916885 51.4649199, -0.4917332 51.4647155, -0.4917284 51.4645847, -0.4917072 51.4644562, -0.4916611 51.4643364, -0.491588 51.4642458, -0.4914651 51.4640903, -0.4913239 51.4639673, -0.4911451 51.4638653, -0.4909712 51.4637946, -0.4906311 51.4636682, -0.4903119 51.463619, -0.4898794 51.4635839, -0.4896326 51.4635673, -0.4886825 51.4635492, -0.4882131 51.4635403, -0.4882721 51.463425, -0.4882667 51.4634099, -0.4882828 51.4633932, -0.4882882 51.4633832, -0.4882882 51.4633681, -0.4882748 51.4633581, -0.4882587 51.4633514, -0.4882453 51.4633448, -0.4882345 51.4633347, -0.4882372 51.4633197, -0.4882479 51.463308, -0.4882533 51.4632913, -0.4882453 51.4632762, -0.4882184 51.4632679, -0.4881997 51.4632612, -0.4881916 51.4632428, -0.4881916 51.4632311, -0.4882023 51.4632161, -0.488205 51.4632027, -0.488197 51.4631927, -0.4881782 51.4631827, -0.4881541 51.4631776, -0.4881407 51.4631659, -0.4881407 51.4631526, -0.4881487 51.4631426, -0.4881567 51.4631275, -0.4881514 51.4631125, -0.4881407 51.4631008, -0.4881165 51.4630958, -0.4881004 51.4630857, -0.4880843 51.4630774, -0.488087 51.463059, -0.4880951 51.4630456, -0.4880951 51.4630339, -0.488079 51.4630172, -0.4880521 51.4630156, -0.4880307 51.4630055, -0.48802 51.4629955, -0.4880226 51.4629788, -0.488028 51.4629621, -0.488028 51.4629454, -0.4880012 51.4629353, -0.4879717 51.462932, -0.4879609 51.462922, -0.4879502 51.4629103, -0.4879556 51.4628936, -0.4879556 51.4628752, -0.4879449 51.4628618, -0.4879261 51.4628568, -0.4878912 51.4628484, -0.4878805 51.4628418, -0.4878751 51.4628284, -0.4878805 51.46282, -0.4878858 51.4628067, -0.4878698 51.46279, -0.487851 51.4627816, -0.4878215 51.4627749, -0.4878 51.4627682, -0.487792 51.4627565, -0.487792 51.4627415, -0.487792 51.4627248, -0.4877812 51.4627097, -0.4877437 51.4627031, -0.4877222 51.4626997, -0.4877035 51.462688, -0.4877061 51.4626713, -0.4877061 51.4626579, -0.4876954 51.4626446, -0.487682 51.4626362, -0.4876471 51.4626329, -0.4876284 51.4626262, -0.4876123 51.4626145, -0.4876123 51.4626011, -0.4876096 51.4625844, -0.4875988 51.4625727, -0.4875667 51.4625644, -0.4875372 51.4625644, -0.4875157 51.4625527, -0.4875157 51.4625393, -0.487513 51.4625209, -0.4875023 51.4625092, -0.4874835 51.4625042, -0.4874433 51.4624975, -0.4874218 51.4624925, -0.4874084 51.4624775, -0.4874084 51.4624608, -0.4873977 51.4624491, -0.4873789 51.4624407, -0.4873521 51.4624357, -0.4873306 51.4624357, -0.4873119 51.462429, -0.4872984 51.462419, -0.4872931 51.4624023, -0.4872958 51.4623889, -0.4872743 51.4623789, -0.4872475 51.4623739, -0.4872153 51.4623755, -0.4871912 51.4623672, -0.4871831 51.4623505, -0.4871777 51.4623321, -0.487159 51.4623204, -0.4871321 51.462317, -0.487108 51.4623221, -0.4870839 51.4623137, -0.4870651 51.462302, -0.4870597 51.4622903, -0.487057 51.4622803, -0.4870383 51.4622702, -0.4870249 51.4622669, -0.486998 51.4622719, -0.4869658 51.4622669, -0.4869444 51.4622569, -0.4869363 51.4622435, -0.4861826 51.4620167, -0.4854289 51.4619548, -0.4836989 51.4619695, -0.4834119 51.4619561, -0.4830203 51.4620246, -0.4829881 51.4620731, -0.4798043 51.4620864, -0.4788066 51.4620898, -0.4786617 51.4620998, -0.4784981 51.4621315, -0.4783962 51.4621583, -0.4776452 51.462429, -0.4765911 51.4628, -0.4765723 51.4627833, -0.4765025 51.4628067, -0.4751349 51.4628356, -0.4744651 51.4628445, -0.4744308 51.4602907, -0.4747394 51.4602951, -0.474755 51.4601498, -0.4735156 51.4593437, -0.4733386 51.4591853, -0.4728256 51.4590069, -0.4704578 51.4586376, -0.468285 51.4584467, -0.4657812 51.4581615, -0.4635134 51.4579486, -0.4616879 51.4578662, -0.4615119 51.4594899, -0.4623352 51.4594933, -0.4623426 51.4605994, -0.4607182 51.4605919, -0.4607229 51.4606719, -0.4605361 51.4606749, -0.4604562 51.460715, -0.4603537 51.4607574, -0.4602273 51.4607948, -0.4600627 51.4608201, -0.4587719 51.460827, -0.458687 51.4608094, -0.4585975 51.4607692, -0.4585372 51.4607178, -0.4584933 51.46066, -0.458387 51.4606084, -0.4586252 51.4604566, -0.4591371 51.4601825, -0.4594243 51.4600219, -0.4594518 51.4598293, -0.4589279 51.4595786, -0.4588352 51.4593122, -0.4588633 51.4590505, -0.4588139 51.4587675, -0.4586916 51.4585131, -0.4585341 51.4582978, -0.4582928 51.4580633, -0.4583383 51.4580391, -0.459145 51.4581197, -0.4592768 51.4576265, -0.4591848 51.4575924, -0.4573833 51.4573253, -0.4573601 51.4573744, -0.4569694 51.4574971, -0.4562052 51.4573199, -0.456151 51.4574362, -0.4560266 51.4574704, -0.4560404 51.4575269, -0.4559387 51.4575559, -0.4557819 51.4575502, -0.455548 51.4574862, -0.4552126 51.4572732, -0.4550737 51.4572714, -0.4549458 51.4572578, -0.454917 51.4573214, -0.4546438 51.4572382, -0.453749 51.4567926, -0.4528967 51.4564021, -0.4526477 51.4562966, -0.4523666 51.4562127, -0.4521119 51.4561575, -0.4517684 51.4561116, -0.4515579 51.4560999, -0.4513087 51.4560987, -0.4510267 51.4561174, -0.4499862 51.4562186, -0.4496392 51.4562726, -0.4493903 51.4563329, -0.4491957 51.4563897, -0.4470581 51.4570895, -0.4469461 51.4571274, -0.4468627 51.4571696, -0.4467847 51.4572149, -0.4467232 51.4572596, -0.4466583 51.4573244, -0.4466109 51.4573951, -0.4465778 51.4574702, -0.4465566 51.4575518, -0.4465601 51.457627, -0.4465804 51.4577038, -0.4466325 51.4577781, -0.4467407 51.4578637, -0.4468466 51.4579347, -0.4475326 51.458326, -0.4475476 51.4583555, -0.4477043 51.458442, -0.4477723 51.4584824, -0.4478326 51.4585367, -0.4478623 51.4585949, -0.4478706 51.4586534, -0.4478584 51.4587027, -0.4478336 51.4587471, -0.4477904 51.4587871, -0.4477586 51.4588073, -0.4457043 51.4602471, -0.4446835 51.4596914, -0.4439901 51.4595053, -0.4431795 51.4593795, -0.4422861 51.4593888, -0.4416308 51.4597781, -0.4419691 51.4600025, -0.4412396 51.4611148, -0.440974 51.4610466, -0.4410322 51.460896, -0.4410293 51.4603958, -0.4409901 51.4603382, -0.4409365 51.4603103, -0.4394256 51.4603412, -0.4394291 51.4607252, -0.4387183 51.4607242, -0.4384635 51.4604779, -0.4371304 51.4610389, -0.4369856 51.4609013, -0.4338259 51.4622271, -0.4338119 51.4622504, -0.4339713 51.4624085, -0.4338186 51.4624752, -0.4337105 51.4625244, -0.4334209 51.4623339, -0.4285517 51.4643896, -0.4284216 51.4644511, -0.4283405 51.464491, -0.4283192 51.4644949, -0.4282996 51.4644972, -0.427377 51.4648886, -0.4273439 51.4649075, -0.4272072 51.464975, -0.4272585 51.4650356, -0.427289 51.4650576, -0.4273084 51.4650699, -0.4273326 51.4650805, -0.4273369 51.4655827, -0.4273555 51.4656158, -0.4273709 51.4656219, -0.4284513 51.4656154, -0.4287296 51.4657879, -0.4287309 51.4658745, -0.428775 51.4658939, -0.4293474 51.4658791, -0.42948 51.4659445, -0.4294936 51.4665592, -0.4291667 51.4667205, -0.4293167 51.4667739, -0.4296453 51.466867, -0.4300367 51.4669387, -0.4304782 51.4669927, -0.4309444 51.4669218, -0.4312176 51.4667775, -0.4312965 51.4668328, -0.4329556 51.4665779, -0.4330396 51.466549, -0.4331323 51.4667666, -0.4328714 51.4668346, -0.4331136 51.4672507, -0.4308623 51.4677076, -0.4306216 51.4675842, -0.4303466 51.4672195, -0.4302296 51.4671602, -0.4300586 51.4671508, -0.4296293 51.4672175, -0.4284886 51.467402, -0.4284601 51.4674374, -0.4278844 51.4676057, -0.4269661 51.4678334, -0.4271251 51.4681502, -0.4260581 51.4684108, -0.4242137 51.4688613, -0.4244278 51.4691984, -0.4244362 51.4692192, -0.4244811 51.4693489, -0.4244926 51.4693663, -0.4245915 51.4695022, -0.4246068 51.4695241, -0.4246634 51.4696896, -0.4246742 51.4697108, -0.4254173 51.4708303, -0.4257132 51.471178, -0.425968 51.4713157, -0.4262748 51.4714677, -0.4292786 51.4714604, -0.431169 51.4714356, -0.4316162 51.4713848, -0.4317584 51.4714533, -0.432064 51.4715801, -0.4331303 51.4717832, -0.433541 51.4718125, -0.4338214 51.4718825, -0.4340525 51.4719543, -0.4339163 51.4720545, -0.4338086 51.472003, -0.4336844 51.4719212, -0.4334871 51.47188, -0.4333225 51.4719743, -0.4332783 51.4719475, -0.4331613 51.4718841, -0.4325664 51.4717691, -0.4325289 51.4717828, -0.431967 51.4716803, -0.4317281 51.4715522, -0.4314907 51.4717075, -0.4312268 51.4715701, -0.4311703 51.4715486, -0.4310944 51.4715406, -0.4295029 51.4715468, -0.4293822 51.4715596, -0.4292962 51.4715761, -0.4292357 51.4715908, -0.4289569 51.471799, -0.428916 51.4718612, -0.4289207 51.4719195, -0.428967 51.4719524, -0.4290232 51.4719657, -0.429128 51.4719777, -0.4291895 51.4719764, -0.4292478 51.4719593, -0.4294077 51.4718488, -0.4295737 51.4719304, -0.4294047 51.4720573, -0.4296669 51.4721999, -0.4299363 51.4720005, -0.4302699 51.4721706, -0.4295242 51.472673, -0.4295752 51.4728861, -0.4295319 51.4729154, -0.4294737 51.4729176, -0.4294382 51.4729693, -0.4292977 51.4730115, -0.4293098 51.473306, -0.4295115 51.4733335, -0.4295294 51.4736324, -0.4280941 51.4739145, -0.4276363 51.4733761, -0.4276437 51.4732127, -0.4273789 51.4732098, -0.4273013 51.4732656, -0.4271621 51.4732685, -0.4270188 51.473266, -0.4270198 51.4737246, -0.4269497 51.4737256, -0.4268588 51.4737263, -0.4242634 51.4737415, -0.4217144 51.4737377, -0.4215455 51.4737433, -0.4215537 51.4733995, -0.4217465 51.4732175, -0.4217335 51.4726215, -0.4217146 51.4720708, -0.4214025 51.4719338, -0.4185553 51.473431, -0.4165917 51.4719804, -0.4182227 51.4711238, -0.4184029 51.4712569, -0.4185919 51.4713858, -0.4186039 51.4713947, -0.4198521 51.4707176, -0.4201097 51.4706002, -0.4189162 51.469667, -0.4179662 51.4701294, -0.4165606 51.4708708, -0.4154346 51.471473, -0.4153512 51.4715423, -0.4152775 51.4716241, -0.415227 51.4717104, -0.4151764 51.4718317, -0.4151697 51.4719606, -0.4151985 51.4720898, -0.4155042 51.4724018, -0.4157781 51.4726431, -0.4158855 51.4727046, -0.4160487 51.4728273, -0.416153 51.4729167, -0.41777 51.4741238, -0.4177945 51.474179, -0.4178163 51.4742291, -0.4177939 51.4742331, -0.4177198 51.4743037, -0.4181367 51.4749647, -0.4185638 51.4753803, -0.4189731 51.4754856, -0.4195604 51.4756242, -0.4204293 51.47575, -0.4211843 51.4758166, -0.4220054 51.4758176, -0.4223263 51.4755237, -0.4231788 51.4754748, -0.4235472 51.4754642, -0.426585 51.4755352, -0.4267433 51.4755348, -0.4268747 51.4755319, -0.4268684 51.4756398, -0.4268309 51.4757834, -0.4267933 51.4759315, -0.4270371 51.47608, -0.4271383 51.4762047, -0.4271398 51.4762656, -0.4270059 51.4763846, -0.4269176 51.476463, -0.426837 51.4765425, -0.4267694 51.4766427, -0.4267313 51.4768623, -0.4268476 51.4769717, -0.4268467 51.476996, -0.4268475 51.4770166, -0.4268473 51.4770462, -0.4267094 51.4771155, -0.4267116 51.4776028, -0.426714 51.4785595, -0.4267959 51.4787102, -0.4268767 51.478829, -0.4269702 51.4789427, -0.4270885 51.4790443, -0.4271885 51.4791052, -0.4272906 51.479156, -0.4274065 51.4791958, -0.4275856 51.4792566, -0.4277328 51.4792893, -0.4278922 51.4793156, -0.4280763 51.4793378, -0.4295263 51.4793015, -0.4317928 51.4793148, -0.4329769 51.4793006, -0.4333725 51.4793146, -0.4341696 51.4793858, -0.4347501 51.4794056, -0.4368437 51.4793962, -0.438442 51.47938, -0.4392869 51.4793399, -0.4402317 51.479337, -0.4442704 51.4793249, -0.4443482 51.479375, -0.4463974 51.4793499, -0.4477149 51.4793452, -0.4477422 51.4793012, -0.4479407 51.4793045, -0.4479451 51.479215, -0.4484864 51.4792103, -0.4484954 51.4792921, -0.4504443 51.479279, -0.4504424 51.4791177, -0.4507287 51.4791145, -0.4507316 51.4791446, -0.4515091 51.4791354, -0.4520596 51.4791329, -0.4551256 51.4791152, -0.4632283 51.4790707))",Number of parked airplanes, Time series of airport throughput at London Heathrow Airport,BLUE,Aerospacelab SPRL,UK4,Archived
"51.153047759076,-0.18539507371961392",GB,,London,London Gatwick Airport,Airports: Throughput (archived),Count of airplanes on Sentinel-2 image,Sentinel-2,Sentinel 2 L2A,E13b2,2019-09-14T11:06:49,107.1428571,Average value for 2019,2019,100,"X in [92.47453303367662, 107.52546696632339] --> Normal, X < 92.47453303367662 --> Low, X > 107.52546696632339 --> High",Normal,"POLYGON ((-0.1829053 51.1638272, -0.1840378 51.1636708, -0.1845043 51.1635625, -0.1847795 51.1633589, -0.1850788 51.1629977, -0.1853111 51.1627173, -0.1854549 51.1625478, -0.1855991 51.162383, -0.1857488 51.1622034, -0.1862694 51.161903, -0.1868156 51.1615879, -0.187521 51.161181, -0.1878946 51.1609654, -0.1880941 51.16081, -0.1881612 51.1607006, -0.1882095 51.1605408, -0.1884395 51.1604132, -0.1885012 51.1604032, -0.188579 51.1604048, -0.1888499 51.1604267, -0.1888982 51.160457, -0.188933 51.1605108, -0.1889706 51.1606168, -0.1889679 51.1606958, -0.1889572 51.1607244, -0.1888563 51.1609042, -0.1887989 51.1610064, -0.189133 51.1610064, -0.1897949 51.1610157, -0.1898196 51.1610199, -0.1902425 51.1610102, -0.1906994 51.1609997, -0.1910534 51.1610872, -0.1911929 51.1609257, -0.1919187 51.1611346, -0.1925413 51.1613138, -0.1934934 51.1614201, -0.1938662 51.1614657, -0.1939492 51.1614744, -0.1940268 51.1614729, -0.1940988 51.1614698, -0.1941654 51.1614634, -0.194229 51.1614505, -0.1943263 51.1614207, -0.194437 51.1613741, -0.1945073 51.1613356, -0.1945749 51.161287, -0.1946409 51.1612252, -0.1946853 51.1611667, -0.1949747 51.1601824, -0.1951443 51.1595426, -0.1952319 51.1592098, -0.1952852 51.1590076, -0.1954974 51.1587711, -0.195648 51.1588522, -0.1959671 51.1586789, -0.1963212 51.1585343, -0.1965358 51.1584687, -0.196753 51.1584182, -0.1969166 51.1583795, -0.1971044 51.1583475, -0.1973646 51.1583206, -0.1978474 51.1582483, -0.1983731 51.1581575, -0.1985447 51.1581087, -0.19888 51.1580431, -0.1989927 51.1580212, -0.1990678 51.1579892, -0.1993574 51.1578109, -0.1996391 51.1575687, -0.1999556 51.1573332, -0.2002399 51.1571128, -0.2002989 51.1571061, -0.2005296 51.1569412, -0.2005618 51.1568975, -0.2009909 51.1565593, -0.2013959 51.1562262, -0.2015032 51.1561344, -0.2020209 51.1556913, -0.2020665 51.1553515, -0.2020236 51.1549881, -0.2020128 51.1548064, -0.2020262 51.1547256, -0.2021228 51.1544716, -0.2022194 51.1543034, -0.2025681 51.1541301, -0.2025305 51.1539147, -0.2015785 51.1540073, -0.2007656 51.1540863, -0.1992314 51.1542916, -0.1982282 51.1546045, -0.1981746 51.1544127, -0.1985233 51.1542344, -0.1986735 51.1541267, -0.1989001 51.154019, -0.1996337 51.1537499, -0.2000521 51.1535345, -0.2008055 51.1531104, -0.2010009 51.1530253, -0.2012734 51.1529833, -0.2021295 51.1528515, -0.2022844 51.1527896, -0.2023711 51.1517144, -0.2023842 51.1515519, -0.202381 51.1514807, -0.202904 51.1514672, -0.2029872 51.1514807, -0.2031535 51.1515556, -0.2032447 51.1516136, -0.203352 51.1516557, -0.2035102 51.1516817, -0.2036416 51.1516843, -0.2038079 51.1516691, -0.2038135 51.1512229, -0.2038205 51.1506659, -0.2038199 51.1504834, -0.20383 51.1501259, -0.2038354 51.1499341, -0.2038408 51.1498668, -0.2038354 51.1497692, -0.2037997 51.1497322, -0.2037707 51.1497021, -0.2053106 51.1494664, -0.2055306 51.1496514, -0.2060306 51.1498427, -0.2066102 51.1500645, -0.2074856 51.1503129, -0.2075602 51.1503313, -0.2079888 51.1504044, -0.2080317 51.1502092, -0.2090081 51.1502765, -0.2092602 51.1502765, -0.2096679 51.1502765, -0.2110465 51.1503303, -0.2112583 51.1503363, -0.2115733 51.1503451, -0.2124203 51.150369, -0.2132586 51.1503926, -0.2137593 51.1503373, -0.2138811 51.1503238, -0.2142446 51.1502837, -0.2142185 51.1500725, -0.2141705 51.1496725, -0.2141396 51.1493192, -0.2141153 51.1490405, -0.2141279 51.1488651, -0.2141293 51.1488458, -0.2141598 51.1484207, -0.2142196 51.1483955, -0.2142304 51.1483936, -0.2144637 51.1483517, -0.2144369 51.1482709, -0.2144523 51.1482692, -0.2148338 51.1482272, -0.2148456 51.1482232, -0.215145 51.1481229, -0.2151533 51.1481169, -0.2154936 51.1478705, -0.2154925 51.1478615, -0.2153434 51.1466624, -0.2152308 51.1457268, -0.2152294 51.1457172, -0.2151557 51.1452186, -0.2151518 51.1452034, -0.2150371 51.1447522, -0.2150162 51.1446701, -0.214977 51.1445834, -0.2148338 51.1442662, -0.2147769 51.1441909, -0.2144422 51.143748, -0.2143246 51.1436186, -0.2140591 51.1436573, -0.2139183 51.1436742, -0.2130382 51.1437114, -0.2122647 51.143744, -0.2108978 51.1438017, -0.2096823 51.1438458, -0.2084435 51.1438818, -0.2084358 51.1439165, -0.2083788 51.1439127, -0.2083319 51.1439096, -0.2082512 51.1439043, -0.2082209 51.1439023, -0.2081696 51.1438989, -0.2081057 51.1438947, -0.2078175 51.1438756, -0.2074514 51.1438515, -0.206756 51.1438056, -0.2065129 51.1437895, -0.2063818 51.1437809, -0.2059614 51.1437531, -0.2053617 51.1437135, -0.2048131 51.1436773, -0.2040435 51.1437722, -0.2031933 51.143877, -0.2026901 51.143939, -0.2020309 51.1440203, -0.2017429 51.1440558, -0.2009145 51.1441579, -0.2004402 51.1442164, -0.2001639 51.1442551, -0.2000646 51.1442686, -0.2000968 51.1441727, -0.2001129 51.1440986, -0.2001102 51.144033, -0.2000915 51.1439758, -0.2000298 51.1438849, -0.1999869 51.1438193, -0.1999573 51.143774, -0.1999315 51.1437345, -0.1996686 51.1438119, -0.1996203 51.143758, -0.1983758 51.1440071, -0.1983969 51.1440701, -0.1987128 51.1450111, -0.198539 51.1451043, -0.1984687 51.1451575, -0.1984908 51.1452267, -0.1984914 51.145254, -0.1984542 51.1452625, -0.1984723 51.145333, -0.1984348 51.1454088, -0.198298 51.1454727, -0.1981505 51.1454609, -0.1980217 51.1453869, -0.194213 51.145922, -0.1941218 51.1458883, -0.1940216 51.1459012, -0.1939501 51.1459153, -0.1939233 51.145959, -0.1864829 51.1469787, -0.183291 51.147433, -0.1828941 51.1474599, -0.1824274 51.1474902, -0.1820732 51.147487, -0.1819839 51.1474862, -0.1819228 51.1474836, -0.1818158 51.1474767, -0.1801099 51.1473791, -0.178109 51.1470965, -0.1778193 51.1470157, -0.1774009 51.1467869, -0.1768541 51.1464754, -0.1767684 51.1464265, -0.1764085 51.1462215, -0.1761939 51.1461811, -0.1760779 51.1462131, -0.1759894 51.1464033, -0.1763049 51.146528, -0.1765211 51.146622, -0.17654 51.1466326, -0.1777862 51.1473348, -0.1776307 51.1475502, -0.1764918 51.1475632, -0.1764612 51.1475636, -0.1764205 51.1475633, -0.1763191 51.147567, -0.1759999 51.1475771, -0.175324 51.1475468, -0.1752324 51.1466482, -0.1750985 51.1466558, -0.174972 51.146663, -0.1741626 51.1467141, -0.1741286 51.1467162, -0.1739516 51.1465675, -0.1738792 51.1465692, -0.1738094 51.1465742, -0.1737692 51.146273, -0.1737156 51.1462619, -0.1737034 51.1462076, -0.1736988 51.1461101, -0.1736853 51.1460495, -0.1735625 51.1460564, -0.1734761 51.1460613, -0.1728358 51.1460997, -0.172809 51.1461199, -0.1728063 51.1461502, -0.1727392 51.1461553, -0.1727097 51.1461754, -0.1727124 51.1462108, -0.1718239 51.1462598, -0.1718266 51.1463053, -0.1717725 51.1463056, -0.171561 51.1462346, -0.1715047 51.1462682, -0.1714203 51.146278, -0.170513 51.146383, -0.1703072 51.1463646, -0.1703206 51.1464128, -0.1703574 51.1465446, -0.1701224 51.1465676, -0.1700795 51.1465718, -0.1700151 51.1465769, -0.1699658 51.1464234, -0.1686355 51.1465715, -0.1685657 51.1466085, -0.1685657 51.146733, -0.1681396 51.1467569, -0.1679069 51.1467693, -0.1679021 51.1467433, -0.1678908 51.1466835, -0.1678382 51.146686, -0.1677835 51.1466886, -0.1676575 51.146697, -0.1674456 51.1466633, -0.1669011 51.1467761, -0.166436 51.1468441, -0.1661924 51.1468544, -0.1660234 51.1468595, -0.1658625 51.146846, -0.1657954 51.1468309, -0.1656854 51.1467938, -0.1655969 51.1467535, -0.1655513 51.1467215, -0.1654977 51.1466727, -0.1652724 51.1466996, -0.165031 51.146745, -0.1646796 51.1468628, -0.1644302 51.1469571, -0.1641163 51.1471169, -0.1640807 51.1471374, -0.1639259 51.1472263, -0.1638374 51.1472818, -0.1637703 51.1473155, -0.1637232 51.147348, -0.1636928 51.147369, -0.1635297 51.1474816, -0.1632025 51.1477895, -0.1630577 51.1479409, -0.1629611 51.1480621, -0.1627418 51.1483662, -0.1626587 51.1485058, -0.162618 51.1485971, -0.1625568 51.1487347, -0.1624682 51.1489467, -0.1624253 51.1490678, -0.1624012 51.1491906, -0.1623839 51.149306, -0.1623604 51.149462, -0.1623455 51.1495613, -0.1623288 51.1496725, -0.1622586 51.1503043, -0.1622376 51.1504936, -0.1622098 51.1509053, -0.1622001 51.1510488, -0.1621915 51.1514758, -0.1621786 51.1521121, -0.162143 51.1526483, -0.162125 51.1529197, -0.1621124 51.1531314, -0.1620928 51.1534614, -0.1620552 51.1541814, -0.1620767 51.1550394, -0.1621143 51.1551688, -0.1617469 51.1552171, -0.161261 51.1552811, -0.161343 51.1555573, -0.1612685 51.1555672, -0.1613508 51.1557906, -0.1613648 51.1558311, -0.1613824 51.1558741, -0.1614812 51.1561767, -0.1614883 51.1562076, -0.1614979 51.1562364, -0.1615051 51.1562587, -0.1615953 51.1565567, -0.161615 51.1566108, -0.1616299 51.156648, -0.1614662 51.1566738, -0.1613671 51.1566895, -0.1614102 51.1568126, -0.1615089 51.1567985, -0.1615222 51.1567966, -0.1616758 51.156778, -0.1616829 51.1567981, -0.1620179 51.1567578, -0.1620919 51.1571052, -0.1621134 51.1572045, -0.1621321 51.1572495, -0.162168 51.1573069, -0.1624316 51.1576176, -0.1628741 51.1580137, -0.1631857 51.1583591, -0.163379 51.1582911, -0.1634297 51.1582733, -0.1634806 51.1583254, -0.1635235 51.158354, -0.1635745 51.1583675, -0.1635887 51.1583727, -0.1636201 51.1583843, -0.1638803 51.1586333, -0.1639178 51.158672, -0.1646447 51.1592103, -0.1650155 51.159494, -0.1651504 51.1595693, -0.1652979 51.159645, -0.1660081 51.1599884, -0.1664232 51.1601583, -0.1670358 51.1603619, -0.1678976 51.1605818, -0.1689195 51.1607475, -0.1693738 51.1607928, -0.1694526 51.1608007, -0.1695537 51.1608065, -0.1701011 51.160838, -0.1701619 51.16084, -0.1707432 51.1608589, -0.1709151 51.1608645, -0.1713324 51.1608702, -0.1714719 51.1608719, -0.1715953 51.1608836, -0.1717455 51.1609021, -0.1719494 51.1609408, -0.1720593 51.1609745, -0.1722068 51.1610232, -0.1723141 51.161067, -0.1724134 51.1611191, -0.1725046 51.161178, -0.1726052 51.1612486, -0.1727554 51.1613765, -0.1737468 51.1622279, -0.1738085 51.1621976, -0.1740003 51.1623675, -0.1740741 51.1624197, -0.1741398 51.1624584, -0.1742176 51.1624937, -0.1743866 51.1625694, -0.1745207 51.1626232, -0.1747031 51.1627039, -0.1748846 51.162782, -0.1747076 51.1628854, -0.1748994 51.1630856, -0.1749546 51.1630839, -0.175405 51.16307, -0.1754372 51.163046, -0.1754452 51.1629224, -0.1753932 51.1628749, -0.1753181 51.1627971, -0.1757116 51.1625374, -0.1757461 51.1625823, -0.1757885 51.1626374, -0.1758044 51.1626812, -0.1758966 51.1629358, -0.1759583 51.1631059, -0.1760763 51.1634894, -0.1761514 51.1637165, -0.1761944 51.1638107, -0.1762967 51.1640267, -0.1763293 51.1640902, -0.1763696 51.1641474, -0.1764527 51.1642349, -0.1765864 51.1643429, -0.1766888 51.1644081, -0.1768041 51.164467, -0.176919 51.1645044, -0.1770643 51.164536, -0.1771823 51.1645545, -0.1773374 51.1645649, -0.1779919 51.1644977, -0.1789733 51.1643625, -0.1798963 51.1642353, -0.1814463 51.1640259, -0.1829053 51.1638272))",Number of parked airplanes, Time series of airport throughput at London Gatwick Airport,BLUE,Aerospacelab SPRL,UK5,Archived
"51.153047759076,-0.18539507371961392",GB,,London,London Gatwick Airport,Airports: Throughput (archived),Count of airplanes on Sentinel-2 image,Sentinel-2,Sentinel 2 L2A,E13b2,2019-09-19T11:07:21,92.14285714,Average value for 2019,2019,100,"X in [92.47453303367662, 107.52546696632339] --> Normal, X < 92.47453303367662 --> Low, X > 107.52546696632339 --> High",Low,"POLYGON ((-0.1829053 51.1638272, -0.1840378 51.1636708, -0.1845043 51.1635625, -0.1847795 51.1633589, -0.1850788 51.1629977, -0.1853111 51.1627173, -0.1854549 51.1625478, -0.1855991 51.162383, -0.1857488 51.1622034, -0.1862694 51.161903, -0.1868156 51.1615879, -0.187521 51.161181, -0.1878946 51.1609654, -0.1880941 51.16081, -0.1881612 51.1607006, -0.1882095 51.1605408, -0.1884395 51.1604132, -0.1885012 51.1604032, -0.188579 51.1604048, -0.1888499 51.1604267, -0.1888982 51.160457, -0.188933 51.1605108, -0.1889706 51.1606168, -0.1889679 51.1606958, -0.1889572 51.1607244, -0.1888563 51.1609042, -0.1887989 51.1610064, -0.189133 51.1610064, -0.1897949 51.1610157, -0.1898196 51.1610199, -0.1902425 51.1610102, -0.1906994 51.1609997, -0.1910534 51.1610872, -0.1911929 51.1609257, -0.1919187 51.1611346, -0.1925413 51.1613138, -0.1934934 51.1614201, -0.1938662 51.1614657, -0.1939492 51.1614744, -0.1940268 51.1614729, -0.1940988 51.1614698, -0.1941654 51.1614634, -0.194229 51.1614505, -0.1943263 51.1614207, -0.194437 51.1613741, -0.1945073 51.1613356, -0.1945749 51.161287, -0.1946409 51.1612252, -0.1946853 51.1611667, -0.1949747 51.1601824, -0.1951443 51.1595426, -0.1952319 51.1592098, -0.1952852 51.1590076, -0.1954974 51.1587711, -0.195648 51.1588522, -0.1959671 51.1586789, -0.1963212 51.1585343, -0.1965358 51.1584687, -0.196753 51.1584182, -0.1969166 51.1583795, -0.1971044 51.1583475, -0.1973646 51.1583206, -0.1978474 51.1582483, -0.1983731 51.1581575, -0.1985447 51.1581087, -0.19888 51.1580431, -0.1989927 51.1580212, -0.1990678 51.1579892, -0.1993574 51.1578109, -0.1996391 51.1575687, -0.1999556 51.1573332, -0.2002399 51.1571128, -0.2002989 51.1571061, -0.2005296 51.1569412, -0.2005618 51.1568975, -0.2009909 51.1565593, -0.2013959 51.1562262, -0.2015032 51.1561344, -0.2020209 51.1556913, -0.2020665 51.1553515, -0.2020236 51.1549881, -0.2020128 51.1548064, -0.2020262 51.1547256, -0.2021228 51.1544716, -0.2022194 51.1543034, -0.2025681 51.1541301, -0.2025305 51.1539147, -0.2015785 51.1540073, -0.2007656 51.1540863, -0.1992314 51.1542916, -0.1982282 51.1546045, -0.1981746 51.1544127, -0.1985233 51.1542344, -0.1986735 51.1541267, -0.1989001 51.154019, -0.1996337 51.1537499, -0.2000521 51.1535345, -0.2008055 51.1531104, -0.2010009 51.1530253, -0.2012734 51.1529833, -0.2021295 51.1528515, -0.2022844 51.1527896, -0.2023711 51.1517144, -0.2023842 51.1515519, -0.202381 51.1514807, -0.202904 51.1514672, -0.2029872 51.1514807, -0.2031535 51.1515556, -0.2032447 51.1516136, -0.203352 51.1516557, -0.2035102 51.1516817, -0.2036416 51.1516843, -0.2038079 51.1516691, -0.2038135 51.1512229, -0.2038205 51.1506659, -0.2038199 51.1504834, -0.20383 51.1501259, -0.2038354 51.1499341, -0.2038408 51.1498668, -0.2038354 51.1497692, -0.2037997 51.1497322, -0.2037707 51.1497021, -0.2053106 51.1494664, -0.2055306 51.1496514, -0.2060306 51.1498427, -0.2066102 51.1500645, -0.2074856 51.1503129, -0.2075602 51.1503313, -0.2079888 51.1504044, -0.2080317 51.1502092, -0.2090081 51.1502765, -0.2092602 51.1502765, -0.2096679 51.1502765, -0.2110465 51.1503303, -0.2112583 51.1503363, -0.2115733 51.1503451, -0.2124203 51.150369, -0.2132586 51.1503926, -0.2137593 51.1503373, -0.2138811 51.1503238, -0.2142446 51.1502837, -0.2142185 51.1500725, -0.2141705 51.1496725, -0.2141396 51.1493192, -0.2141153 51.1490405, -0.2141279 51.1488651, -0.2141293 51.1488458, -0.2141598 51.1484207, -0.2142196 51.1483955, -0.2142304 51.1483936, -0.2144637 51.1483517, -0.2144369 51.1482709, -0.2144523 51.1482692, -0.2148338 51.1482272, -0.2148456 51.1482232, -0.215145 51.1481229, -0.2151533 51.1481169, -0.2154936 51.1478705, -0.2154925 51.1478615, -0.2153434 51.1466624, -0.2152308 51.1457268, -0.2152294 51.1457172, -0.2151557 51.1452186, -0.2151518 51.1452034, -0.2150371 51.1447522, -0.2150162 51.1446701, -0.214977 51.1445834, -0.2148338 51.1442662, -0.2147769 51.1441909, -0.2144422 51.143748, -0.2143246 51.1436186, -0.2140591 51.1436573, -0.2139183 51.1436742, -0.2130382 51.1437114, -0.2122647 51.143744, -0.2108978 51.1438017, -0.2096823 51.1438458, -0.2084435 51.1438818, -0.2084358 51.1439165, -0.2083788 51.1439127, -0.2083319 51.1439096, -0.2082512 51.1439043, -0.2082209 51.1439023, -0.2081696 51.1438989, -0.2081057 51.1438947, -0.2078175 51.1438756, -0.2074514 51.1438515, -0.206756 51.1438056, -0.2065129 51.1437895, -0.2063818 51.1437809, -0.2059614 51.1437531, -0.2053617 51.1437135, -0.2048131 51.1436773, -0.2040435 51.1437722, -0.2031933 51.143877, -0.2026901 51.143939, -0.2020309 51.1440203, -0.2017429 51.1440558, -0.2009145 51.1441579, -0.2004402 51.1442164, -0.2001639 51.1442551, -0.2000646 51.1442686, -0.2000968 51.1441727, -0.2001129 51.1440986, -0.2001102 51.144033, -0.2000915 51.1439758, -0.2000298 51.1438849, -0.1999869 51.1438193, -0.1999573 51.143774, -0.1999315 51.1437345, -0.1996686 51.1438119, -0.1996203 51.143758, -0.1983758 51.1440071, -0.1983969 51.1440701, -0.1987128 51.1450111, -0.198539 51.1451043, -0.1984687 51.1451575, -0.1984908 51.1452267, -0.1984914 51.145254, -0.1984542 51.1452625, -0.1984723 51.145333, -0.1984348 51.1454088, -0.198298 51.1454727, -0.1981505 51.1454609, -0.1980217 51.1453869, -0.194213 51.145922, -0.1941218 51.1458883, -0.1940216 51.1459012, -0.1939501 51.1459153, -0.1939233 51.145959, -0.1864829 51.1469787, -0.183291 51.147433, -0.1828941 51.1474599, -0.1824274 51.1474902, -0.1820732 51.147487, -0.1819839 51.1474862, -0.1819228 51.1474836, -0.1818158 51.1474767, -0.1801099 51.1473791, -0.178109 51.1470965, -0.1778193 51.1470157, -0.1774009 51.1467869, -0.1768541 51.1464754, -0.1767684 51.1464265, -0.1764085 51.1462215, -0.1761939 51.1461811, -0.1760779 51.1462131, -0.1759894 51.1464033, -0.1763049 51.146528, -0.1765211 51.146622, -0.17654 51.1466326, -0.1777862 51.1473348, -0.1776307 51.1475502, -0.1764918 51.1475632, -0.1764612 51.1475636, -0.1764205 51.1475633, -0.1763191 51.147567, -0.1759999 51.1475771, -0.175324 51.1475468, -0.1752324 51.1466482, -0.1750985 51.1466558, -0.174972 51.146663, -0.1741626 51.1467141, -0.1741286 51.1467162, -0.1739516 51.1465675, -0.1738792 51.1465692, -0.1738094 51.1465742, -0.1737692 51.146273, -0.1737156 51.1462619, -0.1737034 51.1462076, -0.1736988 51.1461101, -0.1736853 51.1460495, -0.1735625 51.1460564, -0.1734761 51.1460613, -0.1728358 51.1460997, -0.172809 51.1461199, -0.1728063 51.1461502, -0.1727392 51.1461553, -0.1727097 51.1461754, -0.1727124 51.1462108, -0.1718239 51.1462598, -0.1718266 51.1463053, -0.1717725 51.1463056, -0.171561 51.1462346, -0.1715047 51.1462682, -0.1714203 51.146278, -0.170513 51.146383, -0.1703072 51.1463646, -0.1703206 51.1464128, -0.1703574 51.1465446, -0.1701224 51.1465676, -0.1700795 51.1465718, -0.1700151 51.1465769, -0.1699658 51.1464234, -0.1686355 51.1465715, -0.1685657 51.1466085, -0.1685657 51.146733, -0.1681396 51.1467569, -0.1679069 51.1467693, -0.1679021 51.1467433, -0.1678908 51.1466835, -0.1678382 51.146686, -0.1677835 51.1466886, -0.1676575 51.146697, -0.1674456 51.1466633, -0.1669011 51.1467761, -0.166436 51.1468441, -0.1661924 51.1468544, -0.1660234 51.1468595, -0.1658625 51.146846, -0.1657954 51.1468309, -0.1656854 51.1467938, -0.1655969 51.1467535, -0.1655513 51.1467215, -0.1654977 51.1466727, -0.1652724 51.1466996, -0.165031 51.146745, -0.1646796 51.1468628, -0.1644302 51.1469571, -0.1641163 51.1471169, -0.1640807 51.1471374, -0.1639259 51.1472263, -0.1638374 51.1472818, -0.1637703 51.1473155, -0.1637232 51.147348, -0.1636928 51.147369, -0.1635297 51.1474816, -0.1632025 51.1477895, -0.1630577 51.1479409, -0.1629611 51.1480621, -0.1627418 51.1483662, -0.1626587 51.1485058, -0.162618 51.1485971, -0.1625568 51.1487347, -0.1624682 51.1489467, -0.1624253 51.1490678, -0.1624012 51.1491906, -0.1623839 51.149306, -0.1623604 51.149462, -0.1623455 51.1495613, -0.1623288 51.1496725, -0.1622586 51.1503043, -0.1622376 51.1504936, -0.1622098 51.1509053, -0.1622001 51.1510488, -0.1621915 51.1514758, -0.1621786 51.1521121, -0.162143 51.1526483, -0.162125 51.1529197, -0.1621124 51.1531314, -0.1620928 51.1534614, -0.1620552 51.1541814, -0.1620767 51.1550394, -0.1621143 51.1551688, -0.1617469 51.1552171, -0.161261 51.1552811, -0.161343 51.1555573, -0.1612685 51.1555672, -0.1613508 51.1557906, -0.1613648 51.1558311, -0.1613824 51.1558741, -0.1614812 51.1561767, -0.1614883 51.1562076, -0.1614979 51.1562364, -0.1615051 51.1562587, -0.1615953 51.1565567, -0.161615 51.1566108, -0.1616299 51.156648, -0.1614662 51.1566738, -0.1613671 51.1566895, -0.1614102 51.1568126, -0.1615089 51.1567985, -0.1615222 51.1567966, -0.1616758 51.156778, -0.1616829 51.1567981, -0.1620179 51.1567578, -0.1620919 51.1571052, -0.1621134 51.1572045, -0.1621321 51.1572495, -0.162168 51.1573069, -0.1624316 51.1576176, -0.1628741 51.1580137, -0.1631857 51.1583591, -0.163379 51.1582911, -0.1634297 51.1582733, -0.1634806 51.1583254, -0.1635235 51.158354, -0.1635745 51.1583675, -0.1635887 51.1583727, -0.1636201 51.1583843, -0.1638803 51.1586333, -0.1639178 51.158672, -0.1646447 51.1592103, -0.1650155 51.159494, -0.1651504 51.1595693, -0.1652979 51.159645, -0.1660081 51.1599884, -0.1664232 51.1601583, -0.1670358 51.1603619, -0.1678976 51.1605818, -0.1689195 51.1607475, -0.1693738 51.1607928, -0.1694526 51.1608007, -0.1695537 51.1608065, -0.1701011 51.160838, -0.1701619 51.16084, -0.1707432 51.1608589, -0.1709151 51.1608645, -0.1713324 51.1608702, -0.1714719 51.1608719, -0.1715953 51.1608836, -0.1717455 51.1609021, -0.1719494 51.1609408, -0.1720593 51.1609745, -0.1722068 51.1610232, -0.1723141 51.161067, -0.1724134 51.1611191, -0.1725046 51.161178, -0.1726052 51.1612486, -0.1727554 51.1613765, -0.1737468 51.1622279, -0.1738085 51.1621976, -0.1740003 51.1623675, -0.1740741 51.1624197, -0.1741398 51.1624584, -0.1742176 51.1624937, -0.1743866 51.1625694, -0.1745207 51.1626232, -0.1747031 51.1627039, -0.1748846 51.162782, -0.1747076 51.1628854, -0.1748994 51.1630856, -0.1749546 51.1630839, -0.175405 51.16307, -0.1754372 51.163046, -0.1754452 51.1629224, -0.1753932 51.1628749, -0.1753181 51.1627971, -0.1757116 51.1625374, -0.1757461 51.1625823, -0.1757885 51.1626374, -0.1758044 51.1626812, -0.1758966 51.1629358, -0.1759583 51.1631059, -0.1760763 51.1634894, -0.1761514 51.1637165, -0.1761944 51.1638107, -0.1762967 51.1640267, -0.1763293 51.1640902, -0.1763696 51.1641474, -0.1764527 51.1642349, -0.1765864 51.1643429, -0.1766888 51.1644081, -0.1768041 51.164467, -0.176919 51.1645044, -0.1770643 51.164536, -0.1771823 51.1645545, -0.1773374 51.1645649, -0.1779919 51.1644977, -0.1789733 51.1643625, -0.1798963 51.1642353, -0.1814463 51.1640259, -0.1829053 51.1638272))",Number of parked airplanes, Time series of airport throughput at London Gatwick Airport,GREEN,Aerospacelab SPRL,UK5,Archived
"51.153047759076,-0.18539507371961392",GB,,London,London Gatwick Airport,Airports: Throughput (archived),Count of airplanes on Sentinel-2 image,Sentinel-2,Sentinel 2 L2A,E13b2,2019-09-21T10:57:39,100.7142857,Average value for 2019,2019,100,"X in [92.47453303367662, 107.52546696632339] --> Normal, X < 92.47453303367662 --> Low, X > 107.52546696632339 --> High",Normal,"POLYGON ((-0.1829053 51.1638272, -0.1840378 51.1636708, -0.1845043 51.1635625, -0.1847795 51.1633589, -0.1850788 51.1629977, -0.1853111 51.1627173, -0.1854549 51.1625478, -0.1855991 51.162383, -0.1857488 51.1622034, -0.1862694 51.161903, -0.1868156 51.1615879, -0.187521 51.161181, -0.1878946 51.1609654, -0.1880941 51.16081, -0.1881612 51.1607006, -0.1882095 51.1605408, -0.1884395 51.1604132, -0.1885012 51.1604032, -0.188579 51.1604048, -0.1888499 51.1604267, -0.1888982 51.160457, -0.188933 51.1605108, -0.1889706 51.1606168, -0.1889679 51.1606958, -0.1889572 51.1607244, -0.1888563 51.1609042, -0.1887989 51.1610064, -0.189133 51.1610064, -0.1897949 51.1610157, -0.1898196 51.1610199, -0.1902425 51.1610102, -0.1906994 51.1609997, -0.1910534 51.1610872, -0.1911929 51.1609257, -0.1919187 51.1611346, -0.1925413 51.1613138, -0.1934934 51.1614201, -0.1938662 51.1614657, -0.1939492 51.1614744, -0.1940268 51.1614729, -0.1940988 51.1614698, -0.1941654 51.1614634, -0.194229 51.1614505, -0.1943263 51.1614207, -0.194437 51.1613741, -0.1945073 51.1613356, -0.1945749 51.161287, -0.1946409 51.1612252, -0.1946853 51.1611667, -0.1949747 51.1601824, -0.1951443 51.1595426, -0.1952319 51.1592098, -0.1952852 51.1590076, -0.1954974 51.1587711, -0.195648 51.1588522, -0.1959671 51.1586789, -0.1963212 51.1585343, -0.1965358 51.1584687, -0.196753 51.1584182, -0.1969166 51.1583795, -0.1971044 51.1583475, -0.1973646 51.1583206, -0.1978474 51.1582483, -0.1983731 51.1581575, -0.1985447 51.1581087, -0.19888 51.1580431, -0.1989927 51.1580212, -0.1990678 51.1579892, -0.1993574 51.1578109, -0.1996391 51.1575687, -0.1999556 51.1573332, -0.2002399 51.1571128, -0.2002989 51.1571061, -0.2005296 51.1569412, -0.2005618 51.1568975, -0.2009909 51.1565593, -0.2013959 51.1562262, -0.2015032 51.1561344, -0.2020209 51.1556913, -0.2020665 51.1553515, -0.2020236 51.1549881, -0.2020128 51.1548064, -0.2020262 51.1547256, -0.2021228 51.1544716, -0.2022194 51.1543034, -0.2025681 51.1541301, -0.2025305 51.1539147, -0.2015785 51.1540073, -0.2007656 51.1540863, -0.1992314 51.1542916, -0.1982282 51.1546045, -0.1981746 51.1544127, -0.1985233 51.1542344, -0.1986735 51.1541267, -0.1989001 51.154019, -0.1996337 51.1537499, -0.2000521 51.1535345, -0.2008055 51.1531104, -0.2010009 51.1530253, -0.2012734 51.1529833, -0.2021295 51.1528515, -0.2022844 51.1527896, -0.2023711 51.1517144, -0.2023842 51.1515519, -0.202381 51.1514807, -0.202904 51.1514672, -0.2029872 51.1514807, -0.2031535 51.1515556, -0.2032447 51.1516136, -0.203352 51.1516557, -0.2035102 51.1516817, -0.2036416 51.1516843, -0.2038079 51.1516691, -0.2038135 51.1512229, -0.2038205 51.1506659, -0.2038199 51.1504834, -0.20383 51.1501259, -0.2038354 51.1499341, -0.2038408 51.1498668, -0.2038354 51.1497692, -0.2037997 51.1497322, -0.2037707 51.1497021, -0.2053106 51.1494664, -0.2055306 51.1496514, -0.2060306 51.1498427, -0.2066102 51.1500645, -0.2074856 51.1503129, -0.2075602 51.1503313, -0.2079888 51.1504044, -0.2080317 51.1502092, -0.2090081 51.1502765, -0.2092602 51.1502765, -0.2096679 51.1502765, -0.2110465 51.1503303, -0.2112583 51.1503363, -0.2115733 51.1503451, -0.2124203 51.150369, -0.2132586 51.1503926, -0.2137593 51.1503373, -0.2138811 51.1503238, -0.2142446 51.1502837, -0.2142185 51.1500725, -0.2141705 51.1496725, -0.2141396 51.1493192, -0.2141153 51.1490405, -0.2141279 51.1488651, -0.2141293 51.1488458, -0.2141598 51.1484207, -0.2142196 51.1483955, -0.2142304 51.1483936, -0.2144637 51.1483517, -0.2144369 51.1482709, -0.2144523 51.1482692, -0.2148338 51.1482272, -0.2148456 51.1482232, -0.215145 51.1481229, -0.2151533 51.1481169, -0.2154936 51.1478705, -0.2154925 51.1478615, -0.2153434 51.1466624, -0.2152308 51.1457268, -0.2152294 51.1457172, -0.2151557 51.1452186, -0.2151518 51.1452034, -0.2150371 51.1447522, -0.2150162 51.1446701, -0.214977 51.1445834, -0.2148338 51.1442662, -0.2147769 51.1441909, -0.2144422 51.143748, -0.2143246 51.1436186, -0.2140591 51.1436573, -0.2139183 51.1436742, -0.2130382 51.1437114, -0.2122647 51.143744, -0.2108978 51.1438017, -0.2096823 51.1438458, -0.2084435 51.1438818, -0.2084358 51.1439165, -0.2083788 51.1439127, -0.2083319 51.1439096, -0.2082512 51.1439043, -0.2082209 51.1439023, -0.2081696 51.1438989, -0.2081057 51.1438947, -0.2078175 51.1438756, -0.2074514 51.1438515, -0.206756 51.1438056, -0.2065129 51.1437895, -0.2063818 51.1437809, -0.2059614 51.1437531, -0.2053617 51.1437135, -0.2048131 51.1436773, -0.2040435 51.1437722, -0.2031933 51.143877, -0.2026901 51.143939, -0.2020309 51.1440203, -0.2017429 51.1440558, -0.2009145 51.1441579, -0.2004402 51.1442164, -0.2001639 51.1442551, -0.2000646 51.1442686, -0.2000968 51.1441727, -0.2001129 51.1440986, -0.2001102 51.144033, -0.2000915 51.1439758, -0.2000298 51.1438849, -0.1999869 51.1438193, -0.1999573 51.143774, -0.1999315 51.1437345, -0.1996686 51.1438119, -0.1996203 51.143758, -0.1983758 51.1440071, -0.1983969 51.1440701, -0.1987128 51.1450111, -0.198539 51.1451043, -0.1984687 51.1451575, -0.1984908 51.1452267, -0.1984914 51.145254, -0.1984542 51.1452625, -0.1984723 51.145333, -0.1984348 51.1454088, -0.198298 51.1454727, -0.1981505 51.1454609, -0.1980217 51.1453869, -0.194213 51.145922, -0.1941218 51.1458883, -0.1940216 51.1459012, -0.1939501 51.1459153, -0.1939233 51.145959, -0.1864829 51.1469787, -0.183291 51.147433, -0.1828941 51.1474599, -0.1824274 51.1474902, -0.1820732 51.147487, -0.1819839 51.1474862, -0.1819228 51.1474836, -0.1818158 51.1474767, -0.1801099 51.1473791, -0.178109 51.1470965, -0.1778193 51.1470157, -0.1774009 51.1467869, -0.1768541 51.1464754, -0.1767684 51.1464265, -0.1764085 51.1462215, -0.1761939 51.1461811, -0.1760779 51.1462131, -0.1759894 51.1464033, -0.1763049 51.146528, -0.1765211 51.146622, -0.17654 51.1466326, -0.1777862 51.1473348, -0.1776307 51.1475502, -0.1764918 51.1475632, -0.1764612 51.1475636, -0.1764205 51.1475633, -0.1763191 51.147567, -0.1759999 51.1475771, -0.175324 51.1475468, -0.1752324 51.1466482, -0.1750985 51.1466558, -0.174972 51.146663, -0.1741626 51.1467141, -0.1741286 51.1467162, -0.1739516 51.1465675, -0.1738792 51.1465692, -0.1738094 51.1465742, -0.1737692 51.146273, -0.1737156 51.1462619, -0.1737034 51.1462076, -0.1736988 51.1461101, -0.1736853 51.1460495, -0.1735625 51.1460564, -0.1734761 51.1460613, -0.1728358 51.1460997, -0.172809 51.1461199, -0.1728063 51.1461502, -0.1727392 51.1461553, -0.1727097 51.1461754, -0.1727124 51.1462108, -0.1718239 51.1462598, -0.1718266 51.1463053, -0.1717725 51.1463056, -0.171561 51.1462346, -0.1715047 51.1462682, -0.1714203 51.146278, -0.170513 51.146383, -0.1703072 51.1463646, -0.1703206 51.1464128, -0.1703574 51.1465446, -0.1701224 51.1465676, -0.1700795 51.1465718, -0.1700151 51.1465769, -0.1699658 51.1464234, -0.1686355 51.1465715, -0.1685657 51.1466085, -0.1685657 51.146733, -0.1681396 51.1467569, -0.1679069 51.1467693, -0.1679021 51.1467433, -0.1678908 51.1466835, -0.1678382 51.146686, -0.1677835 51.1466886, -0.1676575 51.146697, -0.1674456 51.1466633, -0.1669011 51.1467761, -0.166436 51.1468441, -0.1661924 51.1468544, -0.1660234 51.1468595, -0.1658625 51.146846, -0.1657954 51.1468309, -0.1656854 51.1467938, -0.1655969 51.1467535, -0.1655513 51.1467215, -0.1654977 51.1466727, -0.1652724 51.1466996, -0.165031 51.146745, -0.1646796 51.1468628, -0.1644302 51.1469571, -0.1641163 51.1471169, -0.1640807 51.1471374, -0.1639259 51.1472263, -0.1638374 51.1472818, -0.1637703 51.1473155, -0.1637232 51.147348, -0.1636928 51.147369, -0.1635297 51.1474816, -0.1632025 51.1477895, -0.1630577 51.1479409, -0.1629611 51.1480621, -0.1627418 51.1483662, -0.1626587 51.1485058, -0.162618 51.1485971, -0.1625568 51.1487347, -0.1624682 51.1489467, -0.1624253 51.1490678, -0.1624012 51.1491906, -0.1623839 51.149306, -0.1623604 51.149462, -0.1623455 51.1495613, -0.1623288 51.1496725, -0.1622586 51.1503043, -0.1622376 51.1504936, -0.1622098 51.1509053, -0.1622001 51.1510488, -0.1621915 51.1514758, -0.1621786 51.1521121, -0.162143 51.1526483, -0.162125 51.1529197, -0.1621124 51.1531314, -0.1620928 51.1534614, -0.1620552 51.1541814, -0.1620767 51.1550394, -0.1621143 51.1551688, -0.1617469 51.1552171, -0.161261 51.1552811, -0.161343 51.1555573, -0.1612685 51.1555672, -0.1613508 51.1557906, -0.1613648 51.1558311, -0.1613824 51.1558741, -0.1614812 51.1561767, -0.1614883 51.1562076, -0.1614979 51.1562364, -0.1615051 51.1562587, -0.1615953 51.1565567, -0.161615 51.1566108, -0.1616299 51.156648, -0.1614662 51.1566738, -0.1613671 51.1566895, -0.1614102 51.1568126, -0.1615089 51.1567985, -0.1615222 51.1567966, -0.1616758 51.156778, -0.1616829 51.1567981, -0.1620179 51.1567578, -0.1620919 51.1571052, -0.1621134 51.1572045, -0.1621321 51.1572495, -0.162168 51.1573069, -0.1624316 51.1576176, -0.1628741 51.1580137, -0.1631857 51.1583591, -0.163379 51.1582911, -0.1634297 51.1582733, -0.1634806 51.1583254, -0.1635235 51.158354, -0.1635745 51.1583675, -0.1635887 51.1583727, -0.1636201 51.1583843, -0.1638803 51.1586333, -0.1639178 51.158672, -0.1646447 51.1592103, -0.1650155 51.159494, -0.1651504 51.1595693, -0.1652979 51.159645, -0.1660081 51.1599884, -0.1664232 51.1601583, -0.1670358 51.1603619, -0.1678976 51.1605818, -0.1689195 51.1607475, -0.1693738 51.1607928, -0.1694526 51.1608007, -0.1695537 51.1608065, -0.1701011 51.160838, -0.1701619 51.16084, -0.1707432 51.1608589, -0.1709151 51.1608645, -0.1713324 51.1608702, -0.1714719 51.1608719, -0.1715953 51.1608836, -0.1717455 51.1609021, -0.1719494 51.1609408, -0.1720593 51.1609745, -0.1722068 51.1610232, -0.1723141 51.161067, -0.1724134 51.1611191, -0.1725046 51.161178, -0.1726052 51.1612486, -0.1727554 51.1613765, -0.1737468 51.1622279, -0.1738085 51.1621976, -0.1740003 51.1623675, -0.1740741 51.1624197, -0.1741398 51.1624584, -0.1742176 51.1624937, -0.1743866 51.1625694, -0.1745207 51.1626232, -0.1747031 51.1627039, -0.1748846 51.162782, -0.1747076 51.1628854, -0.1748994 51.1630856, -0.1749546 51.1630839, -0.175405 51.16307, -0.1754372 51.163046, -0.1754452 51.1629224, -0.1753932 51.1628749, -0.1753181 51.1627971, -0.1757116 51.1625374, -0.1757461 51.1625823, -0.1757885 51.1626374, -0.1758044 51.1626812, -0.1758966 51.1629358, -0.1759583 51.1631059, -0.1760763 51.1634894, -0.1761514 51.1637165, -0.1761944 51.1638107, -0.1762967 51.1640267, -0.1763293 51.1640902, -0.1763696 51.1641474, -0.1764527 51.1642349, -0.1765864 51.1643429, -0.1766888 51.1644081, -0.1768041 51.164467, -0.176919 51.1645044, -0.1770643 51.164536, -0.1771823 51.1645545, -0.1773374 51.1645649, -0.1779919 51.1644977, -0.1789733 51.1643625, -0.1798963 51.1642353, -0.1814463 51.1640259, -0.1829053 51.1638272))",Number of parked airplanes, Time series of airport throughput at London Gatwick Airport,BLUE,Aerospacelab SPRL,UK5,Archived
"51.153047759076,-0.18539507371961392",GB,,London,London Gatwick Airport,Airports: Throughput (archived),Count of airplanes on Sentinel-2 image,Sentinel-2,Sentinel 2 L2A,E13b2,2020-04-11T11:06:19,122.1428571,Average value for 2019,2019,100,"X in [92.47453303367662, 107.52546696632339] --> Normal, X < 92.47453303367662 --> Low, X > 107.52546696632339 --> High",High,"POLYGON ((-0.1829053 51.1638272, -0.1840378 51.1636708, -0.1845043 51.1635625, -0.1847795 51.1633589, -0.1850788 51.1629977, -0.1853111 51.1627173, -0.1854549 51.1625478, -0.1855991 51.162383, -0.1857488 51.1622034, -0.1862694 51.161903, -0.1868156 51.1615879, -0.187521 51.161181, -0.1878946 51.1609654, -0.1880941 51.16081, -0.1881612 51.1607006, -0.1882095 51.1605408, -0.1884395 51.1604132, -0.1885012 51.1604032, -0.188579 51.1604048, -0.1888499 51.1604267, -0.1888982 51.160457, -0.188933 51.1605108, -0.1889706 51.1606168, -0.1889679 51.1606958, -0.1889572 51.1607244, -0.1888563 51.1609042, -0.1887989 51.1610064, -0.189133 51.1610064, -0.1897949 51.1610157, -0.1898196 51.1610199, -0.1902425 51.1610102, -0.1906994 51.1609997, -0.1910534 51.1610872, -0.1911929 51.1609257, -0.1919187 51.1611346, -0.1925413 51.1613138, -0.1934934 51.1614201, -0.1938662 51.1614657, -0.1939492 51.1614744, -0.1940268 51.1614729, -0.1940988 51.1614698, -0.1941654 51.1614634, -0.194229 51.1614505, -0.1943263 51.1614207, -0.194437 51.1613741, -0.1945073 51.1613356, -0.1945749 51.161287, -0.1946409 51.1612252, -0.1946853 51.1611667, -0.1949747 51.1601824, -0.1951443 51.1595426, -0.1952319 51.1592098, -0.1952852 51.1590076, -0.1954974 51.1587711, -0.195648 51.1588522, -0.1959671 51.1586789, -0.1963212 51.1585343, -0.1965358 51.1584687, -0.196753 51.1584182, -0.1969166 51.1583795, -0.1971044 51.1583475, -0.1973646 51.1583206, -0.1978474 51.1582483, -0.1983731 51.1581575, -0.1985447 51.1581087, -0.19888 51.1580431, -0.1989927 51.1580212, -0.1990678 51.1579892, -0.1993574 51.1578109, -0.1996391 51.1575687, -0.1999556 51.1573332, -0.2002399 51.1571128, -0.2002989 51.1571061, -0.2005296 51.1569412, -0.2005618 51.1568975, -0.2009909 51.1565593, -0.2013959 51.1562262, -0.2015032 51.1561344, -0.2020209 51.1556913, -0.2020665 51.1553515, -0.2020236 51.1549881, -0.2020128 51.1548064, -0.2020262 51.1547256, -0.2021228 51.1544716, -0.2022194 51.1543034, -0.2025681 51.1541301, -0.2025305 51.1539147, -0.2015785 51.1540073, -0.2007656 51.1540863, -0.1992314 51.1542916, -0.1982282 51.1546045, -0.1981746 51.1544127, -0.1985233 51.1542344, -0.1986735 51.1541267, -0.1989001 51.154019, -0.1996337 51.1537499, -0.2000521 51.1535345, -0.2008055 51.1531104, -0.2010009 51.1530253, -0.2012734 51.1529833, -0.2021295 51.1528515, -0.2022844 51.1527896, -0.2023711 51.1517144, -0.2023842 51.1515519, -0.202381 51.1514807, -0.202904 51.1514672, -0.2029872 51.1514807, -0.2031535 51.1515556, -0.2032447 51.1516136, -0.203352 51.1516557, -0.2035102 51.1516817, -0.2036416 51.1516843, -0.2038079 51.1516691, -0.2038135 51.1512229, -0.2038205 51.1506659, -0.2038199 51.1504834, -0.20383 51.1501259, -0.2038354 51.1499341, -0.2038408 51.1498668, -0.2038354 51.1497692, -0.2037997 51.1497322, -0.2037707 51.1497021, -0.2053106 51.1494664, -0.2055306 51.1496514, -0.2060306 51.1498427, -0.2066102 51.1500645, -0.2074856 51.1503129, -0.2075602 51.1503313, -0.2079888 51.1504044, -0.2080317 51.1502092, -0.2090081 51.1502765, -0.2092602 51.1502765, -0.2096679 51.1502765, -0.2110465 51.1503303, -0.2112583 51.1503363, -0.2115733 51.1503451, -0.2124203 51.150369, -0.2132586 51.1503926, -0.2137593 51.1503373, -0.2138811 51.1503238, -0.2142446 51.1502837, -0.2142185 51.1500725, -0.2141705 51.1496725, -0.2141396 51.1493192, -0.2141153 51.1490405, -0.2141279 51.1488651, -0.2141293 51.1488458, -0.2141598 51.1484207, -0.2142196 51.1483955, -0.2142304 51.1483936, -0.2144637 51.1483517, -0.2144369 51.1482709, -0.2144523 51.1482692, -0.2148338 51.1482272, -0.2148456 51.1482232, -0.215145 51.1481229, -0.2151533 51.1481169, -0.2154936 51.1478705, -0.2154925 51.1478615, -0.2153434 51.1466624, -0.2152308 51.1457268, -0.2152294 51.1457172, -0.2151557 51.1452186, -0.2151518 51.1452034, -0.2150371 51.1447522, -0.2150162 51.1446701, -0.214977 51.1445834, -0.2148338 51.1442662, -0.2147769 51.1441909, -0.2144422 51.143748, -0.2143246 51.1436186, -0.2140591 51.1436573, -0.2139183 51.1436742, -0.2130382 51.1437114, -0.2122647 51.143744, -0.2108978 51.1438017, -0.2096823 51.1438458, -0.2084435 51.1438818, -0.2084358 51.1439165, -0.2083788 51.1439127, -0.2083319 51.1439096, -0.2082512 51.1439043, -0.2082209 51.1439023, -0.2081696 51.1438989, -0.2081057 51.1438947, -0.2078175 51.1438756, -0.2074514 51.1438515, -0.206756 51.1438056, -0.2065129 51.1437895, -0.2063818 51.1437809, -0.2059614 51.1437531, -0.2053617 51.1437135, -0.2048131 51.1436773, -0.2040435 51.1437722, -0.2031933 51.143877, -0.2026901 51.143939, -0.2020309 51.1440203, -0.2017429 51.1440558, -0.2009145 51.1441579, -0.2004402 51.1442164, -0.2001639 51.1442551, -0.2000646 51.1442686, -0.2000968 51.1441727, -0.2001129 51.1440986, -0.2001102 51.144033, -0.2000915 51.1439758, -0.2000298 51.1438849, -0.1999869 51.1438193, -0.1999573 51.143774, -0.1999315 51.1437345, -0.1996686 51.1438119, -0.1996203 51.143758, -0.1983758 51.1440071, -0.1983969 51.1440701, -0.1987128 51.1450111, -0.198539 51.1451043, -0.1984687 51.1451575, -0.1984908 51.1452267, -0.1984914 51.145254, -0.1984542 51.1452625, -0.1984723 51.145333, -0.1984348 51.1454088, -0.198298 51.1454727, -0.1981505 51.1454609, -0.1980217 51.1453869, -0.194213 51.145922, -0.1941218 51.1458883, -0.1940216 51.1459012, -0.1939501 51.1459153, -0.1939233 51.145959, -0.1864829 51.1469787, -0.183291 51.147433, -0.1828941 51.1474599, -0.1824274 51.1474902, -0.1820732 51.147487, -0.1819839 51.1474862, -0.1819228 51.1474836, -0.1818158 51.1474767, -0.1801099 51.1473791, -0.178109 51.1470965, -0.1778193 51.1470157, -0.1774009 51.1467869, -0.1768541 51.1464754, -0.1767684 51.1464265, -0.1764085 51.1462215, -0.1761939 51.1461811, -0.1760779 51.1462131, -0.1759894 51.1464033, -0.1763049 51.146528, -0.1765211 51.146622, -0.17654 51.1466326, -0.1777862 51.1473348, -0.1776307 51.1475502, -0.1764918 51.1475632, -0.1764612 51.1475636, -0.1764205 51.1475633, -0.1763191 51.147567, -0.1759999 51.1475771, -0.175324 51.1475468, -0.1752324 51.1466482, -0.1750985 51.1466558, -0.174972 51.146663, -0.1741626 51.1467141, -0.1741286 51.1467162, -0.1739516 51.1465675, -0.1738792 51.1465692, -0.1738094 51.1465742, -0.1737692 51.146273, -0.1737156 51.1462619, -0.1737034 51.1462076, -0.1736988 51.1461101, -0.1736853 51.1460495, -0.1735625 51.1460564, -0.1734761 51.1460613, -0.1728358 51.1460997, -0.172809 51.1461199, -0.1728063 51.1461502, -0.1727392 51.1461553, -0.1727097 51.1461754, -0.1727124 51.1462108, -0.1718239 51.1462598, -0.1718266 51.1463053, -0.1717725 51.1463056, -0.171561 51.1462346, -0.1715047 51.1462682, -0.1714203 51.146278, -0.170513 51.146383, -0.1703072 51.1463646, -0.1703206 51.1464128, -0.1703574 51.1465446, -0.1701224 51.1465676, -0.1700795 51.1465718, -0.1700151 51.1465769, -0.1699658 51.1464234, -0.1686355 51.1465715, -0.1685657 51.1466085, -0.1685657 51.146733, -0.1681396 51.1467569, -0.1679069 51.1467693, -0.1679021 51.1467433, -0.1678908 51.1466835, -0.1678382 51.146686, -0.1677835 51.1466886, -0.1676575 51.146697, -0.1674456 51.1466633, -0.1669011 51.1467761, -0.166436 51.1468441, -0.1661924 51.1468544, -0.1660234 51.1468595, -0.1658625 51.146846, -0.1657954 51.1468309, -0.1656854 51.1467938, -0.1655969 51.1467535, -0.1655513 51.1467215, -0.1654977 51.1466727, -0.1652724 51.1466996, -0.165031 51.146745, -0.1646796 51.1468628, -0.1644302 51.1469571, -0.1641163 51.1471169, -0.1640807 51.1471374, -0.1639259 51.1472263, -0.1638374 51.1472818, -0.1637703 51.1473155, -0.1637232 51.147348, -0.1636928 51.147369, -0.1635297 51.1474816, -0.1632025 51.1477895, -0.1630577 51.1479409, -0.1629611 51.1480621, -0.1627418 51.1483662, -0.1626587 51.1485058, -0.162618 51.1485971, -0.1625568 51.1487347, -0.1624682 51.1489467, -0.1624253 51.1490678, -0.1624012 51.1491906, -0.1623839 51.149306, -0.1623604 51.149462, -0.1623455 51.1495613, -0.1623288 51.1496725, -0.1622586 51.1503043, -0.1622376 51.1504936, -0.1622098 51.1509053, -0.1622001 51.1510488, -0.1621915 51.1514758, -0.1621786 51.1521121, -0.162143 51.1526483, -0.162125 51.1529197, -0.1621124 51.1531314, -0.1620928 51.1534614, -0.1620552 51.1541814, -0.1620767 51.1550394, -0.1621143 51.1551688, -0.1617469 51.1552171, -0.161261 51.1552811, -0.161343 51.1555573, -0.1612685 51.1555672, -0.1613508 51.1557906, -0.1613648 51.1558311, -0.1613824 51.1558741, -0.1614812 51.1561767, -0.1614883 51.1562076, -0.1614979 51.1562364, -0.1615051 51.1562587, -0.1615953 51.1565567, -0.161615 51.1566108, -0.1616299 51.156648, -0.1614662 51.1566738, -0.1613671 51.1566895, -0.1614102 51.1568126, -0.1615089 51.1567985, -0.1615222 51.1567966, -0.1616758 51.156778, -0.1616829 51.1567981, -0.1620179 51.1567578, -0.1620919 51.1571052, -0.1621134 51.1572045, -0.1621321 51.1572495, -0.162168 51.1573069, -0.1624316 51.1576176, -0.1628741 51.1580137, -0.1631857 51.1583591, -0.163379 51.1582911, -0.1634297 51.1582733, -0.1634806 51.1583254, -0.1635235 51.158354, -0.1635745 51.1583675, -0.1635887 51.1583727, -0.1636201 51.1583843, -0.1638803 51.1586333, -0.1639178 51.158672, -0.1646447 51.1592103, -0.1650155 51.159494, -0.1651504 51.1595693, -0.1652979 51.159645, -0.1660081 51.1599884, -0.1664232 51.1601583, -0.1670358 51.1603619, -0.1678976 51.1605818, -0.1689195 51.1607475, -0.1693738 51.1607928, -0.1694526 51.1608007, -0.1695537 51.1608065, -0.1701011 51.160838, -0.1701619 51.16084, -0.1707432 51.1608589, -0.1709151 51.1608645, -0.1713324 51.1608702, -0.1714719 51.1608719, -0.1715953 51.1608836, -0.1717455 51.1609021, -0.1719494 51.1609408, -0.1720593 51.1609745, -0.1722068 51.1610232, -0.1723141 51.161067, -0.1724134 51.1611191, -0.1725046 51.161178, -0.1726052 51.1612486, -0.1727554 51.1613765, -0.1737468 51.1622279, -0.1738085 51.1621976, -0.1740003 51.1623675, -0.1740741 51.1624197, -0.1741398 51.1624584, -0.1742176 51.1624937, -0.1743866 51.1625694, -0.1745207 51.1626232, -0.1747031 51.1627039, -0.1748846 51.162782, -0.1747076 51.1628854, -0.1748994 51.1630856, -0.1749546 51.1630839, -0.175405 51.16307, -0.1754372 51.163046, -0.1754452 51.1629224, -0.1753932 51.1628749, -0.1753181 51.1627971, -0.1757116 51.1625374, -0.1757461 51.1625823, -0.1757885 51.1626374, -0.1758044 51.1626812, -0.1758966 51.1629358, -0.1759583 51.1631059, -0.1760763 51.1634894, -0.1761514 51.1637165, -0.1761944 51.1638107, -0.1762967 51.1640267, -0.1763293 51.1640902, -0.1763696 51.1641474, -0.1764527 51.1642349, -0.1765864 51.1643429, -0.1766888 51.1644081, -0.1768041 51.164467, -0.176919 51.1645044, -0.1770643 51.164536, -0.1771823 51.1645545, -0.1773374 51.1645649, -0.1779919 51.1644977, -0.1789733 51.1643625, -0.1798963 51.1642353, -0.1814463 51.1640259, -0.1829053 51.1638272))",Number of parked airplanes, Time series of airport throughput at London Gatwick Airport,RED,Aerospacelab SPRL,UK5,Archived
"51.153047759076,-0.18539507371961392",GB,,London,London Gatwick Airport,Airports: Throughput (archived),Count of airplanes on Sentinel-2 image,Sentinel-2,Sentinel 2 L2A,E13b2,2020-05-06T11:06:21,98.57142857,Average value for 2019,2019,100,"X in [92.47453303367662, 107.52546696632339] --> Normal, X < 92.47453303367662 --> Low, X > 107.52546696632339 --> High",Normal,"POLYGON ((-0.1829053 51.1638272, -0.1840378 51.1636708, -0.1845043 51.1635625, -0.1847795 51.1633589, -0.1850788 51.1629977, -0.1853111 51.1627173, -0.1854549 51.1625478, -0.1855991 51.162383, -0.1857488 51.1622034, -0.1862694 51.161903, -0.1868156 51.1615879, -0.187521 51.161181, -0.1878946 51.1609654, -0.1880941 51.16081, -0.1881612 51.1607006, -0.1882095 51.1605408, -0.1884395 51.1604132, -0.1885012 51.1604032, -0.188579 51.1604048, -0.1888499 51.1604267, -0.1888982 51.160457, -0.188933 51.1605108, -0.1889706 51.1606168, -0.1889679 51.1606958, -0.1889572 51.1607244, -0.1888563 51.1609042, -0.1887989 51.1610064, -0.189133 51.1610064, -0.1897949 51.1610157, -0.1898196 51.1610199, -0.1902425 51.1610102, -0.1906994 51.1609997, -0.1910534 51.1610872, -0.1911929 51.1609257, -0.1919187 51.1611346, -0.1925413 51.1613138, -0.1934934 51.1614201, -0.1938662 51.1614657, -0.1939492 51.1614744, -0.1940268 51.1614729, -0.1940988 51.1614698, -0.1941654 51.1614634, -0.194229 51.1614505, -0.1943263 51.1614207, -0.194437 51.1613741, -0.1945073 51.1613356, -0.1945749 51.161287, -0.1946409 51.1612252, -0.1946853 51.1611667, -0.1949747 51.1601824, -0.1951443 51.1595426, -0.1952319 51.1592098, -0.1952852 51.1590076, -0.1954974 51.1587711, -0.195648 51.1588522, -0.1959671 51.1586789, -0.1963212 51.1585343, -0.1965358 51.1584687, -0.196753 51.1584182, -0.1969166 51.1583795, -0.1971044 51.1583475, -0.1973646 51.1583206, -0.1978474 51.1582483, -0.1983731 51.1581575, -0.1985447 51.1581087, -0.19888 51.1580431, -0.1989927 51.1580212, -0.1990678 51.1579892, -0.1993574 51.1578109, -0.1996391 51.1575687, -0.1999556 51.1573332, -0.2002399 51.1571128, -0.2002989 51.1571061, -0.2005296 51.1569412, -0.2005618 51.1568975, -0.2009909 51.1565593, -0.2013959 51.1562262, -0.2015032 51.1561344, -0.2020209 51.1556913, -0.2020665 51.1553515, -0.2020236 51.1549881, -0.2020128 51.1548064, -0.2020262 51.1547256, -0.2021228 51.1544716, -0.2022194 51.1543034, -0.2025681 51.1541301, -0.2025305 51.1539147, -0.2015785 51.1540073, -0.2007656 51.1540863, -0.1992314 51.1542916, -0.1982282 51.1546045, -0.1981746 51.1544127, -0.1985233 51.1542344, -0.1986735 51.1541267, -0.1989001 51.154019, -0.1996337 51.1537499, -0.2000521 51.1535345, -0.2008055 51.1531104, -0.2010009 51.1530253, -0.2012734 51.1529833, -0.2021295 51.1528515, -0.2022844 51.1527896, -0.2023711 51.1517144, -0.2023842 51.1515519, -0.202381 51.1514807, -0.202904 51.1514672, -0.2029872 51.1514807, -0.2031535 51.1515556, -0.2032447 51.1516136, -0.203352 51.1516557, -0.2035102 51.1516817, -0.2036416 51.1516843, -0.2038079 51.1516691, -0.2038135 51.1512229, -0.2038205 51.1506659, -0.2038199 51.1504834, -0.20383 51.1501259, -0.2038354 51.1499341, -0.2038408 51.1498668, -0.2038354 51.1497692, -0.2037997 51.1497322, -0.2037707 51.1497021, -0.2053106 51.1494664, -0.2055306 51.1496514, -0.2060306 51.1498427, -0.2066102 51.1500645, -0.2074856 51.1503129, -0.2075602 51.1503313, -0.2079888 51.1504044, -0.2080317 51.1502092, -0.2090081 51.1502765, -0.2092602 51.1502765, -0.2096679 51.1502765, -0.2110465 51.1503303, -0.2112583 51.1503363, -0.2115733 51.1503451, -0.2124203 51.150369, -0.2132586 51.1503926, -0.2137593 51.1503373, -0.2138811 51.1503238, -0.2142446 51.1502837, -0.2142185 51.1500725, -0.2141705 51.1496725, -0.2141396 51.1493192, -0.2141153 51.1490405, -0.2141279 51.1488651, -0.2141293 51.1488458, -0.2141598 51.1484207, -0.2142196 51.1483955, -0.2142304 51.1483936, -0.2144637 51.1483517, -0.2144369 51.1482709, -0.2144523 51.1482692, -0.2148338 51.1482272, -0.2148456 51.1482232, -0.215145 51.1481229, -0.2151533 51.1481169, -0.2154936 51.1478705, -0.2154925 51.1478615, -0.2153434 51.1466624, -0.2152308 51.1457268, -0.2152294 51.1457172, -0.2151557 51.1452186, -0.2151518 51.1452034, -0.2150371 51.1447522, -0.2150162 51.1446701, -0.214977 51.1445834, -0.2148338 51.1442662, -0.2147769 51.1441909, -0.2144422 51.143748, -0.2143246 51.1436186, -0.2140591 51.1436573, -0.2139183 51.1436742, -0.2130382 51.1437114, -0.2122647 51.143744, -0.2108978 51.1438017, -0.2096823 51.1438458, -0.2084435 51.1438818, -0.2084358 51.1439165, -0.2083788 51.1439127, -0.2083319 51.1439096, -0.2082512 51.1439043, -0.2082209 51.1439023, -0.2081696 51.1438989, -0.2081057 51.1438947, -0.2078175 51.1438756, -0.2074514 51.1438515, -0.206756 51.1438056, -0.2065129 51.1437895, -0.2063818 51.1437809, -0.2059614 51.1437531, -0.2053617 51.1437135, -0.2048131 51.1436773, -0.2040435 51.1437722, -0.2031933 51.143877, -0.2026901 51.143939, -0.2020309 51.1440203, -0.2017429 51.1440558, -0.2009145 51.1441579, -0.2004402 51.1442164, -0.2001639 51.1442551, -0.2000646 51.1442686, -0.2000968 51.1441727, -0.2001129 51.1440986, -0.2001102 51.144033, -0.2000915 51.1439758, -0.2000298 51.1438849, -0.1999869 51.1438193, -0.1999573 51.143774, -0.1999315 51.1437345, -0.1996686 51.1438119, -0.1996203 51.143758, -0.1983758 51.1440071, -0.1983969 51.1440701, -0.1987128 51.1450111, -0.198539 51.1451043, -0.1984687 51.1451575, -0.1984908 51.1452267, -0.1984914 51.145254, -0.1984542 51.1452625, -0.1984723 51.145333, -0.1984348 51.1454088, -0.198298 51.1454727, -0.1981505 51.1454609, -0.1980217 51.1453869, -0.194213 51.145922, -0.1941218 51.1458883, -0.1940216 51.1459012, -0.1939501 51.1459153, -0.1939233 51.145959, -0.1864829 51.1469787, -0.183291 51.147433, -0.1828941 51.1474599, -0.1824274 51.1474902, -0.1820732 51.147487, -0.1819839 51.1474862, -0.1819228 51.1474836, -0.1818158 51.1474767, -0.1801099 51.1473791, -0.178109 51.1470965, -0.1778193 51.1470157, -0.1774009 51.1467869, -0.1768541 51.1464754, -0.1767684 51.1464265, -0.1764085 51.1462215, -0.1761939 51.1461811, -0.1760779 51.1462131, -0.1759894 51.1464033, -0.1763049 51.146528, -0.1765211 51.146622, -0.17654 51.1466326, -0.1777862 51.1473348, -0.1776307 51.1475502, -0.1764918 51.1475632, -0.1764612 51.1475636, -0.1764205 51.1475633, -0.1763191 51.147567, -0.1759999 51.1475771, -0.175324 51.1475468, -0.1752324 51.1466482, -0.1750985 51.1466558, -0.174972 51.146663, -0.1741626 51.1467141, -0.1741286 51.1467162, -0.1739516 51.1465675, -0.1738792 51.1465692, -0.1738094 51.1465742, -0.1737692 51.146273, -0.1737156 51.1462619, -0.1737034 51.1462076, -0.1736988 51.1461101, -0.1736853 51.1460495, -0.1735625 51.1460564, -0.1734761 51.1460613, -0.1728358 51.1460997, -0.172809 51.1461199, -0.1728063 51.1461502, -0.1727392 51.1461553, -0.1727097 51.1461754, -0.1727124 51.1462108, -0.1718239 51.1462598, -0.1718266 51.1463053, -0.1717725 51.1463056, -0.171561 51.1462346, -0.1715047 51.1462682, -0.1714203 51.146278, -0.170513 51.146383, -0.1703072 51.1463646, -0.1703206 51.1464128, -0.1703574 51.1465446, -0.1701224 51.1465676, -0.1700795 51.1465718, -0.1700151 51.1465769, -0.1699658 51.1464234, -0.1686355 51.1465715, -0.1685657 51.1466085, -0.1685657 51.146733, -0.1681396 51.1467569, -0.1679069 51.1467693, -0.1679021 51.1467433, -0.1678908 51.1466835, -0.1678382 51.146686, -0.1677835 51.1466886, -0.1676575 51.146697, -0.1674456 51.1466633, -0.1669011 51.1467761, -0.166436 51.1468441, -0.1661924 51.1468544, -0.1660234 51.1468595, -0.1658625 51.146846, -0.1657954 51.1468309, -0.1656854 51.1467938, -0.1655969 51.1467535, -0.1655513 51.1467215, -0.1654977 51.1466727, -0.1652724 51.1466996, -0.165031 51.146745, -0.1646796 51.1468628, -0.1644302 51.1469571, -0.1641163 51.1471169, -0.1640807 51.1471374, -0.1639259 51.1472263, -0.1638374 51.1472818, -0.1637703 51.1473155, -0.1637232 51.147348, -0.1636928 51.147369, -0.1635297 51.1474816, -0.1632025 51.1477895, -0.1630577 51.1479409, -0.1629611 51.1480621, -0.1627418 51.1483662, -0.1626587 51.1485058, -0.162618 51.1485971, -0.1625568 51.1487347, -0.1624682 51.1489467, -0.1624253 51.1490678, -0.1624012 51.1491906, -0.1623839 51.149306, -0.1623604 51.149462, -0.1623455 51.1495613, -0.1623288 51.1496725, -0.1622586 51.1503043, -0.1622376 51.1504936, -0.1622098 51.1509053, -0.1622001 51.1510488, -0.1621915 51.1514758, -0.1621786 51.1521121, -0.162143 51.1526483, -0.162125 51.1529197, -0.1621124 51.1531314, -0.1620928 51.1534614, -0.1620552 51.1541814, -0.1620767 51.1550394, -0.1621143 51.1551688, -0.1617469 51.1552171, -0.161261 51.1552811, -0.161343 51.1555573, -0.1612685 51.1555672, -0.1613508 51.1557906, -0.1613648 51.1558311, -0.1613824 51.1558741, -0.1614812 51.1561767, -0.1614883 51.1562076, -0.1614979 51.1562364, -0.1615051 51.1562587, -0.1615953 51.1565567, -0.161615 51.1566108, -0.1616299 51.156648, -0.1614662 51.1566738, -0.1613671 51.1566895, -0.1614102 51.1568126, -0.1615089 51.1567985, -0.1615222 51.1567966, -0.1616758 51.156778, -0.1616829 51.1567981, -0.1620179 51.1567578, -0.1620919 51.1571052, -0.1621134 51.1572045, -0.1621321 51.1572495, -0.162168 51.1573069, -0.1624316 51.1576176, -0.1628741 51.1580137, -0.1631857 51.1583591, -0.163379 51.1582911, -0.1634297 51.1582733, -0.1634806 51.1583254, -0.1635235 51.158354, -0.1635745 51.1583675, -0.1635887 51.1583727, -0.1636201 51.1583843, -0.1638803 51.1586333, -0.1639178 51.158672, -0.1646447 51.1592103, -0.1650155 51.159494, -0.1651504 51.1595693, -0.1652979 51.159645, -0.1660081 51.1599884, -0.1664232 51.1601583, -0.1670358 51.1603619, -0.1678976 51.1605818, -0.1689195 51.1607475, -0.1693738 51.1607928, -0.1694526 51.1608007, -0.1695537 51.1608065, -0.1701011 51.160838, -0.1701619 51.16084, -0.1707432 51.1608589, -0.1709151 51.1608645, -0.1713324 51.1608702, -0.1714719 51.1608719, -0.1715953 51.1608836, -0.1717455 51.1609021, -0.1719494 51.1609408, -0.1720593 51.1609745, -0.1722068 51.1610232, -0.1723141 51.161067, -0.1724134 51.1611191, -0.1725046 51.161178, -0.1726052 51.1612486, -0.1727554 51.1613765, -0.1737468 51.1622279, -0.1738085 51.1621976, -0.1740003 51.1623675, -0.1740741 51.1624197, -0.1741398 51.1624584, -0.1742176 51.1624937, -0.1743866 51.1625694, -0.1745207 51.1626232, -0.1747031 51.1627039, -0.1748846 51.162782, -0.1747076 51.1628854, -0.1748994 51.1630856, -0.1749546 51.1630839, -0.175405 51.16307, -0.1754372 51.163046, -0.1754452 51.1629224, -0.1753932 51.1628749, -0.1753181 51.1627971, -0.1757116 51.1625374, -0.1757461 51.1625823, -0.1757885 51.1626374, -0.1758044 51.1626812, -0.1758966 51.1629358, -0.1759583 51.1631059, -0.1760763 51.1634894, -0.1761514 51.1637165, -0.1761944 51.1638107, -0.1762967 51.1640267, -0.1763293 51.1640902, -0.1763696 51.1641474, -0.1764527 51.1642349, -0.1765864 51.1643429, -0.1766888 51.1644081, -0.1768041 51.164467, -0.176919 51.1645044, -0.1770643 51.164536, -0.1771823 51.1645545, -0.1773374 51.1645649, -0.1779919 51.1644977, -0.1789733 51.1643625, -0.1798963 51.1642353, -0.1814463 51.1640259, -0.1829053 51.1638272))",Number of parked airplanes, Time series of airport throughput at London Gatwick Airport,BLUE,Aerospacelab SPRL,UK5,Archived
"51.153047759076,-0.18539507371961392",GB,,London,London Gatwick Airport,Airports: Throughput (archived),Count of airplanes on Sentinel-2 image,Sentinel-2,Sentinel 2 L2A,E13b2,2020-05-21T11:06:19,111.4285714,Average value for 2019,2019,100,"X in [92.47453303367662, 107.52546696632339] --> Normal, X < 92.47453303367662 --> Low, X > 107.52546696632339 --> High",High,"POLYGON ((-0.1829053 51.1638272, -0.1840378 51.1636708, -0.1845043 51.1635625, -0.1847795 51.1633589, -0.1850788 51.1629977, -0.1853111 51.1627173, -0.1854549 51.1625478, -0.1855991 51.162383, -0.1857488 51.1622034, -0.1862694 51.161903, -0.1868156 51.1615879, -0.187521 51.161181, -0.1878946 51.1609654, -0.1880941 51.16081, -0.1881612 51.1607006, -0.1882095 51.1605408, -0.1884395 51.1604132, -0.1885012 51.1604032, -0.188579 51.1604048, -0.1888499 51.1604267, -0.1888982 51.160457, -0.188933 51.1605108, -0.1889706 51.1606168, -0.1889679 51.1606958, -0.1889572 51.1607244, -0.1888563 51.1609042, -0.1887989 51.1610064, -0.189133 51.1610064, -0.1897949 51.1610157, -0.1898196 51.1610199, -0.1902425 51.1610102, -0.1906994 51.1609997, -0.1910534 51.1610872, -0.1911929 51.1609257, -0.1919187 51.1611346, -0.1925413 51.1613138, -0.1934934 51.1614201, -0.1938662 51.1614657, -0.1939492 51.1614744, -0.1940268 51.1614729, -0.1940988 51.1614698, -0.1941654 51.1614634, -0.194229 51.1614505, -0.1943263 51.1614207, -0.194437 51.1613741, -0.1945073 51.1613356, -0.1945749 51.161287, -0.1946409 51.1612252, -0.1946853 51.1611667, -0.1949747 51.1601824, -0.1951443 51.1595426, -0.1952319 51.1592098, -0.1952852 51.1590076, -0.1954974 51.1587711, -0.195648 51.1588522, -0.1959671 51.1586789, -0.1963212 51.1585343, -0.1965358 51.1584687, -0.196753 51.1584182, -0.1969166 51.1583795, -0.1971044 51.1583475, -0.1973646 51.1583206, -0.1978474 51.1582483, -0.1983731 51.1581575, -0.1985447 51.1581087, -0.19888 51.1580431, -0.1989927 51.1580212, -0.1990678 51.1579892, -0.1993574 51.1578109, -0.1996391 51.1575687, -0.1999556 51.1573332, -0.2002399 51.1571128, -0.2002989 51.1571061, -0.2005296 51.1569412, -0.2005618 51.1568975, -0.2009909 51.1565593, -0.2013959 51.1562262, -0.2015032 51.1561344, -0.2020209 51.1556913, -0.2020665 51.1553515, -0.2020236 51.1549881, -0.2020128 51.1548064, -0.2020262 51.1547256, -0.2021228 51.1544716, -0.2022194 51.1543034, -0.2025681 51.1541301, -0.2025305 51.1539147, -0.2015785 51.1540073, -0.2007656 51.1540863, -0.1992314 51.1542916, -0.1982282 51.1546045, -0.1981746 51.1544127, -0.1985233 51.1542344, -0.1986735 51.1541267, -0.1989001 51.154019, -0.1996337 51.1537499, -0.2000521 51.1535345, -0.2008055 51.1531104, -0.2010009 51.1530253, -0.2012734 51.1529833, -0.2021295 51.1528515, -0.2022844 51.1527896, -0.2023711 51.1517144, -0.2023842 51.1515519, -0.202381 51.1514807, -0.202904 51.1514672, -0.2029872 51.1514807, -0.2031535 51.1515556, -0.2032447 51.1516136, -0.203352 51.1516557, -0.2035102 51.1516817, -0.2036416 51.1516843, -0.2038079 51.1516691, -0.2038135 51.1512229, -0.2038205 51.1506659, -0.2038199 51.1504834, -0.20383 51.1501259, -0.2038354 51.1499341, -0.2038408 51.1498668, -0.2038354 51.1497692, -0.2037997 51.1497322, -0.2037707 51.1497021, -0.2053106 51.1494664, -0.2055306 51.1496514, -0.2060306 51.1498427, -0.2066102 51.1500645, -0.2074856 51.1503129, -0.2075602 51.1503313, -0.2079888 51.1504044, -0.2080317 51.1502092, -0.2090081 51.1502765, -0.2092602 51.1502765, -0.2096679 51.1502765, -0.2110465 51.1503303, -0.2112583 51.1503363, -0.2115733 51.1503451, -0.2124203 51.150369, -0.2132586 51.1503926, -0.2137593 51.1503373, -0.2138811 51.1503238, -0.2142446 51.1502837, -0.2142185 51.1500725, -0.2141705 51.1496725, -0.2141396 51.1493192, -0.2141153 51.1490405, -0.2141279 51.1488651, -0.2141293 51.1488458, -0.2141598 51.1484207, -0.2142196 51.1483955, -0.2142304 51.1483936, -0.2144637 51.1483517, -0.2144369 51.1482709, -0.2144523 51.1482692, -0.2148338 51.1482272, -0.2148456 51.1482232, -0.215145 51.1481229, -0.2151533 51.1481169, -0.2154936 51.1478705, -0.2154925 51.1478615, -0.2153434 51.1466624, -0.2152308 51.1457268, -0.2152294 51.1457172, -0.2151557 51.1452186, -0.2151518 51.1452034, -0.2150371 51.1447522, -0.2150162 51.1446701, -0.214977 51.1445834, -0.2148338 51.1442662, -0.2147769 51.1441909, -0.2144422 51.143748, -0.2143246 51.1436186, -0.2140591 51.1436573, -0.2139183 51.1436742, -0.2130382 51.1437114, -0.2122647 51.143744, -0.2108978 51.1438017, -0.2096823 51.1438458, -0.2084435 51.1438818, -0.2084358 51.1439165, -0.2083788 51.1439127, -0.2083319 51.1439096, -0.2082512 51.1439043, -0.2082209 51.1439023, -0.2081696 51.1438989, -0.2081057 51.1438947, -0.2078175 51.1438756, -0.2074514 51.1438515, -0.206756 51.1438056, -0.2065129 51.1437895, -0.2063818 51.1437809, -0.2059614 51.1437531, -0.2053617 51.1437135, -0.2048131 51.1436773, -0.2040435 51.1437722, -0.2031933 51.143877, -0.2026901 51.143939, -0.2020309 51.1440203, -0.2017429 51.1440558, -0.2009145 51.1441579, -0.2004402 51.1442164, -0.2001639 51.1442551, -0.2000646 51.1442686, -0.2000968 51.1441727, -0.2001129 51.1440986, -0.2001102 51.144033, -0.2000915 51.1439758, -0.2000298 51.1438849, -0.1999869 51.1438193, -0.1999573 51.143774, -0.1999315 51.1437345, -0.1996686 51.1438119, -0.1996203 51.143758, -0.1983758 51.1440071, -0.1983969 51.1440701, -0.1987128 51.1450111, -0.198539 51.1451043, -0.1984687 51.1451575, -0.1984908 51.1452267, -0.1984914 51.145254, -0.1984542 51.1452625, -0.1984723 51.145333, -0.1984348 51.1454088, -0.198298 51.1454727, -0.1981505 51.1454609, -0.1980217 51.1453869, -0.194213 51.145922, -0.1941218 51.1458883, -0.1940216 51.1459012, -0.1939501 51.1459153, -0.1939233 51.145959, -0.1864829 51.1469787, -0.183291 51.147433, -0.1828941 51.1474599, -0.1824274 51.1474902, -0.1820732 51.147487, -0.1819839 51.1474862, -0.1819228 51.1474836, -0.1818158 51.1474767, -0.1801099 51.1473791, -0.178109 51.1470965, -0.1778193 51.1470157, -0.1774009 51.1467869, -0.1768541 51.1464754, -0.1767684 51.1464265, -0.1764085 51.1462215, -0.1761939 51.1461811, -0.1760779 51.1462131, -0.1759894 51.1464033, -0.1763049 51.146528, -0.1765211 51.146622, -0.17654 51.1466326, -0.1777862 51.1473348, -0.1776307 51.1475502, -0.1764918 51.1475632, -0.1764612 51.1475636, -0.1764205 51.1475633, -0.1763191 51.147567, -0.1759999 51.1475771, -0.175324 51.1475468, -0.1752324 51.1466482, -0.1750985 51.1466558, -0.174972 51.146663, -0.1741626 51.1467141, -0.1741286 51.1467162, -0.1739516 51.1465675, -0.1738792 51.1465692, -0.1738094 51.1465742, -0.1737692 51.146273, -0.1737156 51.1462619, -0.1737034 51.1462076, -0.1736988 51.1461101, -0.1736853 51.1460495, -0.1735625 51.1460564, -0.1734761 51.1460613, -0.1728358 51.1460997, -0.172809 51.1461199, -0.1728063 51.1461502, -0.1727392 51.1461553, -0.1727097 51.1461754, -0.1727124 51.1462108, -0.1718239 51.1462598, -0.1718266 51.1463053, -0.1717725 51.1463056, -0.171561 51.1462346, -0.1715047 51.1462682, -0.1714203 51.146278, -0.170513 51.146383, -0.1703072 51.1463646, -0.1703206 51.1464128, -0.1703574 51.1465446, -0.1701224 51.1465676, -0.1700795 51.1465718, -0.1700151 51.1465769, -0.1699658 51.1464234, -0.1686355 51.1465715, -0.1685657 51.1466085, -0.1685657 51.146733, -0.1681396 51.1467569, -0.1679069 51.1467693, -0.1679021 51.1467433, -0.1678908 51.1466835, -0.1678382 51.146686, -0.1677835 51.1466886, -0.1676575 51.146697, -0.1674456 51.1466633, -0.1669011 51.1467761, -0.166436 51.1468441, -0.1661924 51.1468544, -0.1660234 51.1468595, -0.1658625 51.146846, -0.1657954 51.1468309, -0.1656854 51.1467938, -0.1655969 51.1467535, -0.1655513 51.1467215, -0.1654977 51.1466727, -0.1652724 51.1466996, -0.165031 51.146745, -0.1646796 51.1468628, -0.1644302 51.1469571, -0.1641163 51.1471169, -0.1640807 51.1471374, -0.1639259 51.1472263, -0.1638374 51.1472818, -0.1637703 51.1473155, -0.1637232 51.147348, -0.1636928 51.147369, -0.1635297 51.1474816, -0.1632025 51.1477895, -0.1630577 51.1479409, -0.1629611 51.1480621, -0.1627418 51.1483662, -0.1626587 51.1485058, -0.162618 51.1485971, -0.1625568 51.1487347, -0.1624682 51.1489467, -0.1624253 51.1490678, -0.1624012 51.1491906, -0.1623839 51.149306, -0.1623604 51.149462, -0.1623455 51.1495613, -0.1623288 51.1496725, -0.1622586 51.1503043, -0.1622376 51.1504936, -0.1622098 51.1509053, -0.1622001 51.1510488, -0.1621915 51.1514758, -0.1621786 51.1521121, -0.162143 51.1526483, -0.162125 51.1529197, -0.1621124 51.1531314, -0.1620928 51.1534614, -0.1620552 51.1541814, -0.1620767 51.1550394, -0.1621143 51.1551688, -0.1617469 51.1552171, -0.161261 51.1552811, -0.161343 51.1555573, -0.1612685 51.1555672, -0.1613508 51.1557906, -0.1613648 51.1558311, -0.1613824 51.1558741, -0.1614812 51.1561767, -0.1614883 51.1562076, -0.1614979 51.1562364, -0.1615051 51.1562587, -0.1615953 51.1565567, -0.161615 51.1566108, -0.1616299 51.156648, -0.1614662 51.1566738, -0.1613671 51.1566895, -0.1614102 51.1568126, -0.1615089 51.1567985, -0.1615222 51.1567966, -0.1616758 51.156778, -0.1616829 51.1567981, -0.1620179 51.1567578, -0.1620919 51.1571052, -0.1621134 51.1572045, -0.1621321 51.1572495, -0.162168 51.1573069, -0.1624316 51.1576176, -0.1628741 51.1580137, -0.1631857 51.1583591, -0.163379 51.1582911, -0.1634297 51.1582733, -0.1634806 51.1583254, -0.1635235 51.158354, -0.1635745 51.1583675, -0.1635887 51.1583727, -0.1636201 51.1583843, -0.1638803 51.1586333, -0.1639178 51.158672, -0.1646447 51.1592103, -0.1650155 51.159494, -0.1651504 51.1595693, -0.1652979 51.159645, -0.1660081 51.1599884, -0.1664232 51.1601583, -0.1670358 51.1603619, -0.1678976 51.1605818, -0.1689195 51.1607475, -0.1693738 51.1607928, -0.1694526 51.1608007, -0.1695537 51.1608065, -0.1701011 51.160838, -0.1701619 51.16084, -0.1707432 51.1608589, -0.1709151 51.1608645, -0.1713324 51.1608702, -0.1714719 51.1608719, -0.1715953 51.1608836, -0.1717455 51.1609021, -0.1719494 51.1609408, -0.1720593 51.1609745, -0.1722068 51.1610232, -0.1723141 51.161067, -0.1724134 51.1611191, -0.1725046 51.161178, -0.1726052 51.1612486, -0.1727554 51.1613765, -0.1737468 51.1622279, -0.1738085 51.1621976, -0.1740003 51.1623675, -0.1740741 51.1624197, -0.1741398 51.1624584, -0.1742176 51.1624937, -0.1743866 51.1625694, -0.1745207 51.1626232, -0.1747031 51.1627039, -0.1748846 51.162782, -0.1747076 51.1628854, -0.1748994 51.1630856, -0.1749546 51.1630839, -0.175405 51.16307, -0.1754372 51.163046, -0.1754452 51.1629224, -0.1753932 51.1628749, -0.1753181 51.1627971, -0.1757116 51.1625374, -0.1757461 51.1625823, -0.1757885 51.1626374, -0.1758044 51.1626812, -0.1758966 51.1629358, -0.1759583 51.1631059, -0.1760763 51.1634894, -0.1761514 51.1637165, -0.1761944 51.1638107, -0.1762967 51.1640267, -0.1763293 51.1640902, -0.1763696 51.1641474, -0.1764527 51.1642349, -0.1765864 51.1643429, -0.1766888 51.1644081, -0.1768041 51.164467, -0.176919 51.1645044, -0.1770643 51.164536, -0.1771823 51.1645545, -0.1773374 51.1645649, -0.1779919 51.1644977, -0.1789733 51.1643625, -0.1798963 51.1642353, -0.1814463 51.1640259, -0.1829053 51.1638272))",Number of parked airplanes, Time series of airport throughput at London Gatwick Airport,RED,Aerospacelab SPRL,UK5,Archived
"51.153047759076,-0.18539507371961392",GB,,London,London Gatwick Airport,Airports: Throughput (archived),Count of airplanes on Sentinel-2 image,Sentinel-2,Sentinel 2 L2A,E13b2,2020-05-28T10:56:19,111.4285714,Average value for 2019,2019,100,"X in [92.47453303367662, 107.52546696632339] --> Normal, X < 92.47453303367662 --> Low, X > 107.52546696632339 --> High",High,"POLYGON ((-0.1829053 51.1638272, -0.1840378 51.1636708, -0.1845043 51.1635625, -0.1847795 51.1633589, -0.1850788 51.1629977, -0.1853111 51.1627173, -0.1854549 51.1625478, -0.1855991 51.162383, -0.1857488 51.1622034, -0.1862694 51.161903, -0.1868156 51.1615879, -0.187521 51.161181, -0.1878946 51.1609654, -0.1880941 51.16081, -0.1881612 51.1607006, -0.1882095 51.1605408, -0.1884395 51.1604132, -0.1885012 51.1604032, -0.188579 51.1604048, -0.1888499 51.1604267, -0.1888982 51.160457, -0.188933 51.1605108, -0.1889706 51.1606168, -0.1889679 51.1606958, -0.1889572 51.1607244, -0.1888563 51.1609042, -0.1887989 51.1610064, -0.189133 51.1610064, -0.1897949 51.1610157, -0.1898196 51.1610199, -0.1902425 51.1610102, -0.1906994 51.1609997, -0.1910534 51.1610872, -0.1911929 51.1609257, -0.1919187 51.1611346, -0.1925413 51.1613138, -0.1934934 51.1614201, -0.1938662 51.1614657, -0.1939492 51.1614744, -0.1940268 51.1614729, -0.1940988 51.1614698, -0.1941654 51.1614634, -0.194229 51.1614505, -0.1943263 51.1614207, -0.194437 51.1613741, -0.1945073 51.1613356, -0.1945749 51.161287, -0.1946409 51.1612252, -0.1946853 51.1611667, -0.1949747 51.1601824, -0.1951443 51.1595426, -0.1952319 51.1592098, -0.1952852 51.1590076, -0.1954974 51.1587711, -0.195648 51.1588522, -0.1959671 51.1586789, -0.1963212 51.1585343, -0.1965358 51.1584687, -0.196753 51.1584182, -0.1969166 51.1583795, -0.1971044 51.1583475, -0.1973646 51.1583206, -0.1978474 51.1582483, -0.1983731 51.1581575, -0.1985447 51.1581087, -0.19888 51.1580431, -0.1989927 51.1580212, -0.1990678 51.1579892, -0.1993574 51.1578109, -0.1996391 51.1575687, -0.1999556 51.1573332, -0.2002399 51.1571128, -0.2002989 51.1571061, -0.2005296 51.1569412, -0.2005618 51.1568975, -0.2009909 51.1565593, -0.2013959 51.1562262, -0.2015032 51.1561344, -0.2020209 51.1556913, -0.2020665 51.1553515, -0.2020236 51.1549881, -0.2020128 51.1548064, -0.2020262 51.1547256, -0.2021228 51.1544716, -0.2022194 51.1543034, -0.2025681 51.1541301, -0.2025305 51.1539147, -0.2015785 51.1540073, -0.2007656 51.1540863, -0.1992314 51.1542916, -0.1982282 51.1546045, -0.1981746 51.1544127, -0.1985233 51.1542344, -0.1986735 51.1541267, -0.1989001 51.154019, -0.1996337 51.1537499, -0.2000521 51.1535345, -0.2008055 51.1531104, -0.2010009 51.1530253, -0.2012734 51.1529833, -0.2021295 51.1528515, -0.2022844 51.1527896, -0.2023711 51.1517144, -0.2023842 51.1515519, -0.202381 51.1514807, -0.202904 51.1514672, -0.2029872 51.1514807, -0.2031535 51.1515556, -0.2032447 51.1516136, -0.203352 51.1516557, -0.2035102 51.1516817, -0.2036416 51.1516843, -0.2038079 51.1516691, -0.2038135 51.1512229, -0.2038205 51.1506659, -0.2038199 51.1504834, -0.20383 51.1501259, -0.2038354 51.1499341, -0.2038408 51.1498668, -0.2038354 51.1497692, -0.2037997 51.1497322, -0.2037707 51.1497021, -0.2053106 51.1494664, -0.2055306 51.1496514, -0.2060306 51.1498427, -0.2066102 51.1500645, -0.2074856 51.1503129, -0.2075602 51.1503313, -0.2079888 51.1504044, -0.2080317 51.1502092, -0.2090081 51.1502765, -0.2092602 51.1502765, -0.2096679 51.1502765, -0.2110465 51.1503303, -0.2112583 51.1503363, -0.2115733 51.1503451, -0.2124203 51.150369, -0.2132586 51.1503926, -0.2137593 51.1503373, -0.2138811 51.1503238, -0.2142446 51.1502837, -0.2142185 51.1500725, -0.2141705 51.1496725, -0.2141396 51.1493192, -0.2141153 51.1490405, -0.2141279 51.1488651, -0.2141293 51.1488458, -0.2141598 51.1484207, -0.2142196 51.1483955, -0.2142304 51.1483936, -0.2144637 51.1483517, -0.2144369 51.1482709, -0.2144523 51.1482692, -0.2148338 51.1482272, -0.2148456 51.1482232, -0.215145 51.1481229, -0.2151533 51.1481169, -0.2154936 51.1478705, -0.2154925 51.1478615, -0.2153434 51.1466624, -0.2152308 51.1457268, -0.2152294 51.1457172, -0.2151557 51.1452186, -0.2151518 51.1452034, -0.2150371 51.1447522, -0.2150162 51.1446701, -0.214977 51.1445834, -0.2148338 51.1442662, -0.2147769 51.1441909, -0.2144422 51.143748, -0.2143246 51.1436186, -0.2140591 51.1436573, -0.2139183 51.1436742, -0.2130382 51.1437114, -0.2122647 51.143744, -0.2108978 51.1438017, -0.2096823 51.1438458, -0.2084435 51.1438818, -0.2084358 51.1439165, -0.2083788 51.1439127, -0.2083319 51.1439096, -0.2082512 51.1439043, -0.2082209 51.1439023, -0.2081696 51.1438989, -0.2081057 51.1438947, -0.2078175 51.1438756, -0.2074514 51.1438515, -0.206756 51.1438056, -0.2065129 51.1437895, -0.2063818 51.1437809, -0.2059614 51.1437531, -0.2053617 51.1437135, -0.2048131 51.1436773, -0.2040435 51.1437722, -0.2031933 51.143877, -0.2026901 51.143939, -0.2020309 51.1440203, -0.2017429 51.1440558, -0.2009145 51.1441579, -0.2004402 51.1442164, -0.2001639 51.1442551, -0.2000646 51.1442686, -0.2000968 51.1441727, -0.2001129 51.1440986, -0.2001102 51.144033, -0.2000915 51.1439758, -0.2000298 51.1438849, -0.1999869 51.1438193, -0.1999573 51.143774, -0.1999315 51.1437345, -0.1996686 51.1438119, -0.1996203 51.143758, -0.1983758 51.1440071, -0.1983969 51.1440701, -0.1987128 51.1450111, -0.198539 51.1451043, -0.1984687 51.1451575, -0.1984908 51.1452267, -0.1984914 51.145254, -0.1984542 51.1452625, -0.1984723 51.145333, -0.1984348 51.1454088, -0.198298 51.1454727, -0.1981505 51.1454609, -0.1980217 51.1453869, -0.194213 51.145922, -0.1941218 51.1458883, -0.1940216 51.1459012, -0.1939501 51.1459153, -0.1939233 51.145959, -0.1864829 51.1469787, -0.183291 51.147433, -0.1828941 51.1474599, -0.1824274 51.1474902, -0.1820732 51.147487, -0.1819839 51.1474862, -0.1819228 51.1474836, -0.1818158 51.1474767, -0.1801099 51.1473791, -0.178109 51.1470965, -0.1778193 51.1470157, -0.1774009 51.1467869, -0.1768541 51.1464754, -0.1767684 51.1464265, -0.1764085 51.1462215, -0.1761939 51.1461811, -0.1760779 51.1462131, -0.1759894 51.1464033, -0.1763049 51.146528, -0.1765211 51.146622, -0.17654 51.1466326, -0.1777862 51.1473348, -0.1776307 51.1475502, -0.1764918 51.1475632, -0.1764612 51.1475636, -0.1764205 51.1475633, -0.1763191 51.147567, -0.1759999 51.1475771, -0.175324 51.1475468, -0.1752324 51.1466482, -0.1750985 51.1466558, -0.174972 51.146663, -0.1741626 51.1467141, -0.1741286 51.1467162, -0.1739516 51.1465675, -0.1738792 51.1465692, -0.1738094 51.1465742, -0.1737692 51.146273, -0.1737156 51.1462619, -0.1737034 51.1462076, -0.1736988 51.1461101, -0.1736853 51.1460495, -0.1735625 51.1460564, -0.1734761 51.1460613, -0.1728358 51.1460997, -0.172809 51.1461199, -0.1728063 51.1461502, -0.1727392 51.1461553, -0.1727097 51.1461754, -0.1727124 51.1462108, -0.1718239 51.1462598, -0.1718266 51.1463053, -0.1717725 51.1463056, -0.171561 51.1462346, -0.1715047 51.1462682, -0.1714203 51.146278, -0.170513 51.146383, -0.1703072 51.1463646, -0.1703206 51.1464128, -0.1703574 51.1465446, -0.1701224 51.1465676, -0.1700795 51.1465718, -0.1700151 51.1465769, -0.1699658 51.1464234, -0.1686355 51.1465715, -0.1685657 51.1466085, -0.1685657 51.146733, -0.1681396 51.1467569, -0.1679069 51.1467693, -0.1679021 51.1467433, -0.1678908 51.1466835, -0.1678382 51.146686, -0.1677835 51.1466886, -0.1676575 51.146697, -0.1674456 51.1466633, -0.1669011 51.1467761, -0.166436 51.1468441, -0.1661924 51.1468544, -0.1660234 51.1468595, -0.1658625 51.146846, -0.1657954 51.1468309, -0.1656854 51.1467938, -0.1655969 51.1467535, -0.1655513 51.1467215, -0.1654977 51.1466727, -0.1652724 51.1466996, -0.165031 51.146745, -0.1646796 51.1468628, -0.1644302 51.1469571, -0.1641163 51.1471169, -0.1640807 51.1471374, -0.1639259 51.1472263, -0.1638374 51.1472818, -0.1637703 51.1473155, -0.1637232 51.147348, -0.1636928 51.147369, -0.1635297 51.1474816, -0.1632025 51.1477895, -0.1630577 51.1479409, -0.1629611 51.1480621, -0.1627418 51.1483662, -0.1626587 51.1485058, -0.162618 51.1485971, -0.1625568 51.1487347, -0.1624682 51.1489467, -0.1624253 51.1490678, -0.1624012 51.1491906, -0.1623839 51.149306, -0.1623604 51.149462, -0.1623455 51.1495613, -0.1623288 51.1496725, -0.1622586 51.1503043, -0.1622376 51.1504936, -0.1622098 51.1509053, -0.1622001 51.1510488, -0.1621915 51.1514758, -0.1621786 51.1521121, -0.162143 51.1526483, -0.162125 51.1529197, -0.1621124 51.1531314, -0.1620928 51.1534614, -0.1620552 51.1541814, -0.1620767 51.1550394, -0.1621143 51.1551688, -0.1617469 51.1552171, -0.161261 51.1552811, -0.161343 51.1555573, -0.1612685 51.1555672, -0.1613508 51.1557906, -0.1613648 51.1558311, -0.1613824 51.1558741, -0.1614812 51.1561767, -0.1614883 51.1562076, -0.1614979 51.1562364, -0.1615051 51.1562587, -0.1615953 51.1565567, -0.161615 51.1566108, -0.1616299 51.156648, -0.1614662 51.1566738, -0.1613671 51.1566895, -0.1614102 51.1568126, -0.1615089 51.1567985, -0.1615222 51.1567966, -0.1616758 51.156778, -0.1616829 51.1567981, -0.1620179 51.1567578, -0.1620919 51.1571052, -0.1621134 51.1572045, -0.1621321 51.1572495, -0.162168 51.1573069, -0.1624316 51.1576176, -0.1628741 51.1580137, -0.1631857 51.1583591, -0.163379 51.1582911, -0.1634297 51.1582733, -0.1634806 51.1583254, -0.1635235 51.158354, -0.1635745 51.1583675, -0.1635887 51.1583727, -0.1636201 51.1583843, -0.1638803 51.1586333, -0.1639178 51.158672, -0.1646447 51.1592103, -0.1650155 51.159494, -0.1651504 51.1595693, -0.1652979 51.159645, -0.1660081 51.1599884, -0.1664232 51.1601583, -0.1670358 51.1603619, -0.1678976 51.1605818, -0.1689195 51.1607475, -0.1693738 51.1607928, -0.1694526 51.1608007, -0.1695537 51.1608065, -0.1701011 51.160838, -0.1701619 51.16084, -0.1707432 51.1608589, -0.1709151 51.1608645, -0.1713324 51.1608702, -0.1714719 51.1608719, -0.1715953 51.1608836, -0.1717455 51.1609021, -0.1719494 51.1609408, -0.1720593 51.1609745, -0.1722068 51.1610232, -0.1723141 51.161067, -0.1724134 51.1611191, -0.1725046 51.161178, -0.1726052 51.1612486, -0.1727554 51.1613765, -0.1737468 51.1622279, -0.1738085 51.1621976, -0.1740003 51.1623675, -0.1740741 51.1624197, -0.1741398 51.1624584, -0.1742176 51.1624937, -0.1743866 51.1625694, -0.1745207 51.1626232, -0.1747031 51.1627039, -0.1748846 51.162782, -0.1747076 51.1628854, -0.1748994 51.1630856, -0.1749546 51.1630839, -0.175405 51.16307, -0.1754372 51.163046, -0.1754452 51.1629224, -0.1753932 51.1628749, -0.1753181 51.1627971, -0.1757116 51.1625374, -0.1757461 51.1625823, -0.1757885 51.1626374, -0.1758044 51.1626812, -0.1758966 51.1629358, -0.1759583 51.1631059, -0.1760763 51.1634894, -0.1761514 51.1637165, -0.1761944 51.1638107, -0.1762967 51.1640267, -0.1763293 51.1640902, -0.1763696 51.1641474, -0.1764527 51.1642349, -0.1765864 51.1643429, -0.1766888 51.1644081, -0.1768041 51.164467, -0.176919 51.1645044, -0.1770643 51.164536, -0.1771823 51.1645545, -0.1773374 51.1645649, -0.1779919 51.1644977, -0.1789733 51.1643625, -0.1798963 51.1642353, -0.1814463 51.1640259, -0.1829053 51.1638272))",Number of parked airplanes, Time series of airport throughput at London Gatwick Airport,RED,Aerospacelab SPRL,UK5,Archived
"51.153047759076,-0.18539507371961392",GB,,London,London Gatwick Airport,Airports: Throughput (archived),Count of airplanes on Sentinel-2 image,Sentinel-2,Sentinel 2 L2A,E13b2,2020-05-31T11:06:19,109.2857143,Average value for 2019,2019,100,"X in [92.47453303367662, 107.52546696632339] --> Normal, X < 92.47453303367662 --> Low, X > 107.52546696632339 --> High",High,"POLYGON ((-0.1829053 51.1638272, -0.1840378 51.1636708, -0.1845043 51.1635625, -0.1847795 51.1633589, -0.1850788 51.1629977, -0.1853111 51.1627173, -0.1854549 51.1625478, -0.1855991 51.162383, -0.1857488 51.1622034, -0.1862694 51.161903, -0.1868156 51.1615879, -0.187521 51.161181, -0.1878946 51.1609654, -0.1880941 51.16081, -0.1881612 51.1607006, -0.1882095 51.1605408, -0.1884395 51.1604132, -0.1885012 51.1604032, -0.188579 51.1604048, -0.1888499 51.1604267, -0.1888982 51.160457, -0.188933 51.1605108, -0.1889706 51.1606168, -0.1889679 51.1606958, -0.1889572 51.1607244, -0.1888563 51.1609042, -0.1887989 51.1610064, -0.189133 51.1610064, -0.1897949 51.1610157, -0.1898196 51.1610199, -0.1902425 51.1610102, -0.1906994 51.1609997, -0.1910534 51.1610872, -0.1911929 51.1609257, -0.1919187 51.1611346, -0.1925413 51.1613138, -0.1934934 51.1614201, -0.1938662 51.1614657, -0.1939492 51.1614744, -0.1940268 51.1614729, -0.1940988 51.1614698, -0.1941654 51.1614634, -0.194229 51.1614505, -0.1943263 51.1614207, -0.194437 51.1613741, -0.1945073 51.1613356, -0.1945749 51.161287, -0.1946409 51.1612252, -0.1946853 51.1611667, -0.1949747 51.1601824, -0.1951443 51.1595426, -0.1952319 51.1592098, -0.1952852 51.1590076, -0.1954974 51.1587711, -0.195648 51.1588522, -0.1959671 51.1586789, -0.1963212 51.1585343, -0.1965358 51.1584687, -0.196753 51.1584182, -0.1969166 51.1583795, -0.1971044 51.1583475, -0.1973646 51.1583206, -0.1978474 51.1582483, -0.1983731 51.1581575, -0.1985447 51.1581087, -0.19888 51.1580431, -0.1989927 51.1580212, -0.1990678 51.1579892, -0.1993574 51.1578109, -0.1996391 51.1575687, -0.1999556 51.1573332, -0.2002399 51.1571128, -0.2002989 51.1571061, -0.2005296 51.1569412, -0.2005618 51.1568975, -0.2009909 51.1565593, -0.2013959 51.1562262, -0.2015032 51.1561344, -0.2020209 51.1556913, -0.2020665 51.1553515, -0.2020236 51.1549881, -0.2020128 51.1548064, -0.2020262 51.1547256, -0.2021228 51.1544716, -0.2022194 51.1543034, -0.2025681 51.1541301, -0.2025305 51.1539147, -0.2015785 51.1540073, -0.2007656 51.1540863, -0.1992314 51.1542916, -0.1982282 51.1546045, -0.1981746 51.1544127, -0.1985233 51.1542344, -0.1986735 51.1541267, -0.1989001 51.154019, -0.1996337 51.1537499, -0.2000521 51.1535345, -0.2008055 51.1531104, -0.2010009 51.1530253, -0.2012734 51.1529833, -0.2021295 51.1528515, -0.2022844 51.1527896, -0.2023711 51.1517144, -0.2023842 51.1515519, -0.202381 51.1514807, -0.202904 51.1514672, -0.2029872 51.1514807, -0.2031535 51.1515556, -0.2032447 51.1516136, -0.203352 51.1516557, -0.2035102 51.1516817, -0.2036416 51.1516843, -0.2038079 51.1516691, -0.2038135 51.1512229, -0.2038205 51.1506659, -0.2038199 51.1504834, -0.20383 51.1501259, -0.2038354 51.1499341, -0.2038408 51.1498668, -0.2038354 51.1497692, -0.2037997 51.1497322, -0.2037707 51.1497021, -0.2053106 51.1494664, -0.2055306 51.1496514, -0.2060306 51.1498427, -0.2066102 51.1500645, -0.2074856 51.1503129, -0.2075602 51.1503313, -0.2079888 51.1504044, -0.2080317 51.1502092, -0.2090081 51.1502765, -0.2092602 51.1502765, -0.2096679 51.1502765, -0.2110465 51.1503303, -0.2112583 51.1503363, -0.2115733 51.1503451, -0.2124203 51.150369, -0.2132586 51.1503926, -0.2137593 51.1503373, -0.2138811 51.1503238, -0.2142446 51.1502837, -0.2142185 51.1500725, -0.2141705 51.1496725, -0.2141396 51.1493192, -0.2141153 51.1490405, -0.2141279 51.1488651, -0.2141293 51.1488458, -0.2141598 51.1484207, -0.2142196 51.1483955, -0.2142304 51.1483936, -0.2144637 51.1483517, -0.2144369 51.1482709, -0.2144523 51.1482692, -0.2148338 51.1482272, -0.2148456 51.1482232, -0.215145 51.1481229, -0.2151533 51.1481169, -0.2154936 51.1478705, -0.2154925 51.1478615, -0.2153434 51.1466624, -0.2152308 51.1457268, -0.2152294 51.1457172, -0.2151557 51.1452186, -0.2151518 51.1452034, -0.2150371 51.1447522, -0.2150162 51.1446701, -0.214977 51.1445834, -0.2148338 51.1442662, -0.2147769 51.1441909, -0.2144422 51.143748, -0.2143246 51.1436186, -0.2140591 51.1436573, -0.2139183 51.1436742, -0.2130382 51.1437114, -0.2122647 51.143744, -0.2108978 51.1438017, -0.2096823 51.1438458, -0.2084435 51.1438818, -0.2084358 51.1439165, -0.2083788 51.1439127, -0.2083319 51.1439096, -0.2082512 51.1439043, -0.2082209 51.1439023, -0.2081696 51.1438989, -0.2081057 51.1438947, -0.2078175 51.1438756, -0.2074514 51.1438515, -0.206756 51.1438056, -0.2065129 51.1437895, -0.2063818 51.1437809, -0.2059614 51.1437531, -0.2053617 51.1437135, -0.2048131 51.1436773, -0.2040435 51.1437722, -0.2031933 51.143877, -0.2026901 51.143939, -0.2020309 51.1440203, -0.2017429 51.1440558, -0.2009145 51.1441579, -0.2004402 51.1442164, -0.2001639 51.1442551, -0.2000646 51.1442686, -0.2000968 51.1441727, -0.2001129 51.1440986, -0.2001102 51.144033, -0.2000915 51.1439758, -0.2000298 51.1438849, -0.1999869 51.1438193, -0.1999573 51.143774, -0.1999315 51.1437345, -0.1996686 51.1438119, -0.1996203 51.143758, -0.1983758 51.1440071, -0.1983969 51.1440701, -0.1987128 51.1450111, -0.198539 51.1451043, -0.1984687 51.1451575, -0.1984908 51.1452267, -0.1984914 51.145254, -0.1984542 51.1452625, -0.1984723 51.145333, -0.1984348 51.1454088, -0.198298 51.1454727, -0.1981505 51.1454609, -0.1980217 51.1453869, -0.194213 51.145922, -0.1941218 51.1458883, -0.1940216 51.1459012, -0.1939501 51.1459153, -0.1939233 51.145959, -0.1864829 51.1469787, -0.183291 51.147433, -0.1828941 51.1474599, -0.1824274 51.1474902, -0.1820732 51.147487, -0.1819839 51.1474862, -0.1819228 51.1474836, -0.1818158 51.1474767, -0.1801099 51.1473791, -0.178109 51.1470965, -0.1778193 51.1470157, -0.1774009 51.1467869, -0.1768541 51.1464754, -0.1767684 51.1464265, -0.1764085 51.1462215, -0.1761939 51.1461811, -0.1760779 51.1462131, -0.1759894 51.1464033, -0.1763049 51.146528, -0.1765211 51.146622, -0.17654 51.1466326, -0.1777862 51.1473348, -0.1776307 51.1475502, -0.1764918 51.1475632, -0.1764612 51.1475636, -0.1764205 51.1475633, -0.1763191 51.147567, -0.1759999 51.1475771, -0.175324 51.1475468, -0.1752324 51.1466482, -0.1750985 51.1466558, -0.174972 51.146663, -0.1741626 51.1467141, -0.1741286 51.1467162, -0.1739516 51.1465675, -0.1738792 51.1465692, -0.1738094 51.1465742, -0.1737692 51.146273, -0.1737156 51.1462619, -0.1737034 51.1462076, -0.1736988 51.1461101, -0.1736853 51.1460495, -0.1735625 51.1460564, -0.1734761 51.1460613, -0.1728358 51.1460997, -0.172809 51.1461199, -0.1728063 51.1461502, -0.1727392 51.1461553, -0.1727097 51.1461754, -0.1727124 51.1462108, -0.1718239 51.1462598, -0.1718266 51.1463053, -0.1717725 51.1463056, -0.171561 51.1462346, -0.1715047 51.1462682, -0.1714203 51.146278, -0.170513 51.146383, -0.1703072 51.1463646, -0.1703206 51.1464128, -0.1703574 51.1465446, -0.1701224 51.1465676, -0.1700795 51.1465718, -0.1700151 51.1465769, -0.1699658 51.1464234, -0.1686355 51.1465715, -0.1685657 51.1466085, -0.1685657 51.146733, -0.1681396 51.1467569, -0.1679069 51.1467693, -0.1679021 51.1467433, -0.1678908 51.1466835, -0.1678382 51.146686, -0.1677835 51.1466886, -0.1676575 51.146697, -0.1674456 51.1466633, -0.1669011 51.1467761, -0.166436 51.1468441, -0.1661924 51.1468544, -0.1660234 51.1468595, -0.1658625 51.146846, -0.1657954 51.1468309, -0.1656854 51.1467938, -0.1655969 51.1467535, -0.1655513 51.1467215, -0.1654977 51.1466727, -0.1652724 51.1466996, -0.165031 51.146745, -0.1646796 51.1468628, -0.1644302 51.1469571, -0.1641163 51.1471169, -0.1640807 51.1471374, -0.1639259 51.1472263, -0.1638374 51.1472818, -0.1637703 51.1473155, -0.1637232 51.147348, -0.1636928 51.147369, -0.1635297 51.1474816, -0.1632025 51.1477895, -0.1630577 51.1479409, -0.1629611 51.1480621, -0.1627418 51.1483662, -0.1626587 51.1485058, -0.162618 51.1485971, -0.1625568 51.1487347, -0.1624682 51.1489467, -0.1624253 51.1490678, -0.1624012 51.1491906, -0.1623839 51.149306, -0.1623604 51.149462, -0.1623455 51.1495613, -0.1623288 51.1496725, -0.1622586 51.1503043, -0.1622376 51.1504936, -0.1622098 51.1509053, -0.1622001 51.1510488, -0.1621915 51.1514758, -0.1621786 51.1521121, -0.162143 51.1526483, -0.162125 51.1529197, -0.1621124 51.1531314, -0.1620928 51.1534614, -0.1620552 51.1541814, -0.1620767 51.1550394, -0.1621143 51.1551688, -0.1617469 51.1552171, -0.161261 51.1552811, -0.161343 51.1555573, -0.1612685 51.1555672, -0.1613508 51.1557906, -0.1613648 51.1558311, -0.1613824 51.1558741, -0.1614812 51.1561767, -0.1614883 51.1562076, -0.1614979 51.1562364, -0.1615051 51.1562587, -0.1615953 51.1565567, -0.161615 51.1566108, -0.1616299 51.156648, -0.1614662 51.1566738, -0.1613671 51.1566895, -0.1614102 51.1568126, -0.1615089 51.1567985, -0.1615222 51.1567966, -0.1616758 51.156778, -0.1616829 51.1567981, -0.1620179 51.1567578, -0.1620919 51.1571052, -0.1621134 51.1572045, -0.1621321 51.1572495, -0.162168 51.1573069, -0.1624316 51.1576176, -0.1628741 51.1580137, -0.1631857 51.1583591, -0.163379 51.1582911, -0.1634297 51.1582733, -0.1634806 51.1583254, -0.1635235 51.158354, -0.1635745 51.1583675, -0.1635887 51.1583727, -0.1636201 51.1583843, -0.1638803 51.1586333, -0.1639178 51.158672, -0.1646447 51.1592103, -0.1650155 51.159494, -0.1651504 51.1595693, -0.1652979 51.159645, -0.1660081 51.1599884, -0.1664232 51.1601583, -0.1670358 51.1603619, -0.1678976 51.1605818, -0.1689195 51.1607475, -0.1693738 51.1607928, -0.1694526 51.1608007, -0.1695537 51.1608065, -0.1701011 51.160838, -0.1701619 51.16084, -0.1707432 51.1608589, -0.1709151 51.1608645, -0.1713324 51.1608702, -0.1714719 51.1608719, -0.1715953 51.1608836, -0.1717455 51.1609021, -0.1719494 51.1609408, -0.1720593 51.1609745, -0.1722068 51.1610232, -0.1723141 51.161067, -0.1724134 51.1611191, -0.1725046 51.161178, -0.1726052 51.1612486, -0.1727554 51.1613765, -0.1737468 51.1622279, -0.1738085 51.1621976, -0.1740003 51.1623675, -0.1740741 51.1624197, -0.1741398 51.1624584, -0.1742176 51.1624937, -0.1743866 51.1625694, -0.1745207 51.1626232, -0.1747031 51.1627039, -0.1748846 51.162782, -0.1747076 51.1628854, -0.1748994 51.1630856, -0.1749546 51.1630839, -0.175405 51.16307, -0.1754372 51.163046, -0.1754452 51.1629224, -0.1753932 51.1628749, -0.1753181 51.1627971, -0.1757116 51.1625374, -0.1757461 51.1625823, -0.1757885 51.1626374, -0.1758044 51.1626812, -0.1758966 51.1629358, -0.1759583 51.1631059, -0.1760763 51.1634894, -0.1761514 51.1637165, -0.1761944 51.1638107, -0.1762967 51.1640267, -0.1763293 51.1640902, -0.1763696 51.1641474, -0.1764527 51.1642349, -0.1765864 51.1643429, -0.1766888 51.1644081, -0.1768041 51.164467, -0.176919 51.1645044, -0.1770643 51.164536, -0.1771823 51.1645545, -0.1773374 51.1645649, -0.1779919 51.1644977, -0.1789733 51.1643625, -0.1798963 51.1642353, -0.1814463 51.1640259, -0.1829053 51.1638272))",Number of parked airplanes, Time series of airport throughput at London Gatwick Airport,RED,Aerospacelab SPRL,UK5,Archived